-10 -10
-10 -8.75
-10 -7.5
-10 -6.25
-10 -5
-10 -3.75
-10 -2.5
-10 -1.25
-10 0
-10 1.25
-10 2.5
-10 3.75
-10 5
-10 6.25
-10 7.5
-10 8.75
-10 10
-9.364 6.8892
-9.3162 1.9254
-9.2948 -6.9474
-9.2766 -1.7803
-9.2338 -9.161
-9.1113 2.9055
-9.0778 -8.0573
-9.067 5.3408
-9.0168 0.97813
-8.9371 -0.15565
-8.9256 -5.9099
-8.9176 -4.5738
-8.9099 7.6224
-8.8829 8.8822
-8.8438 4.1493
-8.7792 -3.3483
-8.75 -10
-8.75 10
-8.6161 6.2891
-8.5921 -2.2489
-8.4788 -1.1586
-8.4576 2.0435
-8.4329 -7.0879
-8.3869 0.50717
-8.3433 -8.9568
-8.1544 -8.0017
-8.1067 3.0743
-8.0743 -5.2444
-7.9731 8.0204
-7.9276 1.1848
-7.921 5.0421
-7.7635 3.969
-7.7528 -6.2516
-7.7414 -4.1985
-7.7177 8.9409
-7.7018 -1.8104
-7.6924 0.07098
-7.677 6.984
-7.5 -10
-7.5 10
-7.496 5.9811
-7.473 -7.3739
-7.4451 -2.8552
-7.4328 2.1945
-7.4062 -8.5228
-7.1785 -0.97068
-7.082 3.2555
-7.0348 -5.2795
-6.8876 4.3331
-6.8789 5.2998
-6.7687 -1.8687
-6.7584 7.779
-6.7144 1.1947
-6.5775 -7.825
-6.5599 -6.5807
-6.5288 8.9805
-6.4591 -8.9376
-6.4311 6.2957
-6.3938 -0.047557
-6.3667 2.4364
-6.3346 -2.6806
-6.25 -10
-6.25 10
-6.2057 -3.9352
-6.0572 -1.0842
-6.008 3.575
-5.8577 -1.9507
-5.8456 -7.2969
-5.8416 -5.4551
-5.7931 4.9212
-5.7137 1.7377
-5.6775 8.1674
-5.6559 -8.1711
-5.515 0.78552
-5.4528 7.1625
-5.3902 -9.1049
-5.3718 -6.5227
-5.3498 9.0513
-5.3454 -2.7232
-5.2528 2.6486
-5.2257 -0.31109
-5.0972 6.0196
-5.0927 -4.694
-5 -10
-5 10
-4.9795 -7.4405
-4.904 -1.5145
-4.7343 1.6323
-4.7252 -3.7007
-4.7071 -8.3323
-4.7031 3.8822
-4.6968 -5.6785
-4.6198 5.0761
-4.4948 6.7953
-4.3753 7.9713
-4.3521 9.1804
-4.3293 -6.6967
-4.3157 0.52655
-4.2966 -9.1731
-4.161 -0.56409
-4.0613 -2.5935
-4.0378 -7.6208
-3.9939 2.6403
-3.8868 -4.7036
-3.862 5.8934
-3.8291 -8.4328
-3.75 -10
-3.75 10
-3.6813 -3.6082
-3.6744 4.6524
-3.648 6.9461
-3.6167 1.4631
-3.6038 -1.4407
-3.5902 3.6595
-3.5804 -5.9368
-3.4973 -0.0024038
-3.427 0.67549
-3.3825 -0.66909
-3.3219 8.9033
-3.3094 -6.9552
-3.1051 -7.9217
-3.0942 -2.2002
-3.0892 -9.0074
-3.0693 2.1854
-3.0509 -3.0143
-2.9688 3.0163
-2.8891 1.5841
-2.8497 1.0125
-2.8374 6.417
-2.8283 0.33526
-2.8194 -0.98335
-2.8167 -0.32267
-2.8119 7.6129
-2.7774 -1.5949
-2.7261 5.3213
-2.7087 -5.2523
-2.6493 -4.0234
-2.5751 -2.5571
-2.5639 4.0515
-2.5338 -6.2676
-2.5 -10
-2.5 10
-2.4607 2.484
-2.4525 1.9049
-2.4516 0.66037
-2.4474 -2.049
-2.4457 0.0058916
-2.4401 -0.63872
-2.4301 1.3978
-2.4236 -1.2836
-2.2982 -7.2378
-2.2727 0.32841
-2.2699 0.99449
-2.2659 -0.31368
-2.2604 -0.95707
-2.2504 -1.6243
-2.2242 -3.0758
-2.1843 -8.26
-2.1771 2.1889
-2.1603 8.6779
-2.145 3.0937
-2.1336 1.6279
-2.0599 -2.4387
-2.0351 -9.1812
-2.0051 0.64378
-2.0016 0.0076448
-1.996 -0.62695
-1.9903 -1.2792
-1.9859 6.802
-1.9829 5.9424
-1.9709 1.2977
-1.9654 -5.6968
-1.9437 -1.9396
-1.9342 1.9389
-1.9245 -1.601
-1.9182 0.32227
-1.9097 0.96202
-1.9092 -0.30706
-1.9064 -0.94516
-1.888 2.4605
-1.86 1.6047
-1.7702 0.4791
-1.7677 0.79225
-1.7676 0.16512
-1.7641 9.3698
-1.7602 -0.1449
-1.7593 -0.77861
-1.7579 1.1143
-1.7564 -0.46291
-1.7556 -1.1043
-1.7537 1.754
-1.7323 1.4374
-1.7313 -1.4699
-1.7052 -1.7033
-1.6859 0.63339
-1.6769 0.014105
-1.6744 0.32226
-1.6727 1.2677
-1.6706 -1.2696
-1.6702 0.94914
-1.6699 -0.62025
-1.6607 -0.93617
-1.6589 -0.30111
-1.6294 -2.2465
-1.6204 2.1339
-1.6177 1.6145
-1.6057 -2.768
-1.6035 -1.9224
-1.6024 1.8582
-1.5728 0.47547
-1.5706 1.1027
-1.5704 0.17433
-1.5702 -1.5688
-1.5695 0.78881
-1.5639 -0.77446
-1.5576 -0.13865
-1.5575 -1.0964
-1.5547 2.8937
-1.5534 -0.4573
-1.5505 1.4123
-1.5409 -4.8866
-1.5387 -1.4126
-1.4806 0.32578
-1.4785 1.2503
-1.4722 0.94584
-1.4717 -1.7299
-1.4654 0.63043
-1.4643 -1.2542
-1.4607 -3.5829
-1.4562 4.9576
-1.4405 -0.91914
-1.4393 -0.29305
-1.4366 0.02859
-1.4363 1.7252
-1.4282 -0.77344
-1.4173 -0.62314
-1.4157 1.5364
-1.4146 -1.537
-1.4085 -7.6157
-1.4041 3.6291
-1.4012 0.19629
-1.3962 1.3778
-1.3905 -0.44611
-1.3883 -1.3855
-1.3857 -0.13445
-1.385 2.428
-1.3838 1.1008
-1.3761 0.47069
-1.3706 7.5848
-1.369 0.79218
-1.3628 -1.1026
-1.305 1.2551
-1.2997 0.31786
-1.2956 -0.78562
-1.2933 1.9657
-1.2888 -2.4189
-1.2867 -0.35798
-1.2818 -1.9887
-1.2813 0.95122
-1.2752 -1.2704
-1.272 -1.6691
-1.2644 1.6599
-1.2583 -1.4621
-1.2553 -0.22026
-1.25 -10
-1.25 10
-1.2468 -6.3497
-1.2467 -0.49402
-1.2455 -0.05193
-1.2399 1.4362
-1.2307 0.62992
-1.2296 0.14169
-1.2243 -0.96139
-1.2165 0.45011
-1.2149 -1.1201
-1.2065 -8.599
-1.2042 -0.64578
-1.2032 1.1096
-1.2017 0.8143
-1.138 1.2684
-1.1313 -1.2135
-1.1151 -0.35281
-1.1125 -1.3612
-1.1115 1.7508
-1.1067 -1.7544
-1.1008 -1.5545
-1.0998 0.019124
-1.0993 0.32544
-1.0956 1.5634
-1.0881 -0.93824
-1.0858 -0.79395
-1.0827 -0.53177
-1.0785 -0.65487
-1.0781 8.7596
-1.0772 0.62875
-1.0752 0.50975
-1.0746 1.4039
-1.0706 -1.0725
-1.0679 -0.1507
-1.0629 0.74934
-1.0616 0.9526
-1.0509 1.1388
-1.0263 0.15471
-0.99376 6.3068
-0.99243 -2.8076
-0.99178 2.8393
-0.9901 -1.2362
-0.98661 2.2629
-0.96451 -0.28275
-0.96159 -0.9376
-0.96118 -2.2574
-0.95887 1.9027
-0.95493 1.2829
-0.9482 -0.63656
-0.94774 -1.9064
-0.94772 1.6642
-0.94571 0.27604
-0.94508 1.4756
-0.93835 -1.6591
-0.92961 0.62609
-0.92589 -1.4299
-0.92445 -9.8154e-05
-0.91008 0.95547
-0.90682 -0.44014
-0.89852 0.42665
-0.89828 1.0885
-0.89327 -1.0914
-0.88777 -0.79572
-0.87935 0.82309
-0.8676 -0.17149
-0.8484 0.16864
-0.84571 -0.30366
-0.83427 0.29806
-0.82081 -1.2521
-0.81919 0.54084
-0.8188 -0.56782
-0.81669 1.3885
-0.81405 0.70791
-0.80281 0.62448
-0.79866 -0.68311
-0.79815 -0.06537
-0.79279 1.5582
-0.79081 1.7578
-0.7885 0.9683
-0.7808 -1.7621
-0.77176 -1.5644
-0.76722 -0.93921
-0.76353 1.2292
-0.75892 -0.79098
-0.75865 1.0873
-0.75419 0.04115
-0.75374 -0.36653
-0.75092 -1.3923
-0.74861 0.36117
-0.74697 -0.2537
-0.74381 -1.1168
-0.74036 0.86764
-0.73779 0.25275
-0.72921 0.47391
-0.72786 -0.48492
-0.72419 0.77103
-0.72354 0.57811
-0.72184 0.66956
-0.7192 -0.14358
-0.71172 -0.60242
-0.70921 -0.050688
-0.70789 0.15397
-0.68455 -3.3514
-0.67835 1.0281
-0.67091 -0.82983
-0.66318 1.1294
-0.66268 0.93307
-0.66249 -0.71381
-0.65281 2.4406
-0.65266 -0.31268
-0.65003 3.3805
-0.6485 0.31073
-0.64648 0.84495
-0.64627 -0.40254
-0.64514 0.39936
-0.64488 -2.433
-0.64424 -0.22359
-0.64404 -0.0022857
-0.64127 0.082606
-0.64023 1.9954
-0.6397 0.62432
-0.63914 0.22344
-0.63877 0.5402
-0.63784 0.708
-0.63702 -0.084265
-0.63316 -0.54597
-0.63208 1.6673
-0.63166 1.4071
-0.63043 -1.9977
-0.62804 0.47004
-0.62717 0.77728
-0.62684 -0.6242
-0.62622 -0.15338
-0.62573 -0.47371
-0.62422 1.2311
-0.62329 0.15338
-0.62199 -1.6828
-0.62031 -1.252
-0.61619 -1.4707
-0.6153 -1.0506
-0.60412 0.89413
-0.60357 -0.90928
-0.60296 0.99303
-0.60106 -0.35515
-0.60026 -0.27226
-0.59792 0.35401
-0.59759 1.0629
-0.59651 0.038562
-0.59612 0.27015
-0.59576 -0.041747
-0.59328 -0.67044
-0.59266 0.66548
-0.59266 0.58375
-0.59254 0.81625
-0.59218 0.43167
-0.59139 -0.43324
-0.59121 -0.19323
-0.5899 0.11538
-0.5898 -0.11771
-0.58946 0.5062
-0.58919 0.74265
-0.5883 0.19086
-0.58754 -0.58574
-0.58635 -0.50848
-0.58186 0.93858
-0.57923 -0.31419
-0.5769 0.85603
-0.5752 -0.39335
-0.57461 0.31278
-0.57415 -0.0018398
-0.57346 -0.23411
-0.57326 0.076863
-0.57249 0.39326
-0.57228 -0.079681
-0.57103 0.23057
-0.57066 -0.7973
-0.56999 0.62452
-0.56995 0.70515
-0.56917 -4.1119
-0.56894 0.54454
-0.56886 -0.62753
-0.56861 0.4681
-0.56825 -0.15552
-0.56697 0.78048
-0.56604 0.15234
-0.5657 -0.54637
-0.56565 -0.46958
-0.5654 -0.7167
-0.56307 1.1435
-0.55616 1.0215
-0.55314 0.89725
-0.55132 -0.35322
-0.55076 -0.27676
-0.54838 -0.041199
-0.54796 0.037749
-0.54764 0.35365
-0.54679 0.9776
-0.54668 0.43021
-0.54614 0.82074
-0.54552 0.27209
-0.54529 0.11263
-0.54495 -0.11661
-0.54485 -0.42912
-0.5443 0.74351
-0.54418 0.58432
-0.54401 0.66563
-0.54354 -0.19594
-0.54325 0.50537
-0.54319 -0.66765
-0.54193 0.19167
-0.5419 -0.58724
-0.54143 -0.50695
-0.5283 0.93621
-0.52804 -0.31564
-0.52792 0.86052
-0.52708 1.0669
-0.52607 0.074984
-0.525 -0.38968
-0.52416 -0.077634
-0.52157 -0.62751
-0.51936 0.23209
-0.51927 0.46518
-0.51896 -0.002911
-0.51896 -0.15502
-0.51736 0.70708
-0.51722 -0.24126
-0.51664 0.31579
-0.51633 -0.74807
-0.51336 0.43071
-0.51236 0.39279
-0.51222 0.14864
-0.51182 0.35319
-0.51138 1.0101
-0.51093 -0.28312
-0.51075 0.74301
-0.51071 0.5457
-0.51043 0.62286
-0.51032 -0.70071
-0.51004 0.58395
-0.50944 -0.46771
-0.50924 0.78175
-0.50916 -0.50598
-0.50906 -0.87034
-0.50801 -0.043178
-0.50726 -0.5446
-0.50686 0.10663
-0.50678 0.82874
-0.50608 0.96898
-0.5054 -0.42219
-0.50528 0.66791
-0.50521 0.89852
-0.50464 0.50255
-0.50453 -0.35205
-0.50291 -0.66114
-0.5029 1.2528
-0.50261 0.040401
-0.50067 -0.59308
-0.49792 -0.11354
-0.49714 0.2703
-0.49542 0.19444
-0.4953 7.0808
-0.49399 -0.19608
-0.4905 4.1518
-0.48917 -0.97214
-0.48302 0.86084
-0.48254 0.076822
-0.48238 -0.2685
-0.48217 0.93781
-0.48196 0.47803
-0.48063 0.011754
-0.47895 0.43814
-0.47801 -0.50427
-0.47717 0.65202
-0.47608 0.58173
-0.47553 0.73665
-0.4754 -0.31297
-0.47539 -0.023775
-0.47516 -0.070258
-0.47469 1.7568
-0.47427 0.34911
-0.47424 -0.43574
-0.47361 0.68901
-0.4732 -0.35136
-0.47309 0.5486
-0.47292 -0.62971
-0.47256 -1.1218
-0.47218 -0.38975
-0.47128 1.0441
-0.47015 -0.72933
-0.47012 0.11774
-0.46972 -1.2461
-0.46958 0.82
-0.46949 -0.79488
-0.46933 1.5534
-0.469 -0.23437
-0.46891 -0.68018
-0.46868 -1.7647
-0.46802 0.30033
-0.46787 1.1236
-0.46746 -1.3746
-0.46699 0.51507
-0.4663 -1.5678
-0.46617 -0.15206
-0.46609 0.23252
-0.46579 0.98516
-0.46537 0.1976
-0.46365 0.26796
-0.46135 0.042003
-0.46133 0.1641
-0.46131 -0.53604
-0.46096 0.89906
-0.45982 -0.5773
-0.4594 0.62168
-0.45913 -0.10925
-0.45855 -0.46885
-0.45781 1.39
-0.45741 0.39553
-0.45685 0.77959
-0.45033 -0.19769
-0.44475 0.0048677
-0.44467 -0.2715
-0.44414 0.47288
-0.44249 -0.3508
-0.44019 0.65972
-0.43761 0.55261
-0.4373 0.59155
-0.43724 0.19751
-0.43688 0.74831
-0.43463 -0.083876
-0.43271 0.81047
-0.43117 0.079599
-0.43033 -0.54795
-0.43032 0.85823
-0.43029 -0.43019
-0.43025 0.94056
-0.43023 0.89933
-0.43018 0.43149
-0.43016 -0.65736
-0.4301 0.98062
-0.42971 0.32207
-0.42963 1.0167
-0.42942 -0.70377
-0.429 -0.039977
-0.42886 0.1303
-0.42874 0.70738
-0.42788 -0.74945
-0.42775 -0.23334
-0.42763 1.066
-0.42745 0.364
-0.42743 -0.46718
-0.42723 -0.50492
-0.42713 0.27097
-0.42706 -0.61299
-0.42696 0.036015
-0.42641 -0.38535
-0.42354 0.22811
-0.42312 -0.16877
-0.42163 -0.31163
-0.42128 0.16671
-0.42068 0.39781
-0.41995 -0.12386
-0.41967 0.50935
-0.41856 -0.57707
-0.41756 0.62313
-0.41717 -0.20205
-0.41702 0.77815
-0.41431 -0.88023
-0.40648 1.1902
-0.4023 0.74271
-0.39976 0.90026
-0.39945 0.048105
-0.39855 0.0069216
-0.3983 0.10888
-0.39787 0.54046
-0.39694 0.5808
-0.39524 0.30379
-0.39513 -0.35455
-0.39507 0.98519
-0.39503 -0.46329
-0.39499 -0.26803
-0.39466 -0.43132
-0.39424 0.38028
-0.39379 0.24036
-0.39276 -0.40106
-0.39271 -0.078386
-0.39252 -0.18716
-0.39205 -0.68073
-0.39113 -0.6381
-0.39055 0.41553
-0.39004 0.14584
-0.39001 0.19684
-0.38981 0.81384
-0.38955 1.0391
-0.38955 0.46539
-0.38927 -0.72647
-0.38895 -0.22135
-0.38886 -0.5971
-0.38748 -0.15542
-0.38713 0.66387
-0.38669 0.34366
-0.38624 0.71032
-0.38624 -0.54801
-0.38417 0.077538
-0.38349 -0.034951
-0.38279 -0.78876
-0.3827 0.61837
-0.38242 0.77237
-0.38148 0.51037
-0.38023 1.106
-0.38009 -0.50147
-0.37962 0.93949
-0.37949 0.27176
-0.3791 -0.31173
-0.37724 0.86265
-0.37593 -0.11931
-0.3731 1.2911
-0.36314 0.74049
-0.36121 0.042437
-0.3602 -0.42903
-0.3595 -0.66053
-0.3588 -0.58211
-0.35765 0.42972
-0.35758 0.90223
-0.35741 0.10989
-0.35679 0.97115
-0.35572 -0.14836
-0.35522 -0.091086
-0.35516 0.07555
-0.35511 0.63145
-0.35392 -0.3814
-0.35353 1.0105
-0.35353 0.59454
-0.35343 0.19855
-0.35299 -0.69872
-0.35296 -0.18886
-0.35286 0.54433
-0.3524 0.3452
-0.35229 0.38404
-0.35215 0.23549
-0.35203 0.30724
-0.35195 -0.33952
-0.35181 -0.24185
-0.35168 -0.31196
-0.35167 -0.28433
-0.35159 0.27138
-0.35086 -0.47307
-0.35075 -0.055947
-0.35071 -0.74171
-0.34997 1.0555
-0.34948 0.69958
-0.34888 -0.62103
-0.34855 0.49464
-0.34668 -0.0076054
-0.34609 0.16253
-0.34499 0.45865
-0.34442 0.83218
-0.344 -0.55556
-0.34353 0.78291
-0.34016 -0.51791
-0.33975 0.87017
-0.33887 -2.7949
-0.33856 -0.11989
-0.33807 0.93908
-0.33739 0.65993
-0.32932 2.8069
-0.32511 2.2623
-0.32436 -0.31212
-0.32325 0.02949
-0.32322 -0.58588
-0.32303 0.27091
-0.32299 -0.44596
-0.32286 -0.15335
-0.32201 -2.2586
-0.322 0.072108
-0.32187 -1.0021
-0.3214 0.19963
-0.31916 -1.2365
-0.31847 0.34424
-0.31824 0.61925
-0.31801 1.9094
-0.31721 -0.85291
-0.31694 0.54498
-0.3168 0.57548
-0.31677 -0.086086
-0.31657 -0.40755
-0.31653 0.98097
-0.31594 0.47383
-0.31548 0.73514
-0.31448 -0.77376
-0.31409 -1.4588
-0.31407 -0.71936
-0.31369 1.6618
-0.31367 -0.66533
-0.31352 -0.21974
-0.31328 1.0324
-0.3125 -1.9108
-0.31146 1.0893
-0.31137 0.42889
-0.31117 -1.6657
-0.31095 1.4478
-0.31018 -0.041079
-0.30997 1.1802
-0.30997 -0.18321
-0.30955 0.30442
-0.30904 0.90099
-0.30903 -0.5505
-0.30858 -0.3567
-0.30858 -0.26823
-0.30852 0.85316
-0.3083 0.51308
-0.30774 0.68742
-0.30736 0.38359
-0.30672 -0.61924
-0.30651 0.12345
-0.30615 -0.4813
-0.30589 0.81189
-0.30534 -0.12358
-0.30461 0.94304
-0.30461 0.65255
-0.30426 0.2356
-0.30422 0.16648
-0.30206 -0.51776
-0.30166 0.77468
-0.29978 -0.00016031
-0.28584 0.039968
-0.28551 0.54967
-0.28349 0.63076
-0.28261 -0.31182
-0.28213 0.36051
-0.28191 -0.19871
-0.28139 -0.43979
-0.28107 -0.066986
-0.27996 0.92844
-0.27875 0.87188
-0.27845 0.32423
-0.27776 -0.74159
-0.27681 -0.69915
-0.27649 -0.66824
-0.27624 -0.10433
-0.27574 -0.15505
-0.27568 -0.50351
-0.27567 0.75161
-0.2754 0.27396
-0.27492 0.96366
-0.27466 -0.23426
-0.27461 1.0537
-0.27425 -0.58644
-0.27413 1.008
-0.27395 0.59353
-0.27382 0.23603
-0.27348 -0.39349
-0.27344 -0.63733
-0.27318 0.19829
-0.27316 0.66436
-0.27227 0.14962
-0.27182 -0.5374
-0.27169 0.43236
-0.2716 0.83637
-0.27154 0.47136
-0.27085 0.11918
-0.26998 0.085164
-0.26975 0.39697
-0.26806 0.51766
-0.2674 -0.47602
-0.26574 -0.029829
-0.26561 0.70944
-0.26505 0.010021
-0.26379 0.90154
-0.26347 0.79134
-0.2614 -0.273
-0.25813 -0.3513
-0.25763 -5.1861
-0.25367 1.2946
-0.24925 0.63168
-0.24798 -0.7892
-0.24631 0.9365
-0.24578 0.30816
-0.24487 -0.42001
-0.24363 -0.12102
-0.2429 0.23662
-0.24229 0.16609
-0.24114 1.1024
-0.24102 -0.20118
-0.24088 -0.67181
-0.24002 0.86831
-0.23984 0.35427
-0.23977 -0.72464
-0.23938 -0.24226
-0.23845 -0.58685
-0.23827 -0.45601
-0.23779 0.39196
-0.23774 0.50383
-0.23765 -0.0027473
-0.23705 -0.55601
-0.23609 -0.074807
-0.23491 1.0364
-0.2349 0.12206
-0.23466 -0.30944
-0.2345 -0.50568
-0.2339 0.67009
-0.2337 0.041624
-0.23365 0.55067
-0.23356 0.75054
-0.23356 0.08317
-0.23341 0.42878
-0.23193 0.82537
-0.2317 -0.38631
-0.23113 0.59873
-0.23087 -0.61953
-0.23044 0.98142
-0.22958 0.90565
-0.22836 -0.032732
-0.22633 -0.88211
-0.22602 0.27527
-0.22569 0.47227
-0.22508 -0.27065
-0.22498 -0.15451
-0.22438 0.19899
-0.22399 -8.929
-0.22176 0.78994
-0.21888 0.70775
-0.21767 -0.35016
-0.20949 0.31419
-0.20728 0.38855
-0.2072 -0.583
-0.20679 0.16139
-0.20592 -0.11559
-0.20453 1.1894
-0.20449 0.85103
-0.20448 -0.47088
-0.20397 0.63241
-0.20151 -0.7492
-0.20124 0.93552
-0.20074 -0.047393
-0.19964 -0.32183
-0.1992 0.88798
-0.19901 -0.0055163
-0.19853 -0.70124
-0.19822 -0.42451
-0.19729 0.73537
-0.19662 1.0612
-0.19621 0.084829
-0.19605 -0.54343
-0.19594 -0.38017
-0.19573 -0.28784
-0.19527 -0.23776
-0.19525 -0.18536
-0.19491 -0.65309
-0.19477 0.58707
-0.19369 1.0153
-0.19308 0.45551
-0.19295 0.67592
-0.19233 0.50485
-0.19156 0.41918
-0.19137 0.23791
-0.19048 0.76919
-0.18999 0.28236
-0.18978 0.1282
-0.18888 0.35087
-0.18867 -0.61424
-0.18835 0.19297
-0.18794 0.97614
-0.18775 -0.14779
-0.18737 0.815
-0.18685 -0.080222
-0.18515 0.55019
-0.18456 -0.97069
-0.18447 -0.50264
-0.18379 0.70889
-0.18156 0.038933
-0.18026 -0.34948
-0.17785 -1.232
-0.16832 0.31273
-0.16717 -1.3607
-0.16684 -0.46522
-0.16635 -0.31402
-0.16564 0.6135
-0.16428 -0.798
-0.16426 0.85968
-0.16384 -0.20436
-0.16369 0.43385
-0.16353 -7.5785
-0.1621 0.16174
-0.16096 0.65053
-0.1594 -0.73016
-0.15884 0.90866
-0.15813 -0.080253
-0.15741 -0.043547
-0.15731 0.3906
-0.15711 0.7356
-0.15709 -0.58078
-0.15706 -0.27531
-0.15705 1.7622
-0.15688 -0.67975
-0.15671 0.20527
-0.15666 -0.16702
-0.15658 0.95396
-0.1564 -0.11694
-0.15632 -1.1
-0.15619 0.9964
-0.15606 1.042
-0.15596 1.5639
-0.1559 -0.53182
-0.15588 1.107
-0.15582 0.50222
-0.15577 1.3892
-0.15571 1.2703
-0.15562 0.69046
-0.15475 -0.63296
-0.1547 0.27372
-0.15426 -1.5556
-0.1533 -0.38526
-0.15328 0.53128
-0.15318 0.0074676
-0.15245 -1.7594
-0.1523 0.4704
-0.15135 0.067347
-0.15092 0.34498
-0.15035 0.82431
-0.15007 -0.43136
-0.14955 0.11295
-0.14937 0.037665
-0.14912 0.5756
-0.14839 0.23867
-0.14836 -0.34304
-0.14791 -0.49611
-0.14647 0.78578
-0.14445 -0.23517
-0.13101 -0.080596
-0.12951 0.18327
-0.12856 0.43168
-0.12778 0.84725
-0.12773 0.6669
-0.12736 -0.55056
-0.12677 -0.19643
-0.12448 0.97588
-0.1235 -0.88522
-0.12325 -0.35508
-0.12235 0.5021
-0.1214 0.36008
-0.12067 0.88219
-0.12047 -0.26498
-0.1204 0.21728
-0.11916 -0.75258
-0.11895 0.62271
-0.11855 -0.31198
-0.11847 -0.51603
-0.11846 1.0156
-0.1183 -0.70493
-0.11794 0.8167
-0.11687 -0.65783
-0.11622 0.54298
-0.11619 0.31117
-0.11615 0.25703
-0.11615 -0.41557
-0.11583 0.085018
-0.11573 -0.013732
-0.11549 1.0616
-0.11504 -0.61266
-0.11492 -0.46562
-0.11431 0.037286
-0.11418 0.14818
-0.11412 -0.050848
-0.114 0.11525
-0.11366 -0.3818
-0.1135 0.70559
-0.11317 0.46483
-0.11294 -0.11103
-0.11268 0.75266
-0.11224 -0.15119
-0.11201 -0.57679
-0.11124 0.93331
-0.10797 0.78655
-0.10733 0.57842
-0.10685 0.39545
-0.10664 1.19
-0.10374 -0.231
-0.093606 0.18874
-0.091587 -0.080712
-0.091193 0.66505
-0.090713 -0.54654
-0.08889 0.51785
-0.08767 5.2676
-0.087646 0.84636
-0.086474 0.80835
-0.08594 -0.39479
-0.08552 -0.35694
-0.084264 0.069441
-0.08309 -0.9808
-0.082798 0.22857
-0.082018 0.43611
-0.081542 0.48225
-0.081036 0.98211
-0.080552 -0.19044
-0.080077 0.35679
-0.079865 -0.68162
-0.07933 -0.72982
-0.079105 -0.27038
-0.078653 0.0044507
-0.078241 -0.42854
-0.077609 0.11242
-0.077527 -0.5052
-0.077192 1.0373
-0.07717 0.73171
-0.077092 -0.63661
-0.076554 -0.79749
-0.076145 0.2715
-0.075898 -0.15551
-0.07577 -0.039395
-0.075162 0.59652
-0.074763 0.89439
-0.074109 -0.12175
-0.073548 0.1575
-0.073285 0.55176
-0.073183 0.6335
-0.073061 0.69589
-0.072765 0.77395
-0.072369 -0.58825
-0.070451 1.1032
-0.070294 0.39687
-0.068309 0.039768
-0.068068 -0.22998
-0.067704 -0.31622
-0.064236 -0.46502
-0.062014 0.93677
-0.061831 0.3126
-0.057999 1.2967
-0.055899 7.893
-0.053082 -1.2358
-0.052225 0.50962
-0.051613 0.81358
-0.048895 -0.013073
-0.048022 -0.34866
-0.047783 0.01519
-0.047389 0.072734
-0.046735 0.24161
-0.046637 -0.66106
-0.045556 0.74733
-0.043273 -0.081788
-0.043235 0.19481
-0.043177 -0.39189
-0.04309 -0.43438
-0.042657 0.34395
-0.042046 0.71283
-0.04165 -0.70146
-0.041284 0.37773
-0.040521 0.66557
-0.040424 -0.11915
-0.040265 -0.74716
-0.039752 -0.54314
-0.0396 0.6172
-0.039292 0.41732
-0.039085 0.14341
-0.038357 1.0107
-0.038345 -0.20837
-0.038046 -0.15758
-0.037962 0.57689
-0.037846 1.0554
-0.037597 -0.25017
-0.037283 -0.040886
-0.037221 -0.49363
-0.037083 -0.28893
-0.037076 -0.58197
-0.037029 0.039904
-0.03653 0.46447
-0.036076 -3.4358
-0.035302 0.1069
-0.034808 0.96649
-0.033898 0.8596
-0.0335 -0.32251
-0.033242 0.54005
-0.032891 0.27772
-0.032523 0.90773
-0.031838 -0.61923
-0.030639 0.93708
-0.029989 0.00053254
-0.029943 -0.45995
-0.029112 0.77774
-0.022775 -0.018823
-0.022662 0.019248
-0.021368 0.31646
-0.018374 -0.0048154
-0.018361 0.0052893
-0.017995 0.036503
-0.017529 -0.036577
-0.017322 0.055989
-0.01472 -0.056155
-0.013895 0.00017677
-0.012422 -0.011021
-0.012389 0.011294
-0.012159 -2.4304
-0.011797 0.084401
-0.0098233 0.39451
-0.0096003 -0.8862
-0.0093166 -0.0036658
-0.0093068 0.0039005
-0.009128 0.69859
-0.008832 2.4347
-0.008743 0.027584
-0.0087082 -0.027513
-0.0081332 -0.34923
-0.0078679 -0.017626
-0.0078583 0.73867
-0.0078456 0.017776
-0.0075775 -0.11626
-0.006968 -0.2304
-0.0068099 0.63468
-0.0065561 -0.30933
-0.006335 0.35632
-0.0061123 -0.47448
-0.0058613 0.16513
-0.0051414 0.19736
-0.004669 0.06626
-0.0044102 -0.080568
-0.0040986 1.998
-0.0037861 0.040071
-0.0036472 -0.039845
-0.0034094 -0.009367
-0.0034036 0.0094571
-0.0033044 0.59829
-0.0028875 -0.66764
-0.0028864 0.81385
-0.0028735 -0.7842
-0.0028323 -0.57851
-0.002355 -0.50872
-0.0016168 0.46842
-0.0015067 -0.7235
-0.0013851 0.12233
-0.0011717 0.55759
-0.00082302 -0.43389
-0.00081525 1.6793
-0.00076114 -0.022616
-0.00073425 0.02251
-0.00071961 -1.995
-0.00060393 0.50669
-4.7642e-05 1.0902
0 -10
0 0
0 10
3.6484e-05 1.035
0.00022741 1.4533
0.00028905 -0.19361
0.00040369 1.1815
0.00076638 0.015814
0.00078322 -0.015828
0.00081374 -0.02992
0.00094811 0.23517
0.0010397 0.02966
0.0011284 -0.050923
0.0013289 0.9887
0.0013976 -0.0065535
0.0013976 0.0065535
0.0020311 -0.5418
0.002346 -0.062927
0.0032646 0.43259
0.0036774 0.054272
0.0036977 -0.38881
0.0038134 0.9374
0.0038732 0.88859
0.0039532 -0.010898
0.0039532 0.010898
0.0044899 -0.27105
0.0049564 -0.025099
0.0051015 0.024671
0.0054991 -0.035315
0.0056035 0.01968
0.0056545 0.034975
0.0056866 -0.019952
0.0061516 -1.6702
0.0068465 0.77473
0.0072637 -0.014622
0.0072637 0.014622
0.0073437 0.042173
0.0074034 3.4542
0.0078579 0.071948
0.0082014 -0.029516
0.0082752 0.28845
0.0083327 -0.043003
0.0090913 0.85202
0.0094519 0.028695
0.010168 0.02282
0.010334 0.66692
0.01068 0.32419
0.010719 -0.023872
0.011148 -0.15517
0.011186 -0.017969
0.011186 0.017969
0.012708 -1.4267
0.013405 -0.028502
0.01371 -0.034664
0.014032 0.035323
0.014113 -0.054662
0.014284 0.025028
0.015639 -0.021044
0.015639 0.021044
0.015895 -0.02522
0.015904 0.028763
0.015945 -0.071487
0.016187 0.092107
0.016262 -0.61972
0.016824 0.045896
0.018617 -0.043096
0.018639 0.059855
0.018789 -0.02892
0.020569 -0.023906
0.020569 0.023906
0.020883 0.030558
0.021105 -0.094047
0.022053 0.037169
0.022977 -0.034673
0.023538 0.074047
0.025194 0.04287
0.025664 0.14841
0.025936 -0.026589
0.025936 0.026589
0.0261 -0.061341
0.026114 -0.050186
0.026302 -0.041656
0.026857 0.032295
0.026892 0.050907
0.027587 -0.031671
0.027697 -0.55613
0.028768 0.037663
0.029032 0.58076
0.029314 0.18826
0.02972 -0.036293
0.029833 0.46785
0.030283 0.38778
0.031041 0.75086
0.031327 0.34815
0.031713 -0.029119
0.031713 0.029119
0.031727 0.043716
0.031845 -0.47732
0.032012 0.033616
0.032256 0.70887
0.033333 -0.31727
0.033448 0.063111
0.033905 -0.044164
0.034039 -0.52234
0.034237 -0.22841
0.034799 0.90641
0.034961 0.037775
0.035321 -0.36536
0.035557 0.82941
0.035666 -0.036558
0.035973 0.050857
0.036103 -0.074311
0.036519 -0.40508
0.037375 1.0565
0.037454 -0.12579
0.037477 -0.056462
0.037598 -0.74685
0.037717 -1.0544
0.037876 -0.031512
0.037876 0.031512
0.038061 1.0134
0.03825 0.54348
0.038509 0.043368
0.038556 0.62481
0.039182 0.11553
0.03938 -0.041247
0.039488 -0.18317
0.0396 0.083655
0.03987 0.97043
0.040315 -0.58555
0.040637 -0.69837
0.041032 0.037796
0.04133 -0.037038
0.04151 -0.15424
0.042321 0.056662
0.042407 -0.43957
0.042559 -0.046759
0.043276 0.78962
0.043465 0.31312
0.04377 0.048441
0.044116 0.042285
0.044185 -0.041293
0.044408 -0.033781
0.044408 0.033781
0.04505 -0.65174
0.045909 0.93511
0.046003 0.86839
0.046453 0.038502
0.046529 -0.038084
0.04707 0.66908
0.0477 -0.064575
0.047849 0.066197
0.048092 0.22481
0.048785 -0.095626
0.048881 0.43083
0.049657 -0.05373
0.049965 0.26705
0.050852 -0.043035
0.050885 0.054254
0.051133 0.04347
0.051181 0.50271
0.051295 -0.035935
0.051295 0.035935
0.052321 -0.27325
0.052803 -0.6161
0.05491 -0.036959
0.05491 0.036959
0.055258 -0.076289
0.056312 0.096718
0.058259 -0.041854
0.058324 0.04192
0.058525 -0.037982
0.058525 0.037982
0.058895 1.2974
0.059458 -0.049511
0.059639 0.049526
0.059862 -0.061769
0.060475 0.061379
0.060616 0.077897
0.062284 -0.038948
0.062284 0.038948
0.063405 -0.55066
0.063763 0.15164
0.063897 -0.043376
0.063899 0.043388
0.065691 0.054191
0.06609 -0.039926
0.06609 0.039926
0.066178 -0.054596
0.066849 -0.38533
0.067473 0.047909
0.067642 -0.047857
0.069308 -0.088675
0.069467 0.39899
0.0695 0.059566
0.069544 -0.072271
0.069674 0.06779
0.070059 -0.040855
0.070059 0.040855
0.070269 0.57991
0.070535 -0.80029
0.07114 1.1033
0.071266 -0.060871
0.071275 0.46609
0.071644 0.091847
0.071974 -0.41943
0.072363 0.053166
0.072851 -0.05259
0.073051 -0.11414
0.073102 0.1136
0.073481 0.046126
0.073609 -0.045907
0.073858 0.19562
0.073982 -0.041773
0.073982 0.041773
0.074343 -0.15539
0.074361 0.99382
0.074466 -0.24271
0.074776 -0.45811
0.074824 0.90812
0.075251 0.35334
0.07548 1.0389
0.075503 -0.30524
0.075747 -0.20462
0.076311 0.69285
0.076624 0.95294
0.077243 0.74599
0.078088 -0.042649
0.078088 0.042649
0.078559 0.78691
0.078698 0.65203
0.078913 -0.50445
0.078918 0.077507
0.078974 -0.63325
0.079137 0.061254
0.079144 0.049846
0.079234 -0.048934
0.079459 -0.056967
0.079764 -0.72823
0.079859 0.82601
0.079913 -0.066548
0.08013 -0.34786
0.080398 0.53421
0.08164 -0.078967
0.081908 0.30078
0.082194 -0.043525
0.082194 0.043525
0.082372 0.61768
0.084268 -0.047888
0.084381 0.048301
0.084395 -0.052749
0.084637 0.053716
0.084763 -0.59208
0.084988 0.86936
0.085041 0.26952
0.086458 -0.044355
0.086458 0.044355
0.086469 0.23766
0.08654 -0.67382
0.087445 -0.094096
0.08798 0.094606
0.088383 0.069126
0.08878 0.49788
0.088973 -0.070568
0.089477 -0.049769
0.089502 0.43089
0.089545 -0.059586
0.089781 0.049856
0.090723 -0.045184
0.090723 0.045184
0.090979 0.05899
0.09285 -0.27375
0.09398 0.13349
0.095143 -0.045969
0.095143 0.045969
0.095218 0.079823
0.095567 -0.080377
0.095734 -0.1294
0.096011 -0.052282
0.09638 0.052129
0.09777 -0.10945
0.098113 0.11121
0.098365 -0.068366
0.098476 0.067829
0.099563 -0.046754
0.099563 0.046754
0.10005 -0.059113
0.10043 0.058801
0.1024 -0.052402
0.10255 0.052295
0.1033 -0.43446
0.10412 -0.047492
0.10412 0.047492
0.10544 0.97498
0.10581 0.39406
0.10632 -0.39378
0.10639 -1.2411
0.10695 -0.05711
0.1071 0.056925
0.10716 -0.064827
0.10739 0.06448
0.10778 -0.051609
0.10782 -0.076023
0.10783 0.05155
0.10793 0.20583
0.10798 0.67251
0.10798 -0.9002
0.10808 0.59755
0.10817 1.1909
0.10822 -0.093429
0.10826 0.075681
0.10871 -0.048234
0.10871 0.048234
0.10951 0.094099
0.11013 0.16625
0.11148 -0.054588
0.11155 0.054472
0.112 -0.54444
0.11269 1.0127
0.1129 -0.0601
0.11303 0.85358
0.11304 0.059839
0.11312 -0.14824
0.11339 -0.048923
0.11339 0.048923
0.11387 -0.18281
0.11388 0.7869
0.11391 0.70817
0.11464 0.56124
0.1149 -0.70454
0.11632 -0.055139
0.11637 0.05498
0.11667 1.0586
0.11696 -0.068239
0.11716 -0.50749
0.11729 0.067699
0.11733 0.88945
0.11799 -0.23578
0.11817 -0.049627
0.11817 0.049627
0.11822 0.3228
0.11861 -0.060764
0.11868 0.93708
0.1187 0.060415
0.11893 -0.47156
0.11939 0.51842
0.11949 0.63533
0.12026 -0.31149
0.12052 0.46863
0.1207 -0.080883
0.12103 -0.63009
0.1211 0.27279
0.12156 -0.27393
0.12194 0.080136
0.12233 0.36144
0.12235 0.23274
0.12263 -0.35656
0.12295 -0.11836
0.12339 -0.056895
0.12339 0.056576
0.12395 0.42523
0.12402 0.8252
0.12428 -0.063773
0.12438 0.063148
0.12469 0.12209
0.12524 -0.094855
0.12552 -6.2378
0.12553 -0.58551
0.12664 -0.74786
0.12665 -0.67197
0.12732 -0.071449
0.12763 0.070199
0.12793 -0.050933
0.12793 0.050933
0.12805 0.7451
0.13043 0.095237
0.13469 9.1364
0.13493 0.061209
0.13496 -0.061992
0.13799 -0.052151
0.13799 0.052151
0.13823 -0.10153
0.13897 0.077732
0.13901 -0.081515
0.14004 0.10715
0.14018 -0.42893
0.14223 0.98036
0.1466 0.20215
0.14684 -0.20017
0.14759 0.67661
0.14836 -0.053283
0.14836 0.053283
0.14843 0.71515
0.149 -0.11747
0.14923 0.59526
0.15005 0.7726
0.15006 0.093616
0.15043 0.43886
0.15077 0.24163
0.15112 0.065365
0.15142 -0.066144
0.15239 0.50212
0.15276 0.30502
0.15282 -0.34335
0.15339 -0.27517
0.15363 -0.80961
0.15378 1.7635
0.15447 0.90869
0.15478 0.39546
0.15583 1.5656
0.15591 -0.15252
0.15595 -0.096477
0.15602 0.80747
0.15642 1.3912
0.15651 -0.62844
0.15654 -0.60191
0.15661 -0.69914
0.15667 -0.56155
0.15673 -0.65498
0.15674 1.2723
0.15695 0.078612
0.15703 0.85784
0.15706 0.34369
0.15709 0.11512
0.15756 -0.50866
0.158 -0.38379
0.15828 -0.07926
0.15902 -0.054328
0.15902 0.054328
0.15926 -0.46212
0.15935 0.15277
0.15963 0.94689
0.15965 0.54429
0.15968 1.1067
0.16145 0.63684
0.16154 1.0306
0.1622 -1.7567
0.16326 -0.31377
0.1654 -0.23304
0.16796 0.74332
0.16836 0.46974
0.16861 0.06717
0.16889 -0.066743
0.16967 0.27178
0.16999 -0.055286
0.16999 0.055286
0.17113 -1.5525
0.17249 -0.11385
0.17552 0.090629
0.17593 -0.086871
0.18064 -1.3779
0.18125 -0.056157
0.18125 0.056157
0.18314 -0.19659
0.18397 0.70718
0.18414 -0.74577
0.18415 0.43417
0.18583 0.18643
0.18617 0.8922
0.18632 -0.069532
0.18641 0.070004
0.18659 0.77808
0.18699 0.5773
0.18735 -0.5847
0.18769 -0.26062
0.18799 -0.66892
0.18826 0.12204
0.18926 0.22895
0.19031 -0.47384
0.19043 0.92853
0.19148 -1.1124
0.19195 -0.62728
0.19281 -0.056941
0.19281 0.056941
0.193 -0.42865
0.19318 0.5079
0.19345 0.61466
0.19355 -0.29546
0.19378 0.97958
0.19468 -0.10086
0.19475 -0.082205
0.19506 -0.38801
0.19586 0.081332
0.19591 0.36472
0.19658 -0.97788
0.19686 0.66274
0.19718 -0.34655
0.19831 1.019
0.19833 -0.87285
0.19899 0.40195
0.199 0.3128
0.19909 -0.70113
0.20054 -0.16519
0.20069 0.097522
0.20102 -0.12984
0.20125 0.54755
0.20134 -0.5453
0.20198 0.82244
0.20214 0.15508
0.20319 0.86421
0.20397 -0.50355
0.20421 -0.068712
0.20437 0.068061
0.20467 -0.057637
0.20467 0.057637
0.20492 -0.2304
0.20574 0.26769
0.20638 0.74246
0.20665 1.1927
0.20704 0.46633
0.20998 1.0569
0.21135 0.11257
0.21251 -0.086517
0.21251 0.082379
0.21346 -0.10651
0.21374 0.13056
0.21682 -0.058244
0.21682 0.058244
0.22132 0.069389
0.22149 -0.070168
0.22151 0.097398
0.22243 0.94355
0.2227 0.43029
0.22305 -0.26655
0.22415 -0.19548
0.22569 0.90093
0.22654 -0.58939
0.22665 -0.096905
0.22916 -0.62587
0.22926 -0.058763
0.22926 0.058763
0.22983 0.3476
0.23004 0.66712
0.23031 0.49436
0.231 0.081149
0.2315 1.014
0.23172 0.63388
0.23204 -0.39233
0.2323 0.11661
0.23231 -0.081283
0.23263 0.19015
0.23265 -0.11668
0.23269 -0.66506
0.23287 -0.72409
0.23293 0.53014
0.23322 0.58093
0.23351 0.70382
0.23355 0.24194
0.23358 -0.30704
0.23368 0.067955
0.23376 -0.43007
0.23381 -0.067927
0.23389 0.1457
0.23491 -0.46915
0.23509 0.77994
0.23519 -0.79392
0.23634 -0.51727
0.23688 0.74239
0.23703 0.81675
0.2374 -0.15364
0.2374 0.38791
0.23835 0.28307
0.2389 0.096205
0.2403 -0.55248
0.24129 -0.095632
0.242 -0.059192
0.242 0.059192
0.24213 0.8519
0.24341 0.97376
0.24359 0.31842
0.24368 1.1139
0.24384 0.083614
0.24397 -0.070521
0.24444 -0.23209
0.24462 0.071459
0.24535 0.46262
0.24643 -0.08207
0.24924 -0.34681
0.25177 0.12745
0.25196 0.10724
0.25221 0.091238
0.25299 0.078845
0.25384 0.070191
0.25413 -0.10679
0.25427 -0.073507
0.25434 1.298
0.25442 -0.090656
0.25463 -0.12778
0.25467 -0.08153
0.25503 -0.059532
0.25503 0.059532
0.25835 0.93448
0.26005 0.66355
0.26097 0.084233
0.26178 0.42668
0.26262 0.072354
0.26266 -0.068848
0.26317 -0.080583
0.26347 1.0519
0.26461 0.2217
0.26469 0.096439
0.2652 -0.61946
0.2655 0.54672
0.2666 -0.49956
0.26717 -0.095448
0.26758 0.15036
0.26834 -0.059783
0.26834 0.059783
0.26956 -0.31407
0.26971 -0.57357
0.27035 0.74431
0.27067 0.81336
0.2711 -0.53376
0.27119 0.1163
0.27125 0.083186
0.27144 0.25871
0.27151 -0.27161
0.27163 -1.2411
0.27235 -0.74351
0.27239 -0.071128
0.27255 0.77939
0.27306 0.50172
0.27451 -0.19381
0.27457 -0.14617
0.27462 1.003
0.27476 -0.69721
0.27487 0.070865
0.27488 -0.1151
0.27498 -0.42831
0.27512 0.29979
0.27516 0.34914
0.27518 -0.083562
0.27526 -0.23353
0.27547 0.61873
0.27653 0.89093
0.27729 0.57733
0.2778 0.39419
0.27892 -0.65759
0.27923 0.4578
0.27932 0.095666
0.27945 -0.37767
0.27964 0.96517
0.27992 -0.47129
0.28023 0.85047
0.28154 -0.095927
0.28194 -0.059943
0.28194 0.059943
0.2826 0.69851
0.28273 0.070098
0.28313 -0.074281
0.28355 0.18943
0.28366 0.079914
0.28517 -0.084312
0.28537 -2.793
0.286 -0.34106
0.29027 0.12916
0.29047 0.070129
0.29131 -0.068823
0.2917 0.10763
0.29251 0.090531
0.29298 -0.078525
0.29363 -0.090343
0.29412 0.079131
0.29434 -0.10562
0.29583 -0.060014
0.29583 0.060014
0.29636 -0.88156
0.29812 -0.12747
0.29937 0.65919
0.30086 0.93363
0.30168 -0.55207
0.30181 -0.082862
0.30194 0.084002
0.30202 0.22856
0.30225 2.7973
0.30232 -2.2584
0.30276 -0.07147
0.30291 0.072086
0.30508 -0.63317
0.30511 0.096524
0.30519 0.59094
0.30533 2.2597
0.30551 0.47175
0.30579 -0.094121
0.3064 0.86653
0.30742 0.38004
0.30755 -0.78147
0.30778 0.31607
0.30788 -0.15807
0.30846 -0.30793
0.30884 -0.23667
0.30889 0.15274
0.30963 1.9121
0.30979 1.0909
0.30999 -0.059994
0.30999 0.059994
0.31001 -0.27228
0.31027 0.54626
0.31037 -0.50617
0.31067 -0.59258
0.31086 0.42637
0.31101 1.0323
0.31141 0.1176
0.31149 1.6661
0.31151 0.83049
0.31216 0.78006
0.31225 -0.10956
0.31225 -0.72242
0.31236 1.4521
0.31244 1.1839
0.31268 -0.45724
0.3129 -0.081108
0.3131 -0.42851
0.31318 0.082233
0.31382 -1.9104
0.31458 -0.069082
0.31477 0.069445
0.3148 0.27441
0.31487 0.50216
0.31488 -0.39926
0.31495 0.72796
0.31798 -0.67166
0.31835 0.97957
0.31873 0.69045
0.31939 -0.094054
0.31988 0.096689
0.32012 -0.35565
0.32038 0.6239
0.3222 0.89724
0.32263 0.34765
0.32311 -0.073139
0.32325 -0.083059
0.32354 0.073328
0.32393 -0.19319
0.32418 -1.6607
0.32421 0.084011
0.32442 -0.059885
0.32442 0.059885
0.32465 0.19262
0.32506 -0.12938
0.33054 -0.10579
0.33068 -0.078234
0.33163 0.13116
0.33174 -0.089214
0.33178 -0.059786
0.33178 0.059786
0.33196 0.06694
0.33229 0.10875
0.33263 0.07776
0.33289 0.091086
0.33298 -0.068214
0.33913 -0.059687
0.33913 0.059687
0.33939 0.66029
0.34046 0.58663
0.34064 -0.078301
0.3408 0.069629
0.34118 0.86021
0.34176 -0.067272
0.34251 0.082085
0.34257 -0.55291
0.3429 -1.4326
0.34405 0.51487
0.34423 -0.58959
0.34434 -0.094616
0.34475 0.47196
0.34544 0.097169
0.34571 -0.47396
0.34661 -0.059543
0.34661 0.059543
0.34707 0.38137
0.34775 -1.0501
0.34859 -0.74584
0.34884 1.0565
0.34884 0.27252
0.34921 0.93483
0.34937 -0.62718
0.34974 -0.06913
0.35029 0.74838
0.35035 -0.11719
0.35057 -0.38314
0.3506 0.3106
0.35064 -0.42936
0.35064 -0.27228
0.35078 0.77976
0.35136 -0.15723
0.35165 0.071884
0.3518 -0.32463
0.35185 -0.22149
0.35191 0.34665
0.35198 0.23273
0.35255 -0.69986
0.35263 0.085588
0.35277 0.11862
0.35281 1.013
0.35296 0.15748
0.3531 -0.35473
0.35326 -0.081259
0.35392 -0.66503
0.3541 -0.059399
0.3541 0.059399
0.35503 0.19348
0.35524 -0.19025
0.35541 0.70288
0.35677 0.81449
0.35912 0.893
0.35938 -0.095443
0.3599 0.97519
0.36019 0.096721
0.36065 0.62387
0.36077 -0.068651
0.36092 0.54806
0.36169 -0.50816
0.36171 -0.059211
0.36171 0.059211
0.36206 0.066958
0.36297 0.42553
0.36319 0.080256
0.36477 -0.081231
0.36932 -0.059023
0.36932 0.059023
0.3704 -0.12946
0.37099 1.2978
0.37163 -0.10755
0.37216 0.080044
0.37244 -0.090371
0.37255 0.070461
0.37258 -0.080477
0.37264 -0.070991
0.37292 0.090262
0.37332 0.13032
0.37423 0.10824
0.3751 -0.58407
0.37706 -0.058792
0.37706 0.058792
0.37845 -0.79807
0.37988 0.27282
0.37999 0.66159
0.38058 -0.080616
0.38074 0.080213
0.38138 -0.3975
0.38165 0.58602
0.3821 1.1044
0.38356 0.73133
0.38372 0.068389
0.38375 -0.068692
0.38447 0.34767
0.38447 0.50459
0.3848 -0.05856
0.3848 0.05856
0.38487 -0.23806
0.38588 -0.094972
0.3864 0.77159
0.38753 0.094627
0.38762 -0.35698
0.38814 1.0403
0.38831 0.18942
0.38834 -0.14867
0.38898 0.39114
0.389 0.86064
0.38909 -0.72655
0.38936 0.15006
0.38996 0.45769
0.39024 0.99597
0.39031 -0.19286
0.39101 -0.30742
0.39146 -0.46899
0.39152 0.9545
0.39184 -0.11741
0.39212 -0.50512
0.39266 0.91108
0.39267 -0.058285
0.39267 0.058285
0.39287 -0.66547
0.39288 0.064866
0.39296 -0.065084
0.393 -0.53994
0.39331 -0.42651
0.39373 -0.61672
0.39392 0.30747
0.3947 0.077301
0.3948 -0.078045
0.39519 6.6027
0.39843 -0.2695
0.39862 0.42429
0.39932 0.11852
0.39961 -8.3271
0.40033 0.6974
0.40053 -0.05801
0.40053 0.05801
0.40171 0.62336
0.40205 0.066567
0.40212 0.23617
0.40236 -0.066915
0.40348 0.54791
0.40388 0.092799
0.40468 -0.095551
0.40643 0.81335
0.4085 -0.057693
0.4085 0.057693
0.40976 -0.13301
0.41072 -0.89824
0.41188 0.10435
0.41261 0.073278
0.41413 -0.074267
0.41424 -0.11313
0.41648 -0.057375
0.41648 0.057375
0.41947 1.1913
0.41955 0.47847
0.41962 -0.15891
0.42048 0.40428
0.42126 -0.58081
0.4213 0.091532
0.42206 0.97661
0.42214 -0.50517
0.42236 0.65984
0.42252 -0.39615
0.42265 0.58559
0.42275 -0.36229
0.42309 -0.43759
0.42439 0.73409
0.42442 0.36949
0.42458 -0.057016
0.42458 0.057016
0.42542 0.11294
0.42558 0.27793
0.42566 0.065065
0.42618 -0.33165
0.42658 1.0157
0.42665 -0.064997
0.42705 1.0618
0.42787 0.32647
0.42821 -0.75233
0.42826 0.51339
0.42851 0.077463
0.42861 -0.096286
0.43018 -0.6259
0.43062 0.77767
0.43086 0.20355
0.43113 -0.2898
0.43138 0.15163
0.43159 0.88733
0.4317 -0.076967
0.4321 0.43945
0.43267 -0.056656
0.43267 0.056656
0.43274 -0.70282
0.43315 -0.23709
0.43467 -0.53969
0.43538 0.93611
0.43545 -0.19044
0.43637 0.84405
0.43639 -0.12684
0.43742 0.69333
0.43819 0.23982
0.43912 0.067332
0.44061 -0.065845
0.44087 -0.056256
0.44087 0.056256
0.44093 -0.66188
0.44187 -0.46919
0.44271 0.80977
0.44305 0.54994
0.44305 0.090562
0.44322 0.622
0.4455 0.11803
0.44886 -0.082664
0.44907 -0.055855
0.44907 0.055855
0.45085 -0.10448
0.4537 0.3983
0.45398 0.069422
0.45482 -0.066135
0.45631 -0.36284
0.45654 -0.59848
0.45708 -0.15904
0.45717 -0.39498
0.45737 -0.055414
0.45737 0.055414
0.46081 -1.2337
0.46102 -0.42768
0.46111 0.47919
0.46122 0.18464
0.46173 0.51899
0.46177 0.10438
0.46338 0.58392
0.46427 0.98233
0.46429 -0.97859
0.46429 0.78753
0.46437 -0.56151
0.46488 0.75291
0.46567 -0.054973
0.46567 0.054973
0.46568 0.90497
0.46613 -0.062053
0.46653 0.21898
0.46654 0.064207
0.46675 -0.31827
0.4671 -0.074653
0.46748 0.12865
0.46765 0.712
0.46781 1.0388
0.46785 1.7643
0.46788 0.25924
0.46812 0.3029
0.46816 1.5661
0.46853 -0.80274
0.46857 1.3915
0.46867 0.083183
0.46875 1.107
0.46878 1.2722
0.46893 -0.093701
0.46928 0.35339
0.47048 -0.27532
0.47189 -0.73118
0.47234 0.86734
0.47247 -0.51045
0.47249 -0.12234
0.47273 0.66172
0.47406 -0.68186
0.47407 -0.054493
0.47407 0.054493
0.47454 0.15761
0.47461 -1.7668
0.47521 -0.63366
0.4766 -0.20069
0.4777 -0.064324
0.47773 0.43253
0.47808 0.82117
0.47818 -0.24008
0.47932 0.066632
0.47952 0.61636
0.47974 -0.464
0.48088 0.93705
0.48143 0.54793
0.48247 -0.054012
0.48247 0.054012
0.48341 0.10572
0.48571 -1.5715
0.4863 -0.07844
0.48833 -0.0998
0.48995 -0.39334
0.49007 -0.061883
0.49096 -0.053493
0.49096 0.053493
0.49174 0.062588
0.49239 0.081323
0.49249 0.39267
0.49261 -0.59031
0.49267 -1.0805
0.49495 0.50852
0.49676 0.23588
0.49945 -0.052975
0.49945 0.052975
0.50016 0.77683
0.50076 -0.1554
0.50215 0.69481
0.50223 0.73198
0.5031 -0.35026
0.50332 0.18984
0.50365 -0.066399
0.50417 -0.26249
0.50468 0.10157
0.5047 0.13454
0.50533 -0.11656
0.50551 -0.5499
0.50574 0.065983
0.50649 -0.70352
0.50698 0.32404
0.50803 -0.052419
0.50803 0.052419
0.50827 -0.087823
0.50842 0.63035
0.50871 0.96381
0.50875 0.93285
0.5093 1.0097
0.50964 0.36068
0.50982 0.27625
0.5102 0.899
0.5104 -1.4049
0.5107 1.0591
0.51102 -0.43473
0.51212 -0.22907
0.51257 0.5839
0.51268 -0.30054
0.51279 -0.47974
0.51302 0.083447
0.5132 0.84817
0.51324 0.46422
0.5141 0.42214
0.51456 -0.61873
0.51478 0.53865
0.51564 0.81088
0.51607 -0.88965
0.51644 -0.059678
0.5166 -0.051863
0.5166 0.051863
0.51691 -0.071377
0.51701 -0.51513
0.5171 0.059177
0.51715 -4.1517
0.51795 -0.66006
0.51828 1.1913
0.51854 0.069864
0.51972 -0.19319
0.52065 -0.74694
0.5221 0.66377
0.52525 -0.051271
0.52525 0.051271
0.52803 0.10274
0.52822 -0.063173
0.52831 -0.079932
0.52851 0.062457
0.52884 -0.10181
0.52887 0.078522
0.5318 0.38941
0.53258 -0.13099
0.53308 0.23336
0.53373 0.75005
0.53389 -0.05068
0.53389 0.05068
0.53507 0.15948
0.53574 0.50621
0.53626 0.9357
0.53815 0.06898
0.53818 0.058774
0.53824 -0.059232
0.53841 -0.07001
0.53857 -0.58322
0.53896 0.30579
0.54009 0.12975
0.54155 0.78504
0.54157 -0.16406
0.54261 -0.050053
0.54261 0.050053
0.54296 -0.26146
0.54487 -0.39087
0.54568 -0.42851
0.54576 -0.45937
0.54663 0.3463
0.5469 0.082206
0.54713 0.7045
0.54728 -0.53732
0.5474 -0.33632
0.54767 0.062261
0.54791 -0.1906
0.54802 -0.062762
0.54847 -0.49741
0.54862 0.54612
0.54872 -0.21827
0.5489 -0.084455
0.5489 -0.69926
0.54893 0.82317
0.54965 -0.62565
0.5502 -0.11086
0.55106 0.90467
0.55133 -0.049427
0.55133 0.049427
0.55188 1.0357
0.5521 0.6258
0.55282 0.42917
0.55344 0.19271
0.55361 0.97911
0.55362 -0.29949
0.55402 0.58209
0.55439 -0.80502
0.55451 0.66471
0.55452 0.86623
0.55554 0.2718
0.55597 0.47243
0.55641 1.1035
0.55666 0.057498
0.55675 -0.057509
0.55747 0.10861
0.55799 -0.65979
0.55967 0.068816
0.55985 -0.068467
0.5601 -0.048767
0.5601 0.048767
0.56539 -0.057824
0.56541 0.05789
0.56585 -3.332
0.56655 1.2985
0.56734 -0.080687
0.56828 0.085212
0.56888 -0.048108
0.56888 0.048108
0.56992 -0.10051
0.56993 -0.13592
0.57143 -0.98632
0.57152 0.38514
0.57269 -0.067527
0.57302 0.067697
0.57398 -0.056258
0.57407 0.056192
0.5744 0.14636
0.57458 -0.74184
0.57525 0.79626
0.57556 0.31027
0.57578 0.75413
0.57626 0.23274
0.57699 -0.59977
0.57765 -0.47653
0.5777 -0.047417
0.5777 0.047417
0.57854 -0.18601
0.57934 0.89319
0.57962 0.59558
0.57973 -0.27964
0.58 0.93063
0.58052 -0.43588
0.58098 -0.35758
0.5822 -0.56245
0.58322 -0.70726
0.58427 -0.060216
0.58448 0.059581
0.58511 0.55979
0.58513 -0.081606
0.58612 0.078279
0.58633 0.10526
0.58634 -0.67851
0.58652 -0.046726
0.58652 0.046726
0.58714 0.50791
0.58924 -0.51603
0.58927 -0.31758
0.58952 -0.23979
0.59048 0.34836
0.59051 0.83147
0.59074 -0.63613
0.59099 0.45463
0.5915 0.41606
0.59153 0.86723
0.5916 1.0553
0.59281 0.66473
0.59332 1.0099
0.59455 0.7126
0.59481 0.62163
0.59539 -0.046004
0.59539 0.046004
0.59558 -0.054121
0.59562 0.053832
0.59631 -0.10928
0.59748 0.19237
0.59759 0.96873
0.59816 -0.067554
0.59821 0.2726
0.59824 0.066678
0.59986 -0.3924
0.60255 -2.4376
0.60287 0.12713
0.60425 -0.045283
0.60425 0.045283
0.60476 -0.057437
0.60478 0.057024
0.60628 0.084769
0.60694 -0.084623
0.60956 0.1056
0.61211 0.066136
0.61212 -0.066865
0.61267 2.4363
0.61314 -0.044533
0.61314 0.044533
0.61358 -0.053177
0.61361 0.052904
0.61382 0.58789
0.61399 3.3418
0.61475 0.78944
0.61619 0.38285
0.61662 -0.66458
0.61672 0.89339
0.61772 -0.5482
0.61907 -0.47512
0.61908 0.85592
0.61914 -0.28252
0.61914 0.34957
0.61918 -2.0041
0.61966 0.2325
0.6197 2.0002
0.62011 -0.14804
0.62066 0.31574
0.62102 -0.70935
0.62155 -0.77738
0.62204 -0.043783
0.62204 0.043783
0.62204 4.1867
0.62221 0.15423
0.62257 -0.59304
0.62291 0.74269
0.6232 1.6808
0.62354 -0.35073
0.62404 0.50797
0.62408 -0.077949
0.62427 -0.31629
0.62451 1.4548
0.62454 0.075653
0.62499 -0.060087
0.62518 0.059301
0.62546 -0.87281
0.62565 -0.10367
0.62565 -0.20453
0.62574 1.1845
0.62625 0.9388
0.62652 0.4275
0.62719 0.095023
0.62727 0.11992
0.62739 0.54243
0.62749 -0.42832
0.62756 -0.63468
0.62873 -1.6915
0.62894 0.82719
0.62938 1.0917
0.63091 -1.126
0.63095 -0.043007
0.63095 0.043007
0.63096 -0.51676
0.63114 1.0352
0.63204 0.47392
0.63206 -0.24471
0.63228 0.66329
0.63305 -0.050322
0.63315 0.049992
0.63334 -1.3106
0.63373 0.6282
0.63389 -0.069196
0.6345 0.067786
0.63478 0.69764
0.63595 -0.059263
0.63614 0.98564
0.63629 0.058463
0.6366 -1.4906
0.63934 0.19472
0.63986 -0.04223
0.63986 0.04223
0.64143 -0.08219
0.64158 0.27175
0.64198 -0.39114
0.64289 0.079746
0.64332 -0.12202
0.64379 -0.065588
0.64408 -0.052466
0.64426 0.051934
0.6444 0.064234
0.64826 -0.10093
0.64842 0.35145
0.64878 -0.041429
0.64878 0.041429
0.6488 0.13354
0.65017 0.76949
0.65162 0.10473
0.65287 -0.072145
0.65353 0.048792
0.65353 -0.049251
0.65354 -0.059571
0.65384 0.058263
0.65397 0.069616
0.65475 -0.62218
0.65515 -0.6623
0.65535 0.50824
0.65607 0.90772
0.65769 -0.040628
0.65769 0.040628
0.65771 0.80638
0.65786 -0.26915
0.6585 -0.14248
0.65994 0.58116
0.66084 -0.7423
0.66113 0.85826
0.66161 -0.085833
0.66188 0.44066
0.66208 -0.31398
0.66294 -0.4202
0.66297 0.050708
0.66326 1.0144
0.66326 -0.45474
0.66328 -0.17816
0.66338 -0.051772
0.66354 -0.55052
0.66372 -0.066973
0.66395 -0.49841
0.66401 0.063941
0.66448 0.080704
0.66565 0.39644
0.66589 -0.59374
0.66596 0.23009
0.6666 -0.039804
0.6666 0.039804
0.66679 -0.36184
0.66695 0.16279
0.66697 0.54071
0.66758 -0.70285
0.66777 0.73388
0.66867 0.69915
0.66887 -0.11402
0.67041 0.66306
0.67066 -0.22886
0.67082 0.30998
0.67114 0.19607
0.67182 0.046982
0.67186 0.94753
0.67265 -0.047585
0.67338 0.98552
0.67345 0.056367
0.6739 0.61933
0.67445 -0.074633
0.67506 1.0542
0.67516 0.068162
0.67546 0.12476
0.67551 -0.038979
0.67551 0.038979
0.67627 -0.059393
0.67629 0.098947
0.67712 -0.39549
0.67769 0.26891
0.67792 0.4743
0.68096 0.047909
0.68218 -0.047758
0.68237 -0.090586
0.68331 1.2994
0.6844 -0.038134
0.6844 0.038134
0.68595 0.060085
0.68644 -0.98178
0.68759 0.77606
0.68813 0.079407
0.6889 -0.071454
0.68933 -0.056947
0.69059 0.35331
0.69329 -0.037288
0.69329 0.037288
0.69369 -0.58242
0.69419 0.046719
0.69447 -0.11092
0.69476 -0.14528
0.69499 -0.046071
0.69524 -0.34297
0.69526 1.1151
0.69541 -0.79183
0.69628 0.55638
0.69813 -0.62576
0.69833 0.97279
0.6987 0.8188
0.69942 0.51449
0.69949 -0.67934
0.70119 -0.72703
0.70127 -0.47578
0.70215 -0.036424
0.70215 0.036424
0.70236 1.0101
0.70255 0.70283
0.7026 0.10506
0.70301 0.63286
0.70323 -0.27281
0.7039 -0.51881
0.7041 0.061603
0.70428 0.90157
0.70477 -0.060881
0.70484 -0.42659
0.70537 -0.37778
0.70543 0.14388
0.70547 0.85639
0.70574 -0.31493
0.70577 -0.23456
0.70667 0.24679
0.70691 0.43241
0.70708 -0.087484
0.70723 0.28672
0.70825 0.19566
0.70827 -0.55479
0.70832 0.7443
0.70851 0.044576
0.70879 0.59381
0.70882 -0.044318
0.70898 0.38687
0.70907 0.0807
0.71017 0.32182
0.7105 -0.19717
0.71101 -0.03556
0.71101 0.03556
0.71128 0.94443
0.71235 8.4266
0.71416 0.47511
0.71579 0.66295
0.71981 -0.034679
0.71981 0.034679
0.72001 0.051043
0.72053 -0.051076
0.72106 -0.11786
0.72318 0.067988
0.72443 -0.069491
0.72862 -0.033798
0.72862 0.033798
0.72898 0.088797
0.72979 1.0563
0.73029 0.041992
0.73043 -0.58552
0.73055 -0.042007
0.73165 0.87062
0.73183 1.1945
0.73212 0.97501
0.73389 -0.87879
0.73398 -0.45965
0.73407 -0.65886
0.73429 0.054801
0.73495 -0.091597
0.73515 -0.055092
0.73559 -0.30476
0.73598 -0.34427
0.73648 0.118
0.73682 0.26838
0.73728 0.83519
0.73736 -0.032903
0.73736 0.032903
0.73956 -0.49521
0.74007 -0.23799
0.74018 -0.70068
0.74089 0.35235
0.74115 -0.74873
0.74134 0.042892
0.74151 0.78142
0.74159 0.68767
0.74167 -0.042927
0.74224 0.42893
0.74226 0.30393
0.7423 0.72669
0.74244 0.55008
0.74252 0.6592
0.74259 0.070033
0.74278 0.40019
0.7433 0.49769
0.74405 0.62736
0.745 -0.070676
0.74504 0.45697
0.74511 0.58972
0.74529 0.15662
0.74532 0.23371
0.74534 1.0112
0.74611 -0.032007
0.74611 0.032007
0.74651 -0.54113
0.74719 -0.4333
0.74738 0.89561
0.74758 -0.39504
0.7481 -0.15509
0.74851 0.053791
0.74854 -0.2764
0.74873 0.93341
0.74941 -0.053884
0.74956 -0.11526
0.75052 -0.62388
0.75168 0.041209
0.7518 -0.20015
0.75198 -0.041216
0.75477 -0.0311
0.75477 0.0311
0.75982 0.03817
0.75993 0.089001
0.76001 -0.038139
0.76047 0.048394
0.76053 0.19556
0.7607 0.063929
0.76108 -0.048322
0.76245 -0.063938
0.76343 -0.030193
0.76343 0.030193
0.76457 -0.089117
0.76535 0.86398
0.76841 0.039455
0.76864 -0.039403
0.76909 0.66254
0.772 -0.029276
0.772 0.029276
0.77298 0.051821
0.77377 -0.051734
0.77413 -0.50904
0.77466 -0.4236
0.77537 0.51494
0.77605 -0.2236
0.77623 0.42662
0.77683 0.32121
0.77712 -1.7758
0.77781 1.7659
0.77783 0.70008
0.77815 0.35067
0.77828 -0.46434
0.77867 0.82365
0.77875 0.3808
0.77911 -0.12176
0.77911 0.068255
0.77915 0.12322
0.78001 -1.5841
0.78003 0.27165
0.78016 1.5671
0.78052 0.037972
0.78056 -0.028359
0.78056 0.028359
0.78067 -1.3994
0.78072 -0.037923
0.7808 1.1098
0.78081 -0.3626
0.78093 1.0373
0.78102 1.3926
0.78109 1.2743
0.78139 -0.31112
0.78154 0.7428
0.78164 -0.25969
0.78165 -0.068465
0.78191 -0.66512
0.78202 0.97746
0.78207 -0.58479
0.78211 -0.62451
0.78217 0.22743
0.7824 -1.224
0.78306 0.938
0.7831 -0.72577
0.78358 0.58942
0.78404 0.47528
0.78408 -0.79622
0.78422 -1.0705
0.7843 -0.95757
0.78488 0.90235
0.785 0.63258
0.78514 -0.39727
0.78526 0.16347
0.78659 -0.53979
0.78766 0.051056
0.78799 0.5452
0.78838 -0.050926
0.78881 -0.18911
0.78901 -0.027435
0.78901 0.027435
0.79101 -0.15261
0.79266 0.037404
0.79279 0.08764
0.79281 -0.037349
0.79689 0.78272
0.79746 -0.026512
0.79746 0.026512
0.79903 0.063224
0.79975 0.19816
0.80053 0.045877
0.80061 -0.090466
0.8007 -0.062785
0.80088 -0.04569
0.80113 0.034528
0.80122 -0.034484
0.80578 -0.025585
0.80578 0.025585
0.80634 0.86015
0.80766 0.30592
0.80922 0.036633
0.80928 -0.03655
0.81208 -0.42278
0.81267 -0.38385
0.81275 0.051319
0.81298 -0.050538
0.81392 -0.62431
0.81409 -0.024657
0.81409 0.024657
0.81435 -0.55362
0.81504 0.6208
0.81543 0.71468
0.8155 0.34782
0.816 -0.22764
0.81629 0.66433
0.81661 1.0126
0.81674 0.47616
0.81705 0.1713
0.81717 0.93543
0.81738 0.75063
0.81764 -0.70014
0.81771 0.44459
0.81805 0.14071
0.81825 0.40014
0.81881 0.51072
0.8189 0.10627
0.81957 -0.50845
0.81963 -0.037123
0.81967 0.037018
0.81978 0.073362
0.82 -0.31372
0.82002 -0.068665
0.82034 -0.12887
0.82084 0.5577
0.82168 -0.16849
0.82171 -0.19593
0.82225 -0.023729
0.82225 0.023729
0.82267 -0.34765
0.82335 0.27751
0.82428 -0.46198
0.82434 0.81846
0.82487 0.89384
0.82606 -0.27924
0.82676 0.23536
0.82748 -0.050732
0.8275 0.59221
0.82784 0.051139
0.83019 1.1944
0.83041 -0.022801
0.83041 0.022801
0.83134 1.0569
0.83171 -0.035572
0.83182 0.034029
0.83208 -0.5857
0.83262 0.97756
0.83298 -0.74467
0.83332 0.19555
0.83377 -0.88071
0.83412 -0.6634
0.8384 -0.021875
0.8384 0.021875
0.83848 0.7779
0.83856 -0.091557
0.83994 -0.06406
0.8407 -0.046906
0.84085 -0.037537
0.84111 -0.029311
0.84173 0.064052
0.8418 0.046134
0.84248 0.034144
0.84387 0.30833
0.84566 0.088553
0.84638 -0.02095
0.84638 0.02095
0.84704 0.69587
0.84741 0.47094
0.84889 0.027874
0.84958 0.53693
0.84976 -0.54796
0.84982 -0.43683
0.85009 -0.03789
0.8501 -0.027842
0.85018 0.16451
0.85155 -0.15362
0.85209 0.038752
0.85279 0.94796
0.85417 -0.02003
0.85417 0.02003
0.8542 0.73519
0.85426 -0.053085
0.85428 -0.31788
0.85567 0.052783
0.85584 -0.38992
0.85639 1.0137
0.85663 -0.35175
0.85681 -0.70179
0.85711 0.9124
0.85719 0.57216
0.8577 -0.19432
0.85775 0.37616
0.85857 0.12343
0.85866 -0.071918
0.85879 -0.028908
0.85892 0.029092
0.85931 0.27223
0.85976 0.62151
0.86022 0.33895
0.86034 -0.12209
0.8604 0.85972
0.8605 0.66562
0.86132 -0.24514
0.86158 0.070696
0.86196 -0.01911
0.86196 0.01911
0.86269 0.42474
0.86306 -0.47534
0.86447 -0.040755
0.86529 0.040587
0.86558 -0.51528
0.86578 -0.62242
0.8658 0.80655
0.86654 1.1148
0.86711 -0.28241
0.86762 0.50528
0.86805 -0.57858
0.86824 0.23927
0.86885 0.20261
0.86938 -0.80292
0.86953 -0.0182
0.86953 0.0182
0.87003 -0.093154
0.87119 -0.66675
0.8712 -0.027394
0.8714 0.027253
0.87179 -0.055928
0.87232 0.97645
0.87314 0.054693
0.87322 0.76942
0.87511 0.09166
0.8771 -0.017291
0.8771 0.017291
0.87865 -0.072687
0.87897 1.2989
0.88081 -0.040731
0.88136 0.03976
0.88163 0.070388
0.88368 -2.8112
0.88393 -0.98407
0.88443 -0.016394
0.88443 0.016394
0.88509 0.54181
0.88567 -0.02557
0.88582 0.02522
0.8866 1.0528
0.88762 0.94001
0.88794 -0.74097
0.88853 0.69539
0.89009 -0.11372
0.89056 0.35353
0.89104 -0.43626
0.89176 -0.015498
0.89176 0.015498
0.89199 -0.34696
0.89203 -0.30562
0.89227 0.65349
0.89395 0.46551
0.89426 -0.15233
0.89479 -0.057869
0.89488 0.30886
0.895 0.82718
0.89573 -0.189
0.89596 0.054825
0.89646 0.22731
0.89649 -0.59009
0.89671 -0.22102
0.89671 -0.46916
0.89676 0.58165
0.89704 -0.036506
0.89721 -0.085981
0.89729 0.26037
0.89732 -0.023827
0.89735 0.035321
0.89745 0.02333
0.89777 -0.49889
0.89826 0.38983
0.89841 -0.69355
0.89846 0.89989
0.89859 1.0061
0.89878 -0.54697
0.89908 0.16002
0.89924 0.74163
0.90235 0.1124
0.90256 0.080179
0.90316 -0.65254
0.90425 -0.26639
0.90442 0.42612
0.90588 -0.013742
0.90588 0.013742
0.90694 0.96954
0.90703 -0.028103
0.9071 0.78707
0.90716 0.027226
0.90738 0.20089
0.90809 -0.61793
0.90892 -0.39238
0.90913 0.50816
0.91156 0.62129
0.91164 2.8069
0.91256 0.85956
0.91652 -2.2739
0.91715 -0.042103
0.91719 -0.023902
0.91724 0.023186
0.91737 0.040007
0.91914 0.062944
0.91942 -0.012031
0.91942 0.012031
0.92062 -0.070913
0.92477 -0.1092
0.92514 -1.4902
0.92582 2.2677
0.9267 -0.019088
0.9267 0.018534
0.92689 0.54643
0.92707 -0.028829
0.92711 0.027714
0.92725 -1.316
0.92874 0.71174
0.92894 0.27636
0.92933 -0.23413
0.92995 -0.51296
0.93021 -0.42592
0.93115 0.82274
0.93157 0.47902
0.93174 -1.9253
0.93187 -1.6806
0.93233 -0.010375
0.93233 0.010375
0.93267 -0.46955
0.93286 1.0339
0.93318 1.0911
0.93354 0.15936
0.93369 -0.36045
0.9338 -0.19117
0.93406 1.9174
0.93406 0.44484
0.93471 -0.72228
0.93604 0.4052
0.9362 0.23331
0.93627 0.9888
0.9365 1.6688
0.93654 -0.78037
0.93661 1.1841
0.93674 0.89022
0.93674 -0.05388
0.93679 -0.67629
0.93691 0.66377
0.93699 -0.036554
0.93699 0.35359
0.93705 0.034616
0.93724 -0.6357
0.93731 0.9376
0.93738 0.13138
0.93738 0.18696
0.93747 1.453
0.93754 0.020588
0.93759 -0.021462
0.93853 0.053507
0.93855 -0.58845
0.93885 -0.14632
0.93889 -8.986
0.93907 -1.1325
0.9393 -0.31066
0.93965 0.58678
0.94077 0.086913
0.94086 0.30744
0.94247 -0.87425
0.94302 0.75139
0.9433 -0.26386
0.94406 -0.54386
0.94421 0.79017
0.94454 -0.0087838
0.94454 0.0087838
0.94643 0.62201
0.9468 0.026595
0.94721 -0.028605
0.94831 0.016966
0.94846 -0.017872
0.95049 -0.39493
0.95071 0.5097
0.95302 -0.076177
0.95411 0.85583
0.95459 0.037673
0.95601 -0.0072691
0.95601 0.0072691
0.95618 -0.043366
0.95662 0.021908
0.95709 -0.023526
0.96254 0.058512
0.96456 0.16006
0.96517 -0.61965
0.96561 0.015274
0.96584 -0.015834
0.96626 0.42771
0.96667 -0.0058421
0.96667 0.0058421
0.96718 -0.23002
0.96758 0.027121
0.96777 -0.16209
0.96837 0.97203
0.96851 -0.028363
0.96868 -0.43521
0.97017 -0.47031
0.97023 0.77621
0.9703 0.46733
0.97129 0.63654
0.97146 0.010911
0.97149 -0.011127
0.97154 0.32076
0.97184 1.0551
0.97201 -0.058987
0.97213 -0.65484
0.97224 -0.005088
0.97224 0.005088
0.97225 0.23786
0.97253 1.0105
0.97299 0.040692
0.97395 0.27536
0.97412 0.81363
0.97463 -0.50849
0.97547 0.70671
0.9755 -0.69893
0.97552 -0.74431
0.97555 0.39114
0.9757 0.017931
0.97575 -0.018513
0.97646 -0.004515
0.97646 0.004515
0.97669 0.60178
0.97679 0.009827
0.97692 -0.010148
0.97692 -0.11859
0.97704 -0.2728
0.97713 -0.1925
0.97786 -0.55942
0.97818 0.20297
0.97844 -0.040728
0.97851 -0.35772
0.97887 -0.028095
0.97962 0.74793
0.97982 0.66369
0.97985 0.028723
0.97999 0.55106
0.98053 -0.59428
0.98109 0.0038805
0.98112 -0.0038774
0.98129 0.078441
0.98166 0.007376
0.98218 0.94273
0.98246 -0.0076436
0.98256 0.11812
0.98261 0.89773
0.98278 0.013049
0.98283 -0.013976
0.98409 -0.078168
0.98533 -0.0033002
0.98533 0.0033002
0.98537 -0.39958
0.98568 0.02018
0.98602 -0.021904
0.98625 0.037993
0.98671 -0.010476
0.98673 -0.031556
0.98692 0.35249
0.98722 0.50453
0.98727 0.053623
0.98731 0.0086267
0.98763 -0.0065022
0.98888 0.0052229
0.9889 -0.0028061
0.98892 0.0028028
0.98937 0.01408
0.98941 -0.014773
0.98999 -0.056572
0.99071 0.85124
0.99104 0.028259
0.99109 -0.0054498
0.99122 -0.0095409
0.99122 0.0069271
0.9914 -0.0024587
0.99141 0.0024577
0.99168 0.0041484
0.99185 0.010153
0.99301 -0.027276
0.9932 -0.0022108
0.9932 0.0022108
0.99361 -0.0069472
0.9937 -0.004311
0.99378 0.007869
0.99381 0.0055909
0.99385 0.013351
0.99399 -0.013126
0.99404 -0.30986
0.9942 0.003504
0.99458 0.0017601
0.99459 -0.0017581
0.99469 -0.0029803
0.99524 0.01863
0.99577 -0.0013747
0.99577 0.0013745
0.99578 -0.018981
0.99583 0.0098995
0.99588 0.0045568
0.99591 -0.0039731
0.99594 -0.0060008
0.99597 0.0027324
0.99598 0.0067382
0.99598 -0.0092524
0.99603 -0.0025111
0.99625 1.2977
0.99667 0.0018405
0.99669 -0.0017577
0.99673 -0.0010632
0.99673 0.0010609
0.99704 0.013383
0.99712 -0.0033009
0.99713 0.0036364
0.9974 -0.0014492
0.99741 0.0014993
0.99747 -0.0022776
0.99748 0.0024393
0.99752 -0.00080711
0.99752 0.00080633
0.99756 -0.03797
0.99781 -0.012961
0.99796 -0.0011158
0.99797 0.0011479
0.99798 -0.0045085
0.99804 -0.0016487
0.99806 0.0017256
0.99809 0.0050625
0.99818 -0.0031011
0.99823 0.0075537
0.99824 -0.00057304
0.99824 0.00057287
0.99826 0.0033935
0.99832 -0.0067952
0.99858 -0.0011491
0.99861 0.0011985
0.99873 -0.0020979
0.99879 0.002252
0.99903 -0.00031432
0.99903 0.0003143
0.99924 0.068066
0.99944 -0.026664
0.99944 -0.0032459
0.99946 -0.001103
0.99951 0.0011818
0.99957 0.026151
0.99963 0.0036184
0.99966 0.010252
0.99983 -0.0020333
0.99995 0.0022094
0.99999 0.037615
1 0
1 -0.62519
1.0004 -0.069832
1.0005 0.014416
1.0005 -0.24479
1.0006 -0.0011059
1.0007 0.0011928
1.0007 -0.0091131
1.0008 -0.0049328
1.001 -0.0025567
1.0011 1.0933e-05
1.0012 0.0027869
1.0013 0.0058882
1.0022 -0.01432
1.0022 -0.00097009
1.0023 0.00091938
1.0028 -0.0028533
1.0031 0.0027759
1.0043 0.23856
1.0044 -0.020512
1.0047 0.010455
1.0047 0.018693
1.0047 -0.0053295
1.0048 -0.00027478
1.0051 -0.010021
1.0052 0.73514
1.0056 0.0044451
1.0056 -0.46493
1.0062 -0.99016
1.0062 1.1031
1.0063 -0.42533
1.0066 0.67556
1.0068 -0.028667
1.0069 0.77465
1.0077 0.027508
1.0078 -0.16447
1.008 -0.21024
1.0085 -0.014201
1.0086 -0.0026413
1.0088 0.001337
1.0092 -0.05641
1.0096 -0.0074702
1.0097 0.054714
1.0099 0.58696
1.0102 0.47692
1.0103 0.0062022
1.0103 0.012936
1.0106 -0.5407
1.0113 0.16332
1.0116 1.0357
1.012 0.42979
1.0125 0.63249
1.0126 0.93239
1.0134 -0.79488
1.0134 -0.021056
1.0135 0.97718
1.0139 0.38016
1.0142 0.34984
1.0146 -0.0013931
1.0146 0.019958
1.0153 0.31673
1.0156 -0.27391
1.0156 -0.011319
1.0167 -0.086464
1.0171 -0.7254
1.0173 0.0091281
1.0175 -0.6705
1.0176 -0.035683
1.018 -0.58322
1.0183 0.084081
1.0186 0.034524
1.0205 0.20568
1.0209 -0.0069564
1.0213 0.27181
1.0213 -0.1255
1.0216 0.82258
1.0225 0.70575
1.0226 0.86787
1.0231 -0.38833
1.0244 0.55724
1.0245 0.1237
1.025 0.00031952
1.025 0.51669
1.0252 -0.5062
1.0252 -0.33998
1.0263 0.90389
1.0276 -0.015958
1.0288 0.016388
1.0313 -0.30343
1.0315 -0.05526
1.0329 0.052808
1.0359 -0.2384
1.0366 0.032171
1.0375 -0.034131
1.0395 0.74176
1.0405 0.35458
1.0406 0.00013064
1.0411 0.67066
1.0418 -0.62604
1.0444 1.1905
1.0452 -0.47473
1.0456 -0.4352
1.0476 -0.14953
1.0492 0.01814
1.0499 -0.075127
1.0502 0.43141
1.0504 -0.01887
1.0514 1.0592
1.0521 -0.70001
1.0521 1.0116
1.0524 -1.4081
1.0527 0.97588
1.0528 0.81758
1.0532 -0.19283
1.0535 0.18772
1.0542 0.5451
1.0543 -0.27397
1.0548 0.39559
1.0551 0.14659
1.0551 0.46935
1.0551 0.78518
1.0555 0.23836
1.0555 0.84683
1.056 0.28971
1.0561 0.93683
1.0562 -0.88684
1.0563 -0.54541
1.0563 0.58991
1.0564 0.040163
1.0568 0.32588
1.0573 0.63701
1.0575 0.10679
1.0578 0.88605
1.0584 0.069735
1.0584 -0.59129
1.0589 -0.11055
1.0604 -0.36229
1.0609 -0.50287
1.061 -0.045058
1.0619 0.70581
1.0623 -0.39875
1.0629 0.0007136
1.0644 -0.66274
1.065 0.51397
1.0668 -0.31697
1.0672 -0.74476
1.0711 0.021131
1.0739 -0.019412
1.0791 -0.23606
1.08 0.35577
1.0813 0.74419
1.0818 0.81871
1.0819 -1.5725
1.0821 0.66798
1.0832 0.42912
1.0838 -0.075366
1.0838 -1.258
1.0863 -0.42395
1.0874 0.20546
1.0875 -0.57708
1.0877 -0.51546
1.0902 0.04501
1.0902 0.90269
1.0903 -0.47087
1.0903 0.98126
1.0903 0.16928
1.0916 -0.34654
1.0916 -1.7757
1.092 0.31559
1.0927 -0.62225
1.0927 0.12918
1.093 1.0374
1.0933 -0.15234
1.0935 1.1058
1.094 0.0037919
1.0942 0.62662
1.0943 -0.66005
1.0944 0.27377
1.0946 0.087955
1.0947 1.5677
1.0948 1.2709
1.0949 1.7696
1.0951 1.3905
1.0953 -0.6962
1.0957 0.49667
1.0967 0.86043
1.097 -0.27767
1.0971 0.54575
1.0986 -0.19963
1.0989 -0.10818
1.0994 -0.38486
1.0995 0.46039
1.1007 -0.037917
1.1009 -0.80792
1.1012 -0.54602
1.1015 0.78255
1.1018 0.58974
1.1026 0.39196
1.1042 0.70582
1.1055 -7.8726
1.1059 -1.093
1.1061 0.9354
1.1062 0.23591
1.1097 -0.31669
1.1174 -0.97074
1.1192 -5.3268
1.1218 0.81982
1.1226 0.15246
1.1235 0.026559
1.1248 -0.66069
1.1249 0.74485
1.1255 -0.51319
1.1257 -0.35183
1.1259 -0.57829
1.1266 -0.74365
1.127 0.51363
1.1279 -0.54572
1.129 -0.15228
1.129 0.26414
1.1297 -0.12418
1.13 0.29899
1.1306 0.47792
1.1309 -0.077627
1.1314 -0.04255
1.1314 0.57441
1.1317 0.063858
1.1318 -0.4277
1.1319 0.35096
1.1323 -0.18174
1.1324 0.19637
1.1335 0.42988
1.1335 0.66323
1.1338 0.89594
1.1344 0.61157
1.1352 1.0095
1.1353 -0.23545
1.1355 1.0586
1.1358 -0.0097067
1.136 0.96229
1.1363 0.93026
1.1363 0.39082
1.1364 -6.7205
1.1365 0.85303
1.137 0.11315
1.1382 -0.28874
1.1382 -0.47378
1.1394 -0.69784
1.1394 -0.38396
1.1418 0.23764
1.1422 0.71001
1.1433 -0.3244
1.1436 1.1894
1.1443 0.78313
1.1447 -0.62178
1.1462 0.54308
1.1568 -3.4512
1.1569 -0.54498
1.1592 0.15503
1.16 -0.042801
1.1609 -0.88558
1.1623 -0.10967
1.1627 -0.14965
1.1628 0.31638
1.1631 0.46381
1.164 0.866
1.1652 0.50315
1.1657 -0.42806
1.1657 0.02946
1.1683 0.93056
1.1696 -0.40089
1.1696 -0.45527
1.1696 0.22488
1.1699 -0.58411
1.1699 -0.30982
1.17 0.66143
1.1701 0.6316
1.1713 0.27059
1.1714 0.82388
1.1729 -0.35342
1.1732 -0.19464
1.1733 0.89389
1.1738 0.39082
1.1738 0.69156
1.1749 -0.0099177
1.1749 -0.72309
1.1749 -0.50041
1.1757 0.58227
1.1762 1.0363
1.1762 0.78465
1.1764 0.74421
1.1765 0.34783
1.1766 -0.27307
1.1766 -0.66503
1.178 0.43435
1.1788 0.12273
1.179 0.080657
1.1803 1.1023
1.1804 0.98146
1.1807 -0.07675
1.181 -0.61962
1.1812 0.53922
1.1823 0.19053
1.184 -0.79153
1.188 -0.23345
1.1944 1.2953
1.1959 -0.42816
1.2002 -0.037868
1.2008 0.15348
1.2014 0.90717
1.2019 0.51386
1.2021 0.86801
1.2023 -0.16515
1.2024 0.046725
1.2039 0.31647
1.2045 0.61835
1.2047 -0.59431
1.2051 0.6591
1.2055 -0.12002
1.2067 -2.4714
1.2074 0.47038
1.2077 -0.39082
1.208 -0.46534
1.2092 -0.54798
1.21 -0.70032
1.2102 0.36161
1.211 0.78821
1.2111 0.3908
1.2113 0.94198
1.2117 0.42042
1.2123 0.0076693
1.2133 -0.31115
1.2135 -0.62979
1.2137 1.0561
1.2137 0.70649
1.2153 1.0135
1.2153 0.22957
1.2154 -0.50186
1.2155 0.82963
1.2157 -0.35486
1.2158 -0.26212
1.2166 -0.23314
1.217 -0.74066
1.2179 0.5499
1.2179 0.27637
1.2181 0.11321
1.2182 0.18522
1.2192 0.07526
1.2193 -0.20262
1.2207 0.58954
1.2208 0.97706
1.2247 -0.073531
1.2261 0.74624
1.2266 -0.66699
1.227 3.4611
1.2291 2.4572
1.2369 0.5098
1.2378 -1.1956
1.2384 -1.4179
1.2397 0.044932
1.2408 0.8548
1.2429 0.30214
1.2438 -0.34167
1.2439 -0.51638
1.2446 -0.23638
1.245 0.33996
1.2453 -0.59467
1.2455 -0.42823
1.2461 -0.47931
1.2466 0.19765
1.2466 -0.37691
1.2469 0.90238
1.2472 -0.63577
1.2476 -0.030754
1.2482 0.43986
1.2483 0.39009
1.2487 0.15515
1.2493 0.67935
1.2495 0.1193
1.2499 0.95448
1.25 -10
1.25 10
1.2503 1.0899
1.2503 -2.0279
1.2506 1.0363
1.2506 1.1791
1.2508 0.99506
1.2513 -1.6847
1.2515 -0.15879
1.2521 2.016
1.2521 0.62542
1.2523 -0.86284
1.2523 -1.0028
1.2526 0.71935
1.2528 1.4528
1.2533 0.47761
1.2538 0.57483
1.2541 1.6847
1.2542 0.81655
1.2545 0.77349
1.2546 -0.10634
1.2548 0.53891
1.2554 0.011439
1.2557 -0.31633
1.2561 0.085981
1.257 0.7459
1.2574 -0.27805
1.2579 -0.70803
1.2583 0.26467
1.2587 0.22582
1.2587 -0.77679
1.2595 -0.20371
1.2606 -0.66344
1.2619 -0.068881
1.2619 -0.5471
1.2778 0.12103
1.278 0.35695
1.2798 -0.46187
1.2807 -0.39422
1.2808 0.97531
1.282 0.42186
1.2822 0.55252
1.2825 -0.50386
1.2827 -0.30692
1.283 0.8565
1.2831 0.70165
1.2846 -0.67404
1.2855 -0.34766
1.2862 0.50963
1.2867 1.0124
1.2868 0.4594
1.2873 1.0557
1.2873 0.3119
1.2877 0.23771
1.2877 -0.0065018
1.2881 0.93884
1.2887 -0.63119
1.289 0.19564
1.289 0.823
1.2892 0.79241
1.2902 0.15279
1.2903 -0.15782
1.2903 0.043327
1.2903 0.66461
1.2911 0.74484
1.2912 -0.18662
1.2912 -0.046841
1.2914 -0.12827
1.293 -0.5774
1.2935 -0.087443
1.2935 -0.23569
1.2954 0.58896
1.2966 0.089579
1.2974 -0.42852
1.2975 -0.27902
1.2976 0.38928
1.298 -0.53946
1.298 0.89936
1.2987 0.26833
1.2987 0.6285
1.3006 -0.70063
1.3088 -0.74237
1.3136 0.35339
1.3169 0.54874
1.317 -0.31064
1.3172 -0.669
1.3177 1.29
1.3182 0.010949
1.3188 0.16542
1.3196 1.1029
1.3207 0.47729
1.321 -0.51478
1.3211 0.12542
1.3228 0.77887
1.3245 -0.20078
1.325 -0.023604
1.3251 0.97736
1.3252 0.87218
1.3252 1.0357
1.326 0.89968
1.3264 -0.46849
1.3266 0.92755
1.3268 0.8244
1.3271 -0.38984
1.3287 -0.15825
1.3288 -0.42864
1.3292 0.42977
1.3295 -0.90766
1.3296 0.65135
1.3299 -0.064576
1.3302 0.61283
1.3303 0.28663
1.3304 -0.34448
1.3304 0.23667
1.3304 0.70103
1.3306 -0.10841
1.331 0.32292
1.3311 -0.5994
1.3316 0.1939
1.3322 0.036617
1.3331 -0.63734
1.3334 -0.55255
1.3338 0.38472
1.3344 0.57942
1.3347 -0.81515
1.3359 -0.27083
1.3363 0.07459
1.3369 0.7473
1.3372 -0.70478
1.3374 0.51272
1.3393 -0.23071
1.3423 5.4084
1.3504 1.1855
1.3529 0.35324
1.3535 7.7609
1.3537 0.90014
1.3564 -0.66751
1.3567 0.006568
1.3588 0.63149
1.3591 -1.2806
1.3596 0.16281
1.3597 -0.35901
1.361 -0.51321
1.3619 0.97733
1.3623 0.043498
1.3624 -0.42733
1.3628 0.86258
1.3628 0.20521
1.3633 0.47455
1.3639 0.55243
1.3639 0.26955
1.3642 1.0109
1.3652 -0.037405
1.3658 0.59702
1.366 1.0592
1.3663 -0.31538
1.3667 -0.16003
1.3667 -0.54618
1.3667 -0.74731
1.3668 -0.57681
1.3669 -0.12858
1.3682 0.94289
1.3691 0.11218
1.3697 0.78326
1.3697 -0.27892
1.37 0.31138
1.3707 -0.19643
1.3708 -0.38909
1.3708 0.70016
1.3713 0.73184
1.3718 0.82738
1.3722 0.66674
1.3725 -0.62297
1.3728 -0.24677
1.3733 0.39502
1.3743 -0.083717
1.3749 0.51358
1.3755 -0.70229
1.3755 0.43596
1.3773 -0.46995
1.3804 0.23676
1.3826 0.070907
1.3929 -1.1344
1.3936 0.35265
1.3941 -0.011414
1.3942 0.9809
1.3944 0.6263
1.3973 -0.87353
1.3975 0.85237
1.3985 -0.4405
1.3988 -0.59003
1.3996 0.029107
1.3998 -0.5007
1.4008 0.45892
1.401 -0.11418
1.4011 -0.35962
1.4027 -0.15305
1.403 -0.54514
1.4032 -0.40581
1.4038 0.8969
1.4041 1.3915
1.4046 0.49315
1.4047 -0.66853
1.4047 -0.27878
1.4055 0.14099
1.4065 0.81827
1.4071 0.53368
1.4078 1.115
1.4089 0.27535
1.409 0.75163
1.4096 0.19699
1.4097 0.31974
1.4103 0.098391
1.4107 0.7021
1.4109 0.94538
1.411 -0.047946
1.411 0.58151
1.4118 0.23708
1.4119 0.65813
1.4125 1.0318
1.4126 -0.319
1.4133 0.78641
1.4138 0.38448
1.4141 -0.72364
1.4141 1.5613
1.4142 0.42407
1.4157 -0.23028
1.4159 -0.085766
1.4165 -1.5657
1.4172 -0.19025
1.4174 -0.46885
1.4183 1.7718
1.4183 0.063404
1.4184 -0.62163
1.4226 -1.7803
1.4233 -0.97574
1.4238 -1.3991
1.4286 -2.8657
1.4337 -0.79603
1.4341 -0.58326
1.4346 -0.43279
1.4368 0.51024
1.4377 -0.0080702
1.4381 0.30799
1.4386 0.11968
1.4387 0.85223
1.441 -0.50409
1.4414 0.97843
1.4415 0.77162
1.4416 0.66984
1.4434 0.35107
1.4446 0.46595
1.4452 0.80654
1.4458 0.038263
1.4459 -0.30032
1.4459 -0.0408
1.4461 0.62528
1.4463 0.92917
1.4464 -0.34093
1.4466 0.39939
1.4466 0.24066
1.4468 -0.11651
1.4471 -0.069915
1.4478 0.15613
1.4479 -0.26137
1.4483 0.4302
1.4486 -0.16681
1.4491 -0.3889
1.4493 -0.64937
1.4495 0.58613
1.4495 -0.69227
1.4497 0.73794
1.4508 -0.23332
1.4511 8.9969
1.4511 -0.20603
1.4511 0.89162
1.4517 0.54935
1.4524 0.27977
1.4527 0.082181
1.4529 -0.46426
1.454 -0.54776
1.4542 -0.61361
1.4552 1.0182
1.4585 1.2426
1.4588 -0.73555
1.4597 1.063
1.461 0.6998
1.4647 0.19722
1.4687 -0.88277
1.4748 0.50795
1.4751 0.3115
1.4758 -0.58427
1.4763 0.3826
1.477 0.12035
1.477 -0.51937
1.4781 0.66353
1.4785 -0.084067
1.4792 -0.31986
1.4806 -0.66939
1.4819 0.051681
1.4832 2.8469
1.4832 0.871
1.4834 0.82894
1.4834 -0.48396
1.4844 -0.041511
1.4846 0.012417
1.4846 0.91048
1.4847 -0.39394
1.4847 -0.28301
1.4849 1.0296
1.4852 0.99379
1.4852 0.42636
1.486 0.95251
1.4862 -0.43225
1.4862 0.22962
1.4866 -0.18848
1.4866 0.77696
1.4874 -0.23528
1.4881 -0.1476
1.4896 0.58598
1.4901 1.1227
1.4903 0.72845
1.491 -0.35858
1.4912 0.26913
1.4923 -0.62881
1.4927 0.47268
1.4928 -0.11248
1.493 -0.7065
1.4937 0.16082
1.4939 0.54145
1.4946 0.34982
1.4947 0.63024
1.496 -0.54958
1.4975 0.69321
1.4991 0.083769
1.5061 -0.75893
1.507 0.20019
1.5104 -1.2698
1.5118 0.38689
1.5118 1.0585
1.5138 -0.51399
1.5142 1.0156
1.5153 0.8906
1.5164 -0.3941
1.5197 -0.20621
1.5197 -0.66952
1.52 -0.084501
1.5204 -0.2682
1.5206 0.81281
1.5223 0.74787
1.5246 -0.58525
1.5248 0.23914
1.5261 -0.17036
1.5262 0.85369
1.5266 0.92753
1.5269 0.55638
1.5269 0.58465
1.5275 0.2729
1.5276 -0.12884
1.5277 0.71191
1.5281 -0.47257
1.5281 -0.83202
1.5284 -0.31499
1.5288 0.50779
1.5289 -0.010038
1.5294 0.044267
1.5295 0.31109
1.5295 0.082164
1.5298 0.41737
1.5298 0.61383
1.5299 0.66369
1.53 0.45463
1.5313 0.12037
1.5315 -0.048009
1.5318 0.97778
1.5318 0.35664
1.5326 -0.54536
1.533 -0.36091
1.5365 -0.23616
1.5371 0.17174
1.5402 0.20668
1.5411 -0.42823
1.5411 0.7803
1.5419 1.1734
1.5441 -0.63064
1.5465 -0.71258
1.5516 1.0249
1.5524 0.38805
1.5528 -0.93514
1.5537 0.89133
1.5574 -0.070244
1.5578 -0.38943
1.5592 0.080761
1.5593 0.54203
1.5603 -2.3712
1.5605 0.69805
1.5612 0.2295
1.5625 0.859
1.5627 -0.20166
1.5631 0.58161
1.5635 -0.56229
1.5642 0.26819
1.5645 -0.66942
1.5653 -0.26931
1.5659 -0.10606
1.566 0.73904
1.5661 0.82311
1.5665 -0.51676
1.5666 -0.23523
1.5676 1.0915
1.5681 0.42764
1.5691 -0.035847
1.5697 0.34954
1.5699 -0.15237
1.5699 -0.59719
1.571 0.98977
1.5715 -0.34988
1.5726 -1.094
1.5737 0.62932
1.5741 0.19492
1.5746 0.0081818
1.5746 0.47346
1.5772 0.51307
1.5776 0.66864
1.5776 0.048012
1.5779 0.15203
1.5783 -0.46105
1.5788 0.11231
1.5799 -0.77114
1.5799 -1.6738
1.5799 1.4163
1.5808 -0.41992
1.5809 0.30998
1.5814 -0.31004
1.5819 1.2531
1.5828 1.6649
1.5831 -4.1526
1.5834 0.78058
1.5839 2.3311
1.5872 -1.4556
1.5882 1.9377
1.5882 0.94348
1.5957 -0.63457
1.5995 -0.072973
1.5997 0.38977
1.601 -0.23346
1.6019 0.54759
1.602 0.23212
1.6032 0.7026
1.6033 0.86973
1.6045 -0.38468
1.6054 0.079596
1.6135 1.0176
1.6168 -0.18286
1.617 -0.12403
1.6184 -0.70028
1.6189 0.59756
1.6194 -0.024042
1.6196 0.44195
1.6206 0.28257
1.6206 -0.28122
1.6209 0.33956
1.6218 0.49876
1.6218 0.65365
1.6219 0.18285
1.6223 0.031473
1.6224 -0.33614
1.6225 0.75114
1.6227 -0.57003
1.6233 -1.9522
1.6237 0.12737
1.624 0.80873
1.6241 1.1647
1.6251 -0.85342
1.6257 -0.43282
1.6278 -0.4926
1.6338 6.6138
1.6429 1.083
1.6482 0.91004
1.6567 -0.64042
1.6572 0.9665
1.6575 -0.77026
1.6624 -0.074926
1.6627 -0.2315
1.6642 0.39156
1.6644 0.54814
1.6648 0.23395
1.6653 0.70096
1.6658 0.079351
1.6662 -0.38194
1.6763 0.85232
1.6826 -0.15337
1.6846 -0.30665
1.6848 0.0024594
1.6852 0.62486
1.6852 -0.52298
1.6854 0.4707
1.6856 0.31312
1.6862 0.15663
1.6881 0.77405
1.6905 -0.45149
1.6991 -0.97443
1.7057 1.1311
1.7104 -1.5777
1.7121 1.2564
1.7159 1.0286
1.7176 -1.1097
1.7176 -0.59289
1.7207 0.92428
1.7207 1.5607
1.7229 -1.2654
1.7304 -0.7039
1.7355 4.1933
1.738 -0.83284
1.7448 -1.7341
1.7534 -1.4526
1.7657 -0.22931
1.7665 -0.075379
1.7667 -0.37691
1.7678 0.69938
1.7687 0.080268
1.7689 0.5497
1.7693 -0.50272
1.7696 0.39447
1.7697 0.83191
1.7698 0.23695
1.776 1.4147
1.7837 1.7608
1.8204 1.1265
1.833 -0.92195
1.8408 -0.61199
1.8454 -3.3292
1.8524 0.95877
1.8683 -1.0893
1.8684 -1.3946
1.8759 -0.30502
1.8807 0.002566
1.8827 0.63116
1.885 -0.7774
1.8863 0.32007
1.892 1.4215
1.8923 1.5601
1.8982 -1.5879
1.8994 1.2875
1.9034 -2.6976
1.9075 -2.2204
1.9095 -1.8715
1.9098 -1.2657
1.9116 0.7833
1.9132 -0.45684
1.9184 -0.15285
1.9191 -9.2891
1.92 2.0934
1.9242 0.47951
1.9257 0.16071
1.9338 3.3422
1.9715 -0.93009
2.0016 0.91719
2.0087 1.4277
2.0157 1.7677
2.0185 -0.30626
2.023 2.6436
2.0261 -8.3939
2.0264 0.00094431
2.0303 -0.63468
2.0303 1.1015
2.041 0.64364
2.0433 -1.1972
2.0443 0.32838
2.047 -1.0522
2.0503 -1.3996
2.0506 -0.80606
2.0651 -1.5614
2.0678 0.80091
2.0679 1.2936
2.0692 1.5721
2.0791 0.48814
2.0935 -0.45513
2.0997 -0.15522
2.1032 -1.7254
2.1089 0.15529
2.1406 -0.93343
2.1573 -7.3071
2.1588 0.92628
2.1789 -1.2647
2.1873 -2.0133
2.1926 0.27899
2.1969 1.2276
2.2017 0.41308
2.2042 0.57093
2.2073 -0.57005
2.2088 -0.44652
2.2093 -1.1069
2.2147 -0.30981
2.2208 -0.75819
2.2217 -1.549
2.2221 0.7494
2.2226 1.4342
2.2228 -0.15881
2.2248 1.6856
2.2274 1.9553
2.2316 -1.3834
2.2334 -0.0054345
2.2335 -4.809
2.2451 2.2732
2.2545 0.17159
2.2577 1.0788
2.2695 -2.4213
2.3212 -0.46539
2.3244 0.4868
2.3419 -0.9473
2.3484 -0.16997
2.3529 -1.7689
2.3538 -1.4384
2.3561 -1.098
2.3598 0.76222
2.3642 0.6322
2.3656 -0.62681
2.3697 -1.2559
2.3719 0.31421
2.3738 0.12352
2.3799 0.90729
2.3802 -2.9729
2.3898 1.5949
2.3971 1.0706
2.4069 -0.77966
2.4099 1.2383
2.4124 -1.5745
2.4147 -0.33362
2.4343 -5.988
2.4438 1.4489
2.4494 -0.018523
2.4509 1.8076
2.4659 3.0597
2.4732 0.50377
2.4843 0.73894
2.4854 -0.49944
2.4994 0.62297
2.5 -10
2.5 10
2.5037 -1.0794
2.5096 6.086
2.5284 -1.4342
2.536 2.1209
2.5432 -0.19612
2.5458 1.0563
2.5459 -0.67918
2.5473 0.15819
2.5596 -0.88208
2.5609 2.5467
2.5679 7.2736
2.5693 4.943
2.5755 -3.8067
2.5856 -0.3638
2.5947 1.3783
2.596 -2.0812
2.6026 -1.247
2.6128 -1.6798
2.6166 0.36798
2.6201 0.86153
2.6319 1.603
2.6445 1.2132
2.6608 -0.028435
2.663 0.61708
2.6734 -2.5523
2.6847 -0.52182
2.7244 1.8963
2.7355 3.8012
2.7592 8.6883
2.7701 -0.75501
2.7847 -1.0546
2.8114 -0.26565
2.8163 0.18126
2.8205 1.0432
2.8268 -1.415
2.8297 0.42478
2.8311 0.79831
2.8419 -0.036852
2.856 1.3688
2.9182 -0.54948
2.9226 -9.0588
2.9274 0.60778
2.9714 -1.8122
2.9934 1.7257
3.0261 -2.9939
3.0414 2.2272
3.0802 2.9544
3.0803 -0.021184
3.0966 -1.1862
3.1 -7.95
3.1141 1.16
3.1143 -2.3279
3.1249 -0.81895
3.1276 -6.9224
3.1368 0.82323
3.1397 0.37429
3.1873 -0.37946
3.1937 -1.4952
3.2099 1.4437
3.4094 -4.7448
3.4817 5.6169
3.4864 6.6898
3.4979 -3.6166
3.5005 -1.8648
3.5037 1.7906
3.5395 0.59996
3.5449 -0.61058
3.5631 -1.1868
3.57 1.1558
3.6215 4.5617
3.6403 -0.0068085
3.7129 7.8461
3.75 -10
3.75 10
3.7621 3.5472
3.8172 -6.0711
3.8746 -2.6849
3.9178 2.5381
4.0322 8.9775
4.1305 -7.301
4.209 -0.65917
4.2108 0.63994
4.2198 -0.0073359
4.2347 6.1806
4.2502 -8.7323
4.2722 -1.6718
4.281 1.6069
4.5092 5.2863
4.5189 7.0956
4.5333 -3.7963
4.6107 3.2449
4.6501 4.2027
4.7259 -5.1096
4.8994 -0.0027506
4.9732 8.3475
5 -10
5 10
5.0689 -6.3648
5.1502 -2.5188
5.1596 6.2006
5.1599 2.4131
5.3285 -1.1123
5.3329 1.0993
5.4308 -9.0537
5.4417 -7.7887
5.4577 -4.3753
5.5196 3.6111
5.5722 -3.5095
5.5754 7.237
5.8458 5.0063
5.8483 9.0977
6.0201 0.025182
6.0501 -5.303
6.1141 -1.9273
6.128 1.9333
6.1833 8.1344
6.1971 6.3386
6.25 -10
6.25 10
6.2618 -6.6415
6.2941 -8.747
6.3215 -2.8994
6.349 2.9096
6.3967 -4.0302
6.5139 7.241
6.5172 3.9387
6.6242 -1.0028
6.6395 1.092
6.6803 -7.739
6.8269 -9.3819
6.8668 8.9935
6.917 5.6858
7.0131 -5.871
7.1195 -2.0562
7.1759 2.1618
7.2148 6.6159
7.221 -8.6958
7.2756 4.7238
7.292 0.10547
7.3287 -6.8361
7.3825 7.7995
7.4196 -4.7256
7.5 -10
7.5 10
7.5039 -3.3007
7.6007 -7.8045
7.6284 3.4195
7.8454 -0.98261
7.8817 1.2554
8.0091 -5.8691
8.0488 5.7395
8.0614 8.9067
8.1463 -3.9874
8.211 6.8711
8.2611 -2.1189
8.2749 -8.676
8.4 -7.158
8.4413 2.3642
8.6687 7.8132
8.7188 4.497
8.7234 0.29765
8.75 -10
8.75 10
8.7964 -4.6591
8.852 -3.2056
8.8989 6.2565
8.9561 3.3091
9.0104 1.5316
9.0133 -1.0247
9.0838 -5.9795
9.1417 5.5153
9.1714 6.9668
9.2011 -8.024
9.2176 8.8306
9.2219 -2.0221
9.2239 -9.0979
9.3275 -6.9646
10 -10
10 -8.75
10 -7.5
10 -6.25
10 -5
10 -3.75
10 -2.5
10 -1.25
10 0
10 1.25
10 2.5
10 3.75
10 5
10 6.25
10 7.5
10 8.75
10 10
