0.963968 0.306825 -0.00174377 2.42352 
0.964134 0.307123 0.000100436 2.42429 
0.964025 0.306607 -0.00168367 2.42368 
0.963987 0.30662 -0.00174257 2.42355 
0.963876 0.306918 -0.00186647 2.42325 
0.96408 0.307182 -0.0014935 2.42392 
0.964046 0.306988 -0.00163755 2.42378 
0.963462 0.301895 -0.000521501 2.42286 
0.963943 0.306791 -0.00032358 2.42352 
0.963871 0.306907 -0.00118334 2.42329 
0.963942 0.306722 -0.000897477 2.42351 
0.963861 0.306998 -0.000640703 2.4233 
0.964013 0.306887 -0.00164943 2.42368 
0.963932 0.307037 -0.00157466 2.42346 
0.963975 0.306919 -0.00137625 2.42359 
0.964248 0.306595 3.46682e-05 2.42451 
0.964221 0.306534 3.25343e-05 2.42439 
0.963845 0.308404 0.000794901 2.42371 
0.963815 0.308391 0.00152691 2.42361 
0.963873 0.308126 0.00142537 2.42372 
0.964855 0.303882 0.000412181 2.42571 
0.964656 0.304567 0.000633907 2.42526 
0.964439 0.305557 0.00188674 2.42484 
0.964646 0.304702 0.00168979 2.42528 
0.964596 0.304843 0.00112341 2.42514 
0.966478 0.298152 0.00140199 2.42946 
0.963574 0.309569 0.00938132 2.42324 
0.963483 0.310018 0.0112321 2.42309 
0.965817 0.30073 0.00556835 2.42803 
0.964439 0.305684 0.00250352 2.42488 
0.964444 0.305867 0.00405393 2.42497 
0.963468 0.304026 -0.000480505 2.42306 
0.963119 0.301493 -0.000198686 2.42235 
0.963312 0.302236 -0.000385816 2.42267 
0.963109 0.300359 -0.00020523 2.42222 
0.964072 0.306825 -0.00134411 2.42382 
0.964065 0.30664 -0.00149849 2.42374 
0.964045 0.30698 -0.00106875 2.42388 
0.963966 0.306586 -0.000856081 2.42384 
0.963336 0.30007 -0.00040427 2.42259 
0.963878 0.306416 -0.00443499 2.42304 
0.963636 0.306587 -0.00444206 2.42239 
0.963519 0.307181 -0.00490978 2.42214 
0.963637 0.307207 -0.00263846 2.42254 
0.963705 0.307104 -0.00232258 2.42274 
0.964187 0.305656 -0.00165411 2.42397 
0.964135 0.3055 -0.00294786 2.42364 
0.964131 0.305624 -0.00222098 2.42369 
0.963875 0.306626 -0.00199026 2.42319 
0.963936 0.306537 -0.00185602 2.42337 
0.963819 0.306624 -0.00221029 2.423 
0.96384 0.306396 -0.00232823 2.42302 
0.96403 0.306969 -0.00177176 2.42368 
0.963998 0.306837 -0.00176271 2.42359 
0.964273 0.304796 -0.00318607 2.42392 
0.960561 0.319447 -0.0132829 2.41619 
0.962214 0.312184 -0.0145073 2.41954 
0.962462 0.312888 -0.0184357 2.42037 
0.962754 0.310521 -0.0146181 2.42075 
0.963826 0.30718 -0.0016945 2.42315 
0.963727 0.307338 -0.00168648 2.42287 
0.963813 0.307067 -0.00187582 2.42308 
0.963705 0.30723 -0.002079 2.42277 
0.963642 0.307479 -0.00196572 2.42263 
0.963533 0.307705 -0.00197596 2.42234 
0.963422 0.307958 -0.00222967 2.42204 
0.963524 0.307535 -0.00279544 2.42225 
0.963422 0.307926 -0.0026296 2.42202 
0.963497 0.307515 -0.00335159 2.42215 
0.963671 0.30738 -0.00151362 2.42272 
0.963716 0.30717 -0.0012482 2.42285 
0.963435 0.307717 -0.001457 2.42209 
0.963533 0.307628 -0.00162617 2.42234 
0.958961 0.325387 -9.77085e-05 2.41276 
0.958966 0.325343 -0.000417393 2.41277 
0.958888 0.325666 -0.00191082 2.41264 
0.963682 0.307355 -0.000681148 2.4228 
0.963465 0.307655 -0.00109807 2.42218 
0.963606 0.307361 -0.000993289 2.42257 
0.963845 0.306823 -0.000121663 2.42324 
0.961474 0.314718 -0.00140268 2.41773 
0.963136 0.308684 -0.00613676 2.42133 
0.959114 0.325712 0.00379391 2.41336 
0.958012 0.329921 -0.00228061 2.41107 
0.958029 0.329776 -0.00142624 2.41109 
0.958197 0.328949 -0.00126491 2.41139 
0.964384 0.30552 0.000216916 2.42463 
0.964466 0.305221 0.000489222 2.42482 
0.964212 0.306263 0.000506535 2.42428 
0.964424 0.305434 0.000863587 2.42474 
0.964178 0.306563 0.000248532 2.42427 
0.964201 0.306792 9.28662e-05 2.42441 
0.964199 0.306656 0.000128177 2.42436 
0.964147 0.306935 0.000195751 2.42427 
0.964164 0.306553 0.000407898 2.42422 
0.964226 0.306213 6.41408e-05 2.42431 
0.96427 0.305982 0.000244258 2.42439 
0.964227 0.306196 0.00035252 2.42431 
0.964203 0.306414 0.000106799 2.42429 
0.964197 0.306419 0.000218311 2.42427 
0.963765 0.308668 0.00140835 2.42352 
0.963642 0.30944 0.000223581 2.42335 
0.964041 0.307514 0.000138461 2.4241 
0.964001 0.307652 0.000260348 2.42401 
0.964075 0.307297 0.000236864 2.42414 
0.963895 0.308108 0.000838978 2.42379 
0.963913 0.307977 0.00108208 2.42381 
0.963999 0.307516 0.000642944 2.42396 
0.963985 0.307646 0.000515221 2.42395 
0.963863 0.308325 0.000106965 2.42376 
0.963857 0.308397 0.000526355 2.42376 
0.964136 0.306718 0.000526013 2.42417 
0.964112 0.306924 0.000420217 2.42415 
0.964044 0.307277 0.000630341 2.42403 
0.964069 0.307181 0.000469354 2.42409 
0.963999 0.30747 0.000910897 2.42395 
0.963973 0.307606 0.00109909 2.4239 
0.964053 0.307192 0.000889753 2.42404 
0.964089 0.306981 0.00102126 2.4241 
0.964128 0.306832 0.00140396 2.42418 
0.9642 0.306445 0.00133838 2.42431 
0.964304 0.306008 0.00141972 2.42452 
0.964155 0.306578 0.000781361 2.42419 
0.964142 0.306671 0.000969115 2.42418 
0.964234 0.306194 0.000737849 2.42433 
0.964321 0.305845 0.00096284 2.42452 
0.963804 0.308585 5.53013e-05 2.42364 
0.963837 0.308495 0.000154045 2.42372 
0.963757 0.309011 0.000162623 2.42362 
0.963719 0.309178 0.000100522 2.42354 
0.963775 0.308714 1.90249e-05 2.42358 
0.963785 0.308748 1.45704e-05 2.42363 
0.963803 0.308748 0.000137652 2.42369 
0.963798 0.308681 7.379e-05 2.42365 
0.963791 0.308831 2.85025e-05 2.42367 
0.963788 0.308864 9.0855e-05 2.42367 
0.96552 0.301601 0.0005141 2.42727 
0.965869 0.30036 0.00163847 2.42808 
0.965137 0.302939 0.000923779 2.42638 
0.963003 0.311784 0.0112597 2.42204 
0.961807 0.315704 0.00524742 2.4192 
0.963932 0.308225 0.00880476 2.42401 
0.964646 0.304981 0.00320168 2.42536 
0.964618 0.305187 0.00388953 2.42533 
0.963576 0.309455 0.00584109 2.42315 
0.964284 0.306416 0.00354125 2.42459 
0.964277 0.306373 0.00266543 2.42455 
0.963817 0.305101 -0.000722038 2.42358 
0.96403 0.306472 -0.000945728 2.42389 
0.963899 0.304958 -0.000856822 2.42367 
0.964112 0.305947 -0.00128395 2.42392 
0.963612 0.298265 -0.00061412 2.42309 
0.964402 0.30445 -0.00247318 2.42438 
0.964569 0.303526 -0.00289815 2.42477 
0.964593 0.303444 -0.00850465 2.42461 
0.963916 0.306628 -0.00280045 2.42323 
0.963875 0.306462 -0.00377252 2.42305 
0.963978 0.306482 -0.00326719 2.42335 
0.963696 0.306701 -0.00292074 2.42261 
0.963783 0.306344 -0.00272614 2.42282 
0.963624 0.306905 -0.00342943 2.42241 
0.963672 0.306539 -0.00381213 2.42249 
0.964017 0.306849 -0.00196201 2.42359 
0.963952 0.306763 -0.00220315 2.42339 
0.96406 0.306319 -0.00186193 2.42363 
0.96399 0.306671 -0.00242072 2.42345 
0.964057 0.306172 -0.00216466 2.42357 
0.964822 0.292373 -0.0012996 2.4257 
0.965665 0.293954 -0.00368987 2.42734 
0.965537 0.299338 -0.00601541 2.42695 
0.965122 0.30133 -0.00480821 2.42599 
0.963692 0.307636 -0.0118146 2.4228 
0.964951 0.30204 -0.00984647 2.4254 
0.965592 0.299818 -0.00870831 2.4269 
0.96054 0.319497 -0.0160391 2.41619 
0.96045 0.320149 -0.0147759 2.41604 
0.959936 0.322033 -0.0127559 2.41495 
0.959867 0.322346 -0.00999761 2.41477 
0.960181 0.320942 -0.0108152 2.4154 
0.960197 0.320776 -0.0121849 2.41544 
0.960907 0.318045 -0.0128318 2.41688 
0.961331 0.316444 -0.0136722 2.41777 
0.960764 0.318207 -0.0166586 2.41661 
0.962448 0.313164 -0.0204402 2.4204 
0.96295 0.310619 -0.0211706 2.42142 
0.962213 0.311659 -0.000960777 2.41924 
0.963362 0.307985 -0.00354056 2.42183 
0.963009 0.309098 -0.00339445 2.42102 
0.963291 0.308286 -0.00299971 2.42169 
0.963141 0.308672 -0.00290056 2.42133 
0.959089 0.324778 -0.000401804 2.413 
0.958946 0.325769 0.00140878 2.41286 
0.959166 0.324996 0.00132275 2.41332 
0.958785 0.32615 -0.00115895 2.41245 
0.958865 0.325862 -0.000554053 2.4126 
0.958579 0.326914 -0.00113858 2.41205 
0.958814 0.326232 0.000578948 2.41256 
0.958875 0.325898 0.000108608 2.41265 
0.962907 0.308987 -0.000217805 2.42076 
0.963084 0.308485 -0.00018855 2.4212 
0.962854 0.309333 -0.000578261 2.42065 
0.962681 0.309984 -0.000764261 2.42026 
0.962702 0.309978 -0.00144414 2.42032 
0.963332 0.308095 -0.000494853 2.42186 
0.963176 0.308453 -0.000453617 2.42145 
0.963361 0.308046 -0.0009115 2.42193 
0.963589 0.307465 -0.000356763 2.42255 
0.963676 0.307141 -0.000128231 2.42277 
0.963416 0.307756 -0.00023353 2.42207 
0.961877 0.313137 -0.00228152 2.41857 
0.96156 0.31431 -0.00368205 2.41792 
0.96166 0.314069 -0.00267127 2.41814 
0.961596 0.314019 -0.000548749 2.41795 
0.961975 0.312476 -0.000535036 2.41873 
0.961831 0.313194 -0.00108051 2.41845 
0.961219 0.315791 -0.00140521 2.41722 
0.960595 0.318432 -0.00134779 2.41597 
0.962103 0.312945 -0.00774012 2.41921 
0.961725 0.313982 -0.00495983 2.41831 
0.952488 0.349625 -0.0108412 2.3997 
0.957878 0.330574 -0.00101147 2.41085 
0.957413 0.332349 -0.00244969 2.40992 
0.957849 0.330681 -0.00250629 2.41079 
0.957728 0.331232 -0.00173074 2.41057 
0.957556 0.331902 -0.00175026 2.41022 
0.957289 0.333099 0.000295697 2.40971 
0.957469 0.33238 -0.000448354 2.41007 
0.957427 0.33241 -0.00121512 2.40996 
0.957271 0.333034 -0.00192509 2.40966 
0.958112 0.329382 -0.00596807 2.41128 
0.958778 0.326064 -0.00266023 2.41243 
0.962456 0.313159 0.00232028 2.42056 
0.962195 0.314051 0.00281684 2.41997 
0.959217 0.324657 0.000633777 2.41339 
0.95905 0.326126 0.00509742 2.41332 
0.958696 0.327741 0.00529637 2.41265 
0.958701 0.328376 0.00661075 2.41282 
0.958858 0.326273 0.00208348 2.41273 
0.9589 0.326406 0.00293026 2.41289 
0.959422 0.324089 0.00189219 2.41388 
0.960097 0.321498 0.00280922 2.41535 
0.959805 0.322734 0.00380471 2.41476 
0.959441 0.324026 0.00315519 2.41396 
0.960622 0.32095 0.009983 2.4169 
0.95989 0.322807 0.00530277 2.41505 
0.958179 0.329024 -0.00364478 2.41136 
0.95818 0.329046 -0.0027259 2.41136 
0.958318 0.328499 -0.00210239 2.41162 
0.958494 0.327544 -0.00208198 2.41192 
0.958598 0.327034 -0.00273071 2.41211 
0.958294 0.328679 -0.00044217 2.41161 
0.958596 0.327022 0.000421943 2.41214 
0.9585 0.327402 -0.000402296 2.41193 
0.957413 0.332633 0.00124754 2.40997 
0.978297 0.182664 0.0656919 2.45364 
0.965962 0.300594 0.0217161 2.4287 
0.963678 0.30923 0.000606916 2.42341 
0.963609 0.309516 0.000516902 2.42327 
0.963795 0.308633 0.000915162 2.42362 
0.963755 0.308765 0.00118513 2.42352 
0.963764 0.308826 0.000747558 2.42358 
0.963687 0.309123 0.000835252 2.42341 
0.96366 0.309182 0.00110992 2.42334 
0.963891 0.308212 0.000423584 2.42381 
0.963897 0.308177 0.000224764 2.42382 
0.96392 0.308008 0.000577007 2.42385 
0.96395 0.307856 0.000485327 2.4239 
0.963941 0.307969 0.00011626 2.42391 
0.963964 0.307836 0.000241256 2.42394 
0.963829 0.308581 0.000450221 2.42372 
0.963829 0.308595 0.000282103 2.42373 
0.963786 0.308785 0.000553424 2.42364 
0.963805 0.308744 0.000239565 2.42369 
0.963751 0.308973 0.000453586 2.42358 
0.963771 0.30892 0.000302632 2.42363 
0.964896 0.30386 0.00218414 2.42586 
0.96515 0.302952 0.0018716 2.42644 
0.964894 0.30405 0.0031195 2.42591 
0.96515 0.303224 0.00399993 2.42652 
0.96554 0.301667 0.00391321 2.42737 
0.965551 0.301572 0.00263166 2.42738 
0.962307 0.313815 0.00399495 2.42027 
0.962178 0.314358 0.00496101 2.42002 
0.962058 0.315379 0.0104999 2.41997 
0.961593 0.317279 0.00988162 2.41896 
0.961788 0.315977 0.00686024 2.41923 
0.961467 0.317329 0.00789488 2.41857 
0.963974 0.307914 0.00720102 2.42404 
0.963807 0.308474 0.00628185 2.42364 
0.965526 0.302245 0.0102391 2.42754 
0.965215 0.303526 0.0123536 2.42689 
0.964606 0.30577 0.0119575 2.42556 
0.964407 0.306454 0.00987044 2.42507 
0.963966 0.307716 0.00319156 2.42392 
0.964086 0.307226 0.0038048 2.42418 
0.96368 0.308995 0.00478904 2.42335 
0.964065 0.3074 0.00476137 2.42416 
0.963881 0.308145 0.00509253 2.42378 
0.964096 0.307033 0.00168171 2.42413 
0.964137 0.306915 0.00226749 2.42423 
0.963998 0.307479 0.00149847 2.42395 
0.964014 0.30746 0.00250849 2.424 
0.963928 0.307857 0.00213015 2.42383 
0.963935 0.307806 0.0017131 2.42383 
0.964081 0.306204 -0.00162191 2.42369 
0.964106 0.306233 -0.00139808 2.42382 
0.964079 0.306411 -0.00142921 2.42374 
0.964089 0.306496 -0.00122407 2.42386 
0.963726 0.301692 -0.000844547 2.4233 
0.963812 0.300997 -0.000996494 2.42345 
0.964176 0.304852 -0.00150001 2.42406 
0.964279 0.304304 -0.00178132 2.42426 
0.964092 0.2988 -0.00119096 2.42403 
0.964581 0.301765 -0.00239358 2.42497 
0.963995 0.295225 -0.000620647 2.42395 
0.964868 0.300347 -0.00300709 2.4256 
0.964625 0.296143 -0.00177219 2.42517 
0.963989 0.306302 -0.00494792 2.42333 
0.964787 0.302785 -0.00523133 2.42504 
0.964585 0.303395 -0.00652758 2.42457 
0.964277 0.304744 -0.00608275 2.42392 
0.964586 0.303582 -0.00409022 2.42461 
0.96431 0.304524 -0.0041388 2.42397 
0.964188 0.3052 -0.0049348 2.42373 
0.967177 0.276024 -0.00166998 2.43115 
0.98562 0.187419 -0.0651982 2.47193 
0.967371 0.283992 -0.00374602 2.43136 
0.966099 0.284875 -0.00189803 2.42866 
0.966265 0.290364 -0.00437077 2.42867 
0.966722 0.290931 -0.00858309 2.4296 
0.964105 0.305964 -0.00851502 2.42363 
0.963771 0.307044 -0.00954226 2.42289 
0.964047 0.306151 -0.0069429 2.42348 
0.963827 0.306407 -0.00610746 2.42292 
0.963385 0.307571 -0.00663706 2.42186 
0.963557 0.306798 -0.0060147 2.42221 
0.962705 0.310331 -0.0127359 2.42054 
0.963008 0.309165 -0.0116095 2.42117 
0.96231 0.31234 -0.0126868 2.41976 
0.962319 0.312048 -0.00901307 2.41968 
0.965307 0.300695 -0.0188568 2.42631 
0.963214 0.309625 -0.0194246 2.42194 
0.962878 0.311393 -0.0178305 2.42125 
0.963064 0.310374 -0.0159063 2.42157 
0.964871 0.302807 -0.0177874 2.42541 
0.963981 0.306618 -0.0137112 2.42347 
0.96364 0.308368 -0.0158873 2.42283 
0.964217 0.305141 -0.0192791 2.424 
0.963736 0.307212 -0.0183242 2.42299 
0.959031 0.325458 -0.0104694 2.4131 
0.959587 0.323422 -0.0104457 2.41422 
0.959344 0.324492 -0.00969572 2.41374 
0.961501 0.315595 -0.0118972 2.41807 
0.961956 0.31379 -0.0114663 2.41899 
0.962 0.31342 -0.00990723 2.41904 
0.961794 0.314251 -0.0083908 2.41859 
0.961113 0.317191 -0.0112281 2.41729 
0.961434 0.31568 -0.0150882 2.41797 
0.961147 0.316741 -0.0164703 2.4174 
0.962054 0.313949 -0.0176193 2.41943 
0.961911 0.313427 -0.015565 2.41894 
0.939061 0.379786 -0.00643316 2.37205 
0.962995 0.310056 -0.0231058 2.4215 
0.962933 0.309024 -0.0020711 2.42083 
0.963222 0.308289 -0.00120344 2.42156 
0.963104 0.308669 -0.00227844 2.42125 
0.962894 0.309194 -0.0015424 2.42074 
0.963274 0.308063 -0.00155378 2.42167 
0.963251 0.308261 -0.00198695 2.42161 
0.962985 0.309126 -0.00111209 2.42099 
0.963121 0.308713 -0.00100681 2.42132 
0.962541 0.310254 -0.000399216 2.41992 
0.962338 0.311005 -0.000452034 2.41948 
0.963342 0.30794 -0.00470541 2.42176 
0.963287 0.308238 -0.00404465 2.42165 
0.963079 0.308958 -0.00400782 2.42119 
0.962969 0.309414 -0.004763 2.42096 
0.963128 0.308717 -0.00537745 2.42129 
0.958964 0.325428 -1.12397e-06 2.41278 
0.958983 0.325441 0.000163844 2.41286 
0.959117 0.32497 0.000253297 2.41315 
0.959815 0.321675 -0.000667682 2.41442 
0.960292 0.319678 -0.000812676 2.41537 
0.960089 0.320614 -0.00151878 2.41498 
0.959391 0.323522 -0.000555874 2.41359 
0.959088 0.324877 -0.00180765 2.41303 
0.959179 0.324458 -0.000955191 2.41319 
0.959329 0.324471 -0.00836669 2.41367 
0.959055 0.325555 -0.00772578 2.41312 
0.962534 0.311075 -0.00636609 2.42005 
0.962177 0.312388 -0.00666054 2.4193 
0.962009 0.312978 -0.00530137 2.41891 
0.962621 0.310094 -0.00200887 2.42012 
0.962825 0.309669 -0.00316584 2.42061 
0.962787 0.309543 -0.00248139 2.4205 
0.961086 0.316285 -0.000507455 2.41694 
0.960779 0.31758 -0.000533461 2.41632 
0.961246 0.315663 -0.00372764 2.41729 
0.961083 0.316486 -0.00269173 2.41697 
0.960614 0.318379 -0.00390289 2.41603 
0.96076 0.317889 -0.00265659 2.41634 
0.957344 0.33298 0.00232412 2.40985 
0.957569 0.332201 0.00316207 2.41033 
0.957015 0.333805 -0.00412903 2.40909 
0.95683 0.334444 -0.00530312 2.40868 
0.95708 0.333933 0.000108277 2.4093 
0.958024 0.329633 -0.00685524 2.4111 
0.958085 0.329354 -0.00776641 2.41122 
0.961936 0.314976 0.00242013 2.41939 
0.96009 0.321564 0.00140333 2.4153 
0.959048 0.32688 0.0129164 2.41368 
0.960202 0.322413 0.0105216 2.41602 
0.959932 0.323478 0.00972435 2.41543 
0.958987 0.327316 0.00723893 2.41344 
0.959219 0.325665 0.00628176 2.41374 
0.96064 0.320503 0.00821334 2.41682 
0.960289 0.321497 0.00721967 2.41599 
0.961043 0.318736 0.00715679 2.41761 
0.960279 0.321409 0.00571526 2.41591 
0.957811 0.331475 0.00265724 2.41086 
0.974798 0.198357 0.0730128 2.44971 
0.966111 0.299945 0.0106769 2.42881 
0.966038 0.300302 0.0187815 2.42882 
0.966226 0.299633 0.0134108 2.42913 
0.965595 0.302094 0.0144036 2.42778 
0.965437 0.302543 0.0168375 2.42746 
0.960164 0.322496 0.0122014 2.41596 
0.959807 0.323819 0.0125748 2.41522 
0.961325 0.318133 0.0113346 2.4184 
0.960924 0.319686 0.0113442 2.41756 
0.962098 0.315164 0.0124498 2.42009 
0.961643 0.316941 0.0130971 2.41914 
0.951362 0.356737 0.016437 2.39804 
0.953489 0.346564 0.017848 2.40209 
0.952718 0.350141 0.0186695 2.40059 
0.952286 0.352306 0.016438 2.39977 
0.952527 0.350197 0.013631 2.40003 
0.954146 0.344377 0.019813 2.40351 
0.957116 0.333617 0.036529 2.41004 
0.95338 0.34789 0.00108926 2.40179 
0.963473 0.309835 0.00126844 2.42292 
0.963573 0.30948 0.00133662 2.42314 
0.963327 0.310304 0.00155563 2.42258 
0.963308 0.310341 0.00196021 2.42252 
0.962722 0.312342 0.00299464 2.42119 
0.962931 0.3116 0.00242791 2.42166 
0.963148 0.310874 0.00253208 2.42215 
0.962667 0.312561 0.00387858 2.42108 
0.963574 0.309292 0.0040942 2.4231 
0.963292 0.310411 0.00393277 2.42249 
0.963276 0.310407 0.0031442 2.42244 
0.962428 0.313702 0.00623145 2.42063 
0.962239 0.314557 0.00748831 2.42026 
0.963149 0.311082 0.00836099 2.42227 
0.962814 0.312435 0.00961422 2.42158 
0.962382 0.314136 0.00920226 2.42064 
0.965326 0.302893 0.00652193 2.42701 
0.965188 0.303474 0.00821576 2.42674 
0.964755 0.304795 0.00490163 2.42568 
0.965025 0.303881 0.0051304 2.42629 
0.964684 0.30528 0.0081705 2.42563 
0.964394 0.306351 0.00689005 2.42496 
0.964538 0.305626 0.00505162 2.42522 
0.964372 0.306283 0.00562242 2.42486 
0.97419 0.254862 -0.024284 2.44598 
0.971998 0.237147 -0.00531428 2.44316 
0.969349 0.276075 -0.0149295 2.43522 
0.968922 0.26884 -0.00332871 2.43494 
0.968693 0.276789 -0.0046645 2.43417 
0.967934 0.284813 -0.00649548 2.43225 
0.967436 0.286144 -0.00916507 2.43112 
0.967861 0.285447 -0.0124876 2.43205 
0.968832 0.281672 -0.00765734 2.4342 
0.968719 0.279717 -0.0116908 2.4339 
0.962643 0.310661 -0.00883001 2.42034 
0.96296 0.309494 -0.00978914 2.42103 
0.963007 0.309226 -0.00691979 2.42107 
0.962754 0.310198 -0.00723553 2.42053 
0.963269 0.307982 -0.00757318 2.42162 
0.963327 0.307705 -0.0086879 2.42176 
0.965287 0.300831 -0.0138057 2.4262 
0.96485 0.302633 -0.0155796 2.4253 
0.964823 0.302566 -0.0120487 2.42516 
0.96445 0.303896 -0.013519 2.42437 
0.958766 0.32656 -0.00990026 2.41257 
0.958808 0.326686 -0.00848933 2.41268 
0.958561 0.327706 -0.00777287 2.41219 
0.958292 0.328483 -0.00827088 2.41163 
0.959678 0.323103 -0.0123785 2.41444 
0.959503 0.323557 -0.0116397 2.41405 
0.95914 0.32507 -0.0117192 2.41334 
0.961474 0.315235 -0.00598374 2.41784 
0.961484 0.315378 -0.00762322 2.41791 
0.96117 0.316155 -0.00500947 2.41719 
0.960859 0.317477 -0.00527095 2.41657 
0.961683 0.315621 -0.0185633 2.4187 
0.961343 0.316507 -0.0179946 2.41791 
0.960156 0.320714 -0.0170121 2.41538 
0.938669 0.379748 -0.00143926 2.37089 
0.93887 0.379667 -0.00477768 2.3715 
0.93858 0.379459 -0.0112569 2.37096 
0.93856 0.379801 -0.00789224 2.3708 
0.959019 0.32559 -0.0128273 2.41312 
0.965201 0.300753 -0.0210807 2.42609 
0.965671 0.298926 -0.0261995 2.42724 
0.96404 0.305237 -0.0293604 2.42376 
0.963419 0.308683 -0.0245124 2.42246 
0.959677 0.322344 -0.00127657 2.41417 
0.959491 0.323125 -0.00120224 2.4138 
0.959897 0.322094 -0.00838563 2.41477 
0.959625 0.323246 -0.00759893 2.41423 
0.958821 0.325987 -0.0036224 2.41252 
0.958944 0.325894 -0.00639979 2.41286 
0.958642 0.327156 -0.00639773 2.41228 
0.958416 0.327982 -0.0055748 2.41182 
0.958441 0.327922 -0.00429838 2.41185 
0.958619 0.327186 -0.00378267 2.41218 
0.962726 0.310166 -0.00463306 2.42041 
0.962533 0.310926 -0.00524044 2.42001 
0.962666 0.310305 -0.00362665 2.42026 
0.962219 0.311994 -0.00451642 2.41932 
0.957103 0.334046 0.00264344 2.4094 
0.957374 0.332962 0.0051025 2.40998 
0.957824 0.331293 0.00472462 2.41088 
0.957593 0.332272 0.00434812 2.41043 
0.953334 0.346482 -0.0152148 2.40143 
0.954144 0.344474 -0.0127807 2.40324 
0.953587 0.346532 -0.00812562 2.4021 
0.954275 0.345258 -0.00748218 2.40369 
0.953248 0.347045 -0.0107548 2.40129 
0.953559 0.345827 -0.0125935 2.40192 
0.957494 0.332058 -0.00343752 2.41009 
0.957327 0.332695 -0.00436002 2.40975 
0.957765 0.331007 -0.00341103 2.41063 
0.957901 0.330277 -0.00520992 2.41087 
0.957949 0.330223 -0.00417764 2.41098 
0.956912 0.334299 -0.0030193 2.4089 
0.957092 0.333805 -0.00195678 2.4093 
0.956961 0.3342 -0.000969864 2.40902 
0.956691 0.335258 -0.00093847 2.40846 
0.960463 0.320179 0.0034299 2.41616 
0.960539 0.320213 0.00489728 2.4164 
0.960944 0.318815 0.00540427 2.41731 
0.960771 0.319111 0.00251305 2.41681 
0.961841 0.31526 0.00121652 2.41916 
0.96132 0.317129 0.000501854 2.41798 
0.961464 0.316577 0.00119152 2.41831 
0.962568 0.312884 0.0016742 2.42082 
0.962521 0.313033 0.000901235 2.42072 
0.962853 0.311858 0.00173579 2.42147 
0.96357 0.309682 0.00010573 2.42319 
0.959427 0.323854 0.000352373 2.41382 
0.959587 0.323356 0.00103072 2.41421 
0.95984 0.322415 0.000703498 2.41474 
0.960384 0.320435 0.000632869 2.41591 
0.960967 0.318383 0.000523651 2.41718 
0.960711 0.319287 0.00120225 2.41664 
0.959173 0.326185 0.0115456 2.41387 
0.959418 0.325493 0.0091438 2.41435 
0.959616 0.324509 0.0102595 2.41476 
0.959526 0.324819 0.0113964 2.4146 
0.959723 0.323622 0.00631824 2.41475 
0.95948 0.324701 0.00673962 2.4143 
0.959554 0.324974 0.00817828 2.41459 
0.959887 0.323757 0.00853311 2.4153 
0.959988 0.322829 0.00756106 2.4154 
0.958647 0.327306 0.00195155 2.41234 
0.95852 0.32775 0.00125501 2.41207 
0.958657 0.327556 0.00288387 2.41244 
0.958208 0.329085 0.000321921 2.41146 
0.958319 0.328667 0.00116216 2.41169 
0.958189 0.329321 0.00179919 2.41148 
0.969823 0.284682 0.00183267 2.4368 
0.973781 0.250741 0.0603227 2.44725 
0.971911 0.264969 0.0573009 2.44246 
0.972446 0.257545 0.0620434 2.44404 
0.966397 0.298568 0.00624341 2.42934 
0.966585 0.297822 0.00910155 2.42978 
0.966922 0.296553 0.00361074 2.43047 
0.970892 0.218038 0.0785776 2.44239 
0.973778 0.213498 0.0722841 2.44824 
0.975328 0.22765 0.0639831 2.45073 
0.973608 0.24133 0.0673402 2.44738 
0.965686 0.300912 0.0280671 2.42809 
0.970463 0.275992 0.0472407 2.43855 
0.96791 0.291062 0.036611 2.43303 
0.969666 0.280427 0.0408927 2.43668 
0.96832 0.287143 0.0413649 2.43379 
0.964822 0.304582 0.0337033 2.42637 
0.965672 0.301468 0.0317633 2.42819 
0.966534 0.298063 0.03295 2.43009 
0.966781 0.296421 0.0367624 2.43064 
0.967119 0.295658 0.0294097 2.43129 
0.966667 0.29772 0.0234354 2.43021 
0.966562 0.297947 0.0266205 2.43002 
0.966664 0.297878 0.0175421 2.43014 
0.966705 0.297593 0.0147626 2.43016 
0.959291 0.326081 0.0142826 2.41423 
0.959721 0.324464 0.0141247 2.41513 
0.960436 0.321448 0.0130159 2.41655 
0.960773 0.320211 0.012859 2.41727 
0.953647 0.346155 0.015487 2.40238 
0.95358 0.346901 0.0117277 2.40226 
0.953174 0.347836 0.0134802 2.40138 
0.957422 0.331588 0.0330308 2.41053 
0.955482 0.338843 0.0432228 2.40662 
0.953389 0.345046 0.0483344 2.40241 
0.954172 0.342706 0.0442438 2.40382 
0.952863 0.348533 -0.0166726 2.40053 
0.946075 0.370924 0.00143292 2.38695 
0.943614 0.375355 4.88186e-05 2.38215 
0.953502 0.347183 0.00963189 2.40208 
0.953931 0.346072 0.00553597 2.40297 
0.954284 0.344981 0.00728162 2.40373 
0.954121 0.345551 0.00894267 2.40343 
0.95101 0.357371 0.0126577 2.39717 
0.951977 0.352781 0.0113166 2.39896 
0.949552 0.361356 0.0010067 2.39392 
0.94728 0.368378 0.00146324 2.38936 
0.950502 0.358059 0.00154882 2.39586 
0.950812 0.357064 0.00505618 2.39654 
0.963496 0.309657 0.00218902 2.42293 
0.963497 0.309622 0.00275659 2.42293 
0.963695 0.308908 0.00179812 2.42336 
0.963597 0.309293 0.00182187 2.42316 
0.963809 0.308362 0.00226981 2.42358 
0.963765 0.30857 0.00195711 2.4235 
0.96379 0.308452 0.00294188 2.42354 
0.963641 0.309037 0.00322197 2.42323 
0.963149 0.310999 0.00462588 2.42219 
0.962855 0.311996 0.00464503 2.42152 
0.962753 0.312566 0.00603999 2.42135 
0.963326 0.310391 0.00590986 2.42261 
0.963091 0.311306 0.00695039 2.42212 
0.982138 0.200986 -0.0323408 2.46369 
0.975669 0.244363 -0.0233988 2.44933 
0.974312 0.231441 -0.0119773 2.44699 
0.978084 0.22343 -0.0396317 2.45481 
0.976399 0.239115 -0.0339554 2.45102 
0.970502 0.255402 -0.00421234 2.43885 
0.970479 0.268348 -0.00713563 2.43795 
0.970742 0.272517 -0.0135261 2.43838 
0.972461 0.253595 -0.00957067 2.44253 
0.973107 0.260249 -0.0168013 2.4434 
0.971803 0.267689 -0.0188892 2.44085 
0.965742 0.298819 -0.0135552 2.42715 
0.966133 0.297356 -0.015228 2.42808 
0.966062 0.297972 -0.0106326 2.428 
0.966643 0.295307 -0.0108138 2.42943 
0.966762 0.294876 -0.0141339 2.42963 
0.965716 0.298566 -0.0186754 2.42712 
0.966122 0.297441 -0.0175594 2.42806 
0.966037 0.29756 -0.022908 2.42795 
0.9657 0.298634 -0.0211384 2.42715 
0.958507 0.327696 -0.0103456 2.41209 
0.958298 0.3286 -0.00944836 2.41168 
0.960768 0.318177 -0.0066859 2.41643 
0.96024 0.320682 -0.00814288 2.41545 
0.960378 0.319874 -0.00678003 2.41566 
0.960453 0.319758 -0.00967746 2.4159 
0.960905 0.317885 -0.00989494 2.4168 
0.961078 0.31713 -0.00823638 2.41711 
0.962046 0.314835 -0.0213961 2.41959 
0.961692 0.316148 -0.0203852 2.41882 
0.959338 0.324484 -0.0180919 2.41381 
0.95889 0.32719 -0.0210238 2.41306 
0.942591 0.376535 -0.00572106 2.38 
0.940215 0.379025 -0.00646714 2.37478 
0.942435 0.376727 -0.00032733 2.37965 
0.940796 0.378555 -0.00330517 2.37613 
0.941897 0.377383 -0.00310175 2.3785 
0.942153 0.376639 -0.00895727 2.37898 
0.940874 0.378396 -0.00956934 2.37626 
0.963292 0.308554 -0.0291003 2.42221 
0.963106 0.309824 -0.0269752 2.42184 
0.957157 0.33383 -0.0192361 2.40951 
0.955818 0.338577 -0.00793905 2.40667 
0.957878 0.330386 -0.00840831 2.41085 
0.959569 0.323329 -0.0135802 2.41421 
0.959318 0.324372 -0.0139386 2.41372 
0.95924 0.324751 -0.0152173 2.41357 
0.959858 0.322225 -0.0139298 2.41479 
0.960038 0.321859 -0.0147748 2.41522 
0.959873 0.32207 -0.0161708 2.41483 
0.959496 0.32347 -0.0164442 2.41406 
0.957513 0.332394 -0.0178622 2.41022 
0.966003 0.297694 -0.0293423 2.42806 
0.964225 0.303981 -0.0322937 2.42417 
0.960678 0.318203 -0.0338349 2.41671 
0.964948 0.301508 -0.0256204 2.42561 
0.964324 0.304227 -0.0267703 2.42433 
0.964854 0.302159 -0.0226506 2.4254 
0.964278 0.305217 -0.0221405 2.42422 
0.963898 0.306606 -0.0241695 2.42345 
0.959245 0.324176 -0.00275719 2.41333 
0.959446 0.323392 -0.00243717 2.41373 
0.959067 0.324814 -0.00391895 2.41298 
0.959194 0.324692 -0.00527704 2.41329 
0.959558 0.323094 -0.00582035 2.414 
0.959647 0.322546 -0.00260732 2.41412 
0.962078 0.31224 -0.0026135 2.41898 
0.962218 0.311716 -0.00353875 2.41928 
0.962457 0.310792 -0.00320682 2.41978 
0.962274 0.311554 -0.00182033 2.41939 
0.962458 0.310697 -0.00225689 2.41976 
0.957116 0.333919 0.00473182 2.40943 
0.957027 0.334352 0.00375289 2.40925 
0.957912 0.331085 0.00569257 2.4111 
0.957818 0.331455 0.0065306 2.41094 
0.958167 0.330175 0.0057922 2.41164 
0.957409 0.332691 0.00628042 2.41005 
0.95761 0.331962 0.00678322 2.41049 
0.957238 0.33375 0.00712453 2.40979 
0.954311 0.343764 -0.0150712 2.4036 
0.954085 0.343573 -0.0187091 2.40299 
0.953922 0.344534 -0.0164183 2.40271 
0.954618 0.343562 -0.0117957 2.40434 
0.954789 0.341593 -0.0189738 2.40454 
0.955998 0.337953 -0.00645508 2.40706 
0.956536 0.335815 -0.00522025 2.40812 
0.956351 0.33652 -0.00642576 2.40775 
0.961367 0.316971 0.00237662 2.41812 
0.961093 0.317961 0.00297683 2.41753 
0.961648 0.315999 0.0031094 2.41876 
0.961579 0.316344 0.0043405 2.41865 
0.961191 0.317716 0.00437024 2.41779 
0.962324 0.313666 0.00047768 2.42026 
0.96202 0.314686 0.000537706 2.41957 
0.96327 0.310528 0.00123159 2.42245 
0.963426 0.31003 0.00100041 2.42282 
0.963475 0.309937 0.000688092 2.42295 
0.957616 0.332081 0.0079541 2.41054 
0.957396 0.333173 0.00824242 2.41015 
0.958738 0.327804 0.0101555 2.41292 
0.959015 0.326751 0.0104031 2.41352 
0.958717 0.327841 0.00889244 2.41283 
0.958979 0.327152 0.00836841 2.41342 
0.959166 0.326299 0.00917023 2.41381 
0.958479 0.328345 0.00334287 2.41211 
0.958231 0.329354 0.00270089 2.41162 
0.958251 0.330114 0.00491643 2.41184 
0.9585 0.328608 0.00458348 2.41225 
0.958047 0.330774 0.00415805 2.41139 
0.958023 0.330666 0.00322809 2.41129 
0.957992 0.330311 0.00133913 2.41113 
0.957639 0.331893 0.00102889 2.41045 
0.957825 0.331319 0.0016928 2.41086 
0.957667 0.331743 0.000114436 2.4105 
0.957855 0.330786 -0.000214044 2.41083 
0.958007 0.330009 0.000421136 2.4111 
0.970641 0.280905 0.00420485 2.4386 
0.972229 0.268758 0.0451212 2.44249 
0.972677 0.263287 0.0502809 2.4438 
0.968284 0.291247 0.00157458 2.43347 
0.967759 0.293356 0.0039029 2.43233 
0.969154 0.287737 0.00352222 2.43538 
0.95775 0.331455 0.0393299 2.41145 
0.9653 0.303195 0.0229728 2.4273 
0.965104 0.303768 0.0262111 2.4269 
0.967209 0.29572 0.0218435 2.4314 
0.967854 0.292558 0.0214883 2.43272 
0.96715 0.296099 0.0191223 2.43125 
0.967757 0.293343 0.0185715 2.43248 
0.968214 0.289692 0.0326137 2.4336 
0.967696 0.292382 0.0290813 2.43244 
0.960784 0.319349 0.0369616 2.41773 
0.964 0.307188 0.0318965 2.4245 
0.962133 0.315278 0.016528 2.42029 
0.952502 0.351644 0.0218017 2.40031 
0.956244 0.337065 0.0367737 2.40823 
0.955713 0.33989 0.039385 2.40736 
0.95757 0.33256 0.0249825 2.41086 
0.957068 0.332977 0.0300013 2.4097 
0.957644 0.331872 0.0278352 2.41102 
0.958191 0.33082 0.0235128 2.4122 
0.958251 0.330909 0.0211363 2.41233 
0.958772 0.328815 0.020437 2.41337 
0.959185 0.327459 0.0216971 2.41431 
0.95602 0.338505 0.010317 2.40734 
0.958318 0.329451 0.028217 2.41247 
0.946421 0.370334 0.0100177 2.38776 
0.951866 0.349664 0.0487309 2.39943 
0.950429 0.350499 0.0524824 2.39674 
0.948487 0.36405 0.0169629 2.3918 
0.947244 0.367813 0.0184243 2.38952 
0.951246 0.354837 -0.0111474 2.3973 
0.950301 0.357991 -0.0126486 2.39533 
0.951954 0.351732 -0.0127786 2.39864 
0.952148 0.35146 -0.015574 2.39912 
0.950793 0.356966 -0.0043362 2.39642 
0.951033 0.356122 -0.000826332 2.39692 
0.951875 0.352641 -2.23537e-05 2.39862 
0.949324 0.361223 -0.0103203 2.39331 
0.946938 0.36871 -0.00626123 2.38862 
0.949764 0.360416 -0.0057725 2.3943 
0.94899 0.362726 -0.00260781 2.39268 
0.947822 0.36673 -0.00279422 2.3904 
0.953671 0.345388 -0.0208374 2.40219 
0.952952 0.348244 -0.0199934 2.40074 
0.950072 0.360195 0.010702 2.39515 
0.950049 0.360141 0.00685133 2.39504 
0.948807 0.363487 0.0124195 2.39244 
0.947747 0.367206 0.00923762 2.3904 
0.948108 0.365994 0.00492942 2.39101 
0.949116 0.362489 0.00424514 2.39299 
0.952158 0.351486 0.00852485 2.39922 
0.951604 0.353397 0.00555746 2.39804 
0.953006 0.348628 0.00799915 2.40099 
0.952106 0.351427 0.00276012 2.39904 
0.952919 0.348977 0.00320248 2.40078 
0.953276 0.348003 0.00555389 2.40157 
0.977577 0.196206 -0.0101612 2.45208 
0.974591 0.214106 -0.00789342 2.44794 
0.966712 0.294773 -0.0218666 2.42948 
0.966764 0.295053 -0.0186627 2.42961 
0.967663 0.288444 -0.0160183 2.43162 
0.967078 0.29285 -0.0161406 2.43033 
0.958386 0.328286 -0.0114256 2.41187 
0.960275 0.320652 -0.0187067 2.41569 
0.960679 0.319046 -0.0185761 2.41652 
0.961015 0.318272 -0.0193009 2.41732 
0.961191 0.318159 -0.0207982 2.41779 
0.961044 0.319123 -0.0224196 2.41754 
0.96061 0.320663 -0.0226478 2.41663 
0.958709 0.328207 -0.0227524 2.4128 
0.959311 0.325459 -0.0210613 2.41391 
0.959555 0.323973 -0.0196356 2.41432 
0.960035 0.322132 -0.0199949 2.41532 
0.95885 0.326565 -0.0181305 2.41283 
0.958628 0.327772 -0.0195882 2.41246 
0.958174 0.329758 -0.0195338 2.41157 
0.958123 0.329584 -0.0168093 2.4114 
0.957968 0.330455 -0.0180029 2.41111 
0.942928 0.375407 -0.0109099 2.38057 
0.942749 0.375463 -0.0140193 2.3803 
0.944254 0.373171 -0.0101136 2.38317 
0.945504 0.371777 -0.00196709 2.38574 
0.945752 0.371112 -0.00519557 2.3862 
0.94425 0.37407 -0.002059 2.38334 
0.94374 0.37468 -0.00516863 2.38227 
0.944669 0.372695 -0.00725225 2.38401 
0.944764 0.37177 -0.0126227 2.38409 
0.943821 0.373912 -0.0153184 2.38254 
0.977638 0.228389 -0.0587016 2.45435 
0.956095 0.335169 -0.0380006 2.40731 
0.955353 0.338194 -0.0367685 2.40579 
0.95083 0.348986 -0.0496994 2.39681 
0.952362 0.344711 -0.0496889 2.39988 
0.955176 0.34008 -0.0214462 2.40535 
0.955963 0.337831 -0.0212353 2.40705 
0.95804 0.329581 -0.00994175 2.41116 
0.957841 0.330404 -0.00940352 2.41076 
0.95757 0.331383 -0.00981914 2.41019 
0.958056 0.329574 -0.0110168 2.4112 
0.957676 0.331203 -0.0077416 2.41045 
0.957759 0.3308 -0.00687312 2.41059 
0.957673 0.331142 -0.00586825 2.41042 
0.957411 0.332242 -0.00564421 2.40991 
0.967015 0.292382 -0.028802 2.43029 
0.967348 0.29107 -0.0239937 2.43097 
0.968942 0.279562 -0.0213351 2.43446 
0.968098 0.286625 -0.0207294 2.43262 
0.974981 0.246419 -0.0432169 2.44752 
0.96349 0.306564 -0.034553 2.42263 
0.965663 0.298232 -0.0365038 2.42746 
0.964765 0.301373 -0.0371728 2.42545 
0.96548 0.299412 -0.0324043 2.42695 
0.964794 0.30202 -0.0333238 2.42551 
0.959783 0.321878 -0.00338667 2.41438 
0.959786 0.321858 -0.00490919 2.41442 
0.960148 0.320368 -0.00538926 2.41514 
0.960306 0.319695 -0.0039504 2.41542 
0.96009 0.320608 -0.00288089 2.41499 
0.941951 0.372124 0.0338213 2.37861 
0.941235 0.372852 0.0341916 2.37694 
0.956953 0.33487 0.00688514 2.40921 
0.956909 0.33504 0.0056492 2.4091 
0.956646 0.335642 0.00782717 2.40856 
0.958011 0.330763 0.00735416 2.41136 
0.957879 0.331106 0.00828098 2.41109 
0.958484 0.328787 0.00851857 2.41234 
0.958451 0.329077 0.00723839 2.41226 
0.958222 0.329898 0.00680263 2.41176 
0.955604 0.339796 -0.0113786 2.40631 
0.956137 0.337597 -0.0146081 2.40738 
0.955056 0.342212 -0.0134535 2.40528 
0.954828 0.342266 -0.0151771 2.40471 
0.955735 0.339342 -0.0144438 2.40661 
0.955489 0.340438 -0.013168 2.40613 
0.955571 0.339917 -0.0165131 2.40629 
0.955107 0.341109 -0.0168918 2.40527 
0.955284 0.341058 -0.00994908 2.40567 
0.95541 0.340281 -0.00823649 2.40586 
0.955132 0.341816 -0.00728403 2.40538 
0.954698 0.3438 -0.00845019 2.40457 
0.954794 0.343162 -0.0102009 2.40472 
0.957328 0.332586 -0.0162737 2.40975 
0.956946 0.334203 -0.0157134 2.40898 
0.956192 0.337592 -0.0192361 2.40758 
0.955946 0.33858 -0.0175315 2.40707 
0.956712 0.335541 -0.0185577 2.40861 
0.956637 0.335548 -0.0167114 2.40838 
0.956265 0.337111 -0.0162573 2.40765 
0.954066 0.346072 0.00159023 2.40329 
0.954423 0.345105 0.000293068 2.40404 
0.954262 0.345363 0.00371683 2.40369 
0.954855 0.343472 0.000943117 2.40491 
0.955062 0.342267 -0.000410657 2.40526 
0.956678 0.335565 5.85146e-05 2.40847 
0.956895 0.334619 0.000736834 2.40892 
0.956891 0.33473 0.00172858 2.40893 
0.956461 0.33649 0.000485417 2.40807 
0.956194 0.337452 0.00199402 2.40755 
0.956649 0.335873 0.00210769 2.40847 
0.956455 0.336589 0.00150133 2.40808 
0.955475 0.340214 0.00252211 2.40608 
0.954855 0.343884 0.00396186 2.40501 
0.955091 0.342684 0.00242781 2.40542 
0.956403 0.336386 -0.00397484 2.40786 
0.956538 0.336111 -0.00172245 2.40819 
0.956604 0.335645 -0.00287285 2.40828 
0.963437 0.310103 0.000133314 2.42287 
0.96337 0.310288 0.000386708 2.42271 
0.975057 0.259864 0.0101662 2.44829 
0.971561 0.276763 0.0114956 2.44069 
0.970592 0.281187 0.00901021 2.43857 
0.971619 0.276604 0.00238226 2.44069 
0.974008 0.265982 0.00489914 2.44597 
0.972676 0.272444 0.00656526 2.44314 
0.97064 0.22963 0.0791061 2.44218 
0.971953 0.243082 0.0756396 2.44429 
0.970966 0.262064 0.0706085 2.44174 
0.970793 0.256508 0.0759982 2.44214 
0.968249 0.253932 0.0786664 2.43618 
0.958589 0.327814 0.0378694 2.41311 
0.95931 0.325211 0.0391939 2.41465 
0.959925 0.322567 0.0365698 2.4159 
0.964831 0.304881 0.017951 2.42615 
0.964747 0.305353 0.0210847 2.42605 
0.964022 0.308182 0.0222271 2.42451 
0.970294 0.272713 0.0599146 2.43885 
0.969431 0.27752 0.0544732 2.43637 
0.964797 0.304928 0.038346 2.42647 
0.96586 0.299808 0.0400862 2.4287 
0.968416 0.290064 0.0231259 2.43399 
0.96825 0.289885 0.0264816 2.4336 
0.96934 0.285662 0.0195916 2.43578 
0.968986 0.286278 0.0295732 2.43522 
0.958879 0.32811 0.0187292 2.41354 
0.959155 0.326522 0.0157225 2.41397 
0.959983 0.324528 0.0225981 2.41602 
0.959626 0.325716 0.0211067 2.4152 
0.960489 0.321283 0.0143732 2.41671 
0.960839 0.319866 0.0141497 2.41742 
0.961666 0.317483 0.0198214 2.41943 
0.961249 0.31751 0.0344889 2.41869 
0.961682 0.316429 0.0302746 2.41955 
0.961111 0.318665 0.031538 2.41837 
0.963825 0.308463 0.0247145 2.42407 
0.964432 0.306574 0.0267613 2.42549 
0.964003 0.307951 0.0290242 2.42458 
0.95282 0.350828 0.0280821 2.40111 
0.953974 0.344671 0.0232636 2.40317 
0.953249 0.349098 0.0245284 2.40195 
0.956153 0.338817 0.0150545 2.40782 
0.95624 0.338366 0.0168681 2.40802 
0.954924 0.342136 0.0185037 2.40519 
0.955608 0.339867 0.0200289 2.40667 
0.956126 0.338201 0.0188435 2.40775 
0.9569 0.335039 0.0235236 2.40942 
0.95675 0.336237 0.0166292 2.40903 
0.958741 0.328649 0.0245249 2.41336 
0.958758 0.327987 0.0265835 2.41335 
0.959186 0.327498 0.0234855 2.41434 
0.959722 0.325468 0.0242337 2.41547 
0.958205 0.328456 0.0326274 2.41212 
0.958592 0.328183 0.0303934 2.41304 
0.958675 0.326973 0.0347505 2.41321 
0.959491 0.323814 0.033966 2.41488 
0.950138 0.343865 0.0627295 2.39652 
0.94882 0.345464 0.0637836 2.39398 
0.950097 0.347988 0.0564602 2.39608 
0.951026 0.344792 0.0587045 2.39809 
0.946054 0.370297 0.0164808 2.38706 
0.94585 0.37121 0.0133804 2.38669 
0.95191 0.350691 0.0414443 2.39915 
0.951442 0.351686 0.0450776 2.39838 
0.946676 0.366272 0.0307961 2.38854 
0.946975 0.367459 0.022239 2.38893 
0.947643 0.365642 0.0251753 2.39035 
0.946726 0.366838 0.0278248 2.38853 
0.945761 0.369413 0.0233525 2.38651 
0.945605 0.368929 0.0265599 2.38629 
0.95076 0.357535 0.0200256 2.39662 
0.949501 0.360767 0.0206034 2.39393 
0.951537 0.355096 0.0229984 2.3983 
0.948895 0.362398 0.0252434 2.3928 
0.951532 0.35435 0.0270588 2.39827 
0.950377 0.357585 -0.0168474 2.39552 
0.951454 0.354294 -0.0178585 2.39778 
0.953123 0.34787 -0.00606369 2.40109 
0.952319 0.350689 -0.00201644 2.39946 
0.953061 0.348475 -0.0014025 2.40104 
0.95348 0.347418 -0.00341864 2.40197 
0.948191 0.364546 -0.0120726 2.39103 
0.947101 0.36796 -0.00999016 2.38892 
0.94599 0.369754 -0.0128819 2.38662 
0.947689 0.365596 -0.0162313 2.39007 
0.946337 0.368802 -0.0164905 2.38739 
0.958691 0.32688 -0.0132301 2.41246 
0.958422 0.328015 -0.0125794 2.41192 
0.958483 0.327505 -0.0272928 2.41217 
0.96045 0.32156 -0.0220431 2.41632 
0.960177 0.322184 -0.0214941 2.41572 
0.958734 0.326915 -0.0167739 2.41258 
0.958426 0.328153 -0.0163754 2.41196 
0.958901 0.325985 -0.0155247 2.41287 
0.958663 0.326909 -0.0146058 2.41239 
0.95839 0.327868 -0.0150856 2.41182 
0.939236 0.379901 -1.66472e-06 2.37259 
0.940208 0.37883 -1.26019e-06 2.37475 
0.943946 0.37459 0.00279914 2.38274 
0.945217 0.372572 0.0041279 2.38526 
0.945382 0.37229 0.00729109 2.38563 
0.945515 0.368819 -0.0270129 2.38605 
0.945982 0.368234 -0.023775 2.38677 
0.944256 0.370693 -0.0282217 2.38346 
0.944105 0.373181 -0.0180336 2.38318 
0.945233 0.369856 -0.0216883 2.3852 
0.945424 0.370089 -0.0186315 2.38558 
0.960705 0.318899 -0.030055 2.41679 
0.960987 0.317728 -0.0319061 2.41745 
0.961495 0.31573 -0.0312701 2.41849 
0.938885 0.378912 -0.0119144 2.37157 
0.98172 0.205639 -0.0750905 2.46417 
0.978046 0.220483 -0.0730747 2.45545 
0.972735 0.25341 -0.0594142 2.44279 
0.97593 0.238644 -0.0621562 2.44983 
0.974747 0.24704 -0.0547539 2.44739 
0.975464 0.227885 -0.0816462 2.44915 
0.945556 0.356736 -0.0614442 2.38626 
0.95602 0.334281 -0.0417777 2.4071 
0.955149 0.337519 -0.0449293 2.40546 
0.957031 0.330478 -0.0422552 2.40919 
0.954225 0.341363 -0.0439385 2.40362 
0.953062 0.344668 -0.045735 2.40135 
0.954314 0.341146 -0.039098 2.40359 
0.955359 0.339108 -0.0330989 2.40585 
0.957986 0.329368 -0.0270589 2.41112 
0.957407 0.33213 -0.00911601 2.40987 
0.957459 0.331938 -0.00801456 2.40998 
0.97103 0.267016 -0.026946 2.43891 
0.969411 0.275773 -0.0276483 2.43547 
0.971829 0.259012 -0.0537463 2.44084 
0.970136 0.264995 -0.0573754 2.43721 
0.962915 0.310049 -0.0312055 2.42146 
0.963005 0.309261 -0.0336369 2.42164 
0.962356 0.312295 -0.0306537 2.42027 
0.961845 0.313916 -0.0323861 2.41916 
0.959972 0.320936 -0.0345069 2.41525 
0.961092 0.316389 -0.0363011 2.41761 
0.961795 0.313754 -0.0352521 2.41908 
0.962348 0.311422 -0.0360488 2.42027 
0.94465 0.351025 0.0606167 2.38504 
0.945582 0.351821 0.0603746 2.38713 
0.947551 0.352555 0.056492 2.39107 
0.94557 0.34686 0.0654152 2.38666 
0.945871 0.349935 0.0624098 2.38777 
0.941227 0.372365 0.0349294 2.37697 
0.958311 0.32956 0.00946428 2.41204 
0.958011 0.330621 0.00934956 2.4114 
0.957857 0.331415 0.0106842 2.41116 
0.958513 0.328702 0.010629 2.41247 
0.956097 0.337605 -0.00924507 2.40726 
0.956001 0.337957 -0.0108681 2.40706 
0.958138 0.328899 -0.0146797 2.41131 
0.958126 0.329155 -0.0134475 2.41132 
0.957914 0.330118 -0.0155636 2.41091 
0.957602 0.33146 -0.0152807 2.4103 
0.955203 0.341641 -0.00578026 2.40553 
0.955427 0.340152 -0.000478955 2.40592 
0.955656 0.339269 0.000982791 2.40641 
0.955965 0.338086 0.000922702 2.40704 
0.956174 0.33732 -0.000117084 2.40744 
0.956196 0.337262 -0.00134385 2.40748 
0.956252 0.337217 0.00306018 2.40767 
0.956651 0.33591 0.00511216 2.40855 
0.956737 0.335717 0.00389482 2.40872 
0.956571 0.336261 0.00311822 2.40835 
0.955203 0.342542 0.0082688 2.40577 
0.954847 0.343778 0.00703461 2.40502 
0.955059 0.343009 0.00539917 2.40542 
0.962781 0.312187 0.000653809 2.42132 
0.963196 0.310833 0.00047209 2.42229 
0.962949 0.311627 0.00121544 2.42171 
0.963144 0.310992 0.00104617 2.42217 
0.956489 0.337149 0.014037 2.40842 
0.956852 0.335809 0.0151756 2.40919 
0.976769 0.250739 0.00580908 2.45206 
0.975507 0.247993 0.049728 2.45041 
0.97441 0.255933 0.0459408 2.44765 
0.97476 0.262575 0.0194354 2.44792 
0.972924 0.265976 0.0378316 2.44392 
0.974622 0.258382 0.0372474 2.44785 
0.975976 0.255366 0.0279718 2.45092 
0.968912 0.287818 0.0152945 2.43485 
0.967999 0.292023 0.0159243 2.43297 
0.967989 0.292117 0.00797103 2.43278 
0.967368 0.294505 0.0102278 2.43153 
0.967393 0.294519 0.0135934 2.43161 
0.968156 0.231083 0.0837381 2.43628 
0.967403 0.242312 0.0818844 2.43456 
0.961132 0.275389 0.0897376 2.42133 
0.961946 0.270684 0.0914935 2.42295 
0.966907 0.244391 0.0863103 2.43347 
0.965574 0.250913 0.0892037 2.43065 
0.964294 0.307158 0.0165092 2.42499 
0.963673 0.309363 0.0128821 2.42354 
0.964176 0.307386 0.0136972 2.42465 
0.967871 0.284187 0.0573313 2.43301 
0.970616 0.27802 0.0330402 2.43875 
0.970002 0.282525 0.0287528 2.4374 
0.972167 0.27016 0.0314034 2.44191 
0.972867 0.268906 0.0224429 2.44358 
0.971511 0.27563 0.0178461 2.44043 
0.970328 0.281273 0.0214921 2.43804 
0.960378 0.32302 0.0223453 2.41686 
0.960624 0.321692 0.0206822 2.41726 
0.959642 0.325294 0.0196085 2.41515 
0.959389 0.325741 0.0169028 2.41451 
0.959295 0.326504 0.0184124 2.41441 
0.961476 0.317951 0.0179609 2.41895 
0.961068 0.319475 0.0170421 2.41805 
0.961777 0.316634 0.0163541 2.41952 
0.961534 0.317576 0.0146959 2.41898 
0.961122 0.319181 0.0149804 2.4181 
0.962562 0.31401 0.0215796 2.42138 
0.962321 0.314664 0.0183188 2.42075 
0.962181 0.315624 0.019902 2.42055 
0.962491 0.314364 0.0236038 2.42126 
0.961862 0.316102 0.0279743 2.41994 
0.962005 0.314568 0.0343635 2.42028 
0.96274 0.311775 0.0356508 2.42187 
0.963238 0.310042 0.0331489 2.4229 
0.962756 0.3123 0.0311749 2.4219 
0.962189 0.314463 0.0318534 2.4207 
0.952543 0.350137 0.0349458 2.40042 
0.953238 0.348848 0.0315522 2.40198 
0.954706 0.343423 0.0376386 2.40517 
0.95291 0.347911 0.0390319 2.40116 
0.953824 0.344959 0.0399233 2.40309 
0.955788 0.338466 0.0335166 2.40719 
0.956267 0.336432 0.0303481 2.40811 
0.954923 0.342248 0.0341742 2.40546 
0.954437 0.344345 0.0312639 2.40445 
0.954353 0.344616 0.0144035 2.40399 
0.954966 0.342663 0.0155853 2.40531 
0.954305 0.345123 0.0123956 2.4039 
0.95561 0.340943 0.0116365 2.40666 
0.955612 0.340648 0.0142044 2.40666 
0.955075 0.342698 0.010313 2.40549 
0.95457 0.34425 0.0108425 2.40443 
0.955482 0.339548 0.0229189 2.40634 
0.956157 0.33722 0.0247626 2.40781 
0.955836 0.337686 0.0277112 2.40709 
0.954645 0.341949 0.024766 2.40455 
0.95493 0.341933 0.0279124 2.40535 
0.956979 0.335107 0.021129 2.40958 
0.956629 0.33657 0.0197378 2.40885 
0.956978 0.335609 0.0179357 2.40957 
0.959266 0.325945 0.0298385 2.41449 
0.960371 0.321795 0.0272698 2.41676 
0.960463 0.321385 0.030182 2.41701 
0.959728 0.323797 0.0314828 2.41545 
0.959778 0.324387 0.0261895 2.41553 
0.959308 0.325866 0.0275338 2.41453 
0.947591 0.342963 0.0673379 2.39137 
0.947746 0.350926 0.0582543 2.39138 
0.948676 0.349199 0.058788 2.3933 
0.948372 0.347578 0.0617735 2.39297 
0.947171 0.34829 0.0627166 2.39065 
0.946809 0.350129 0.0609888 2.3898 
0.948169 0.339859 0.0695591 2.39278 
0.948927 0.326803 0.0778771 2.39411 
0.954189 0.341737 0.0531605 2.40433 
0.952958 0.341671 0.0578773 2.40191 
0.959395 0.325043 0.0424083 2.41498 
0.944875 0.371034 0.0219005 2.38473 
0.94489 0.371601 0.018684 2.38472 
0.952235 0.350704 -0.00857308 2.39922 
0.952517 0.349802 -0.00640746 2.39982 
0.952097 0.351444 -0.00456061 2.39899 
0.951454 0.353761 -0.00855142 2.39766 
0.951421 0.35439 -0.00598137 2.39767 
0.960133 0.320998 -0.0299209 2.41557 
0.959686 0.322616 -0.0322877 2.41471 
0.95885 0.325908 -0.0290271 2.41292 
0.958895 0.325729 -0.0316128 2.41306 
0.960393 0.321129 -0.0257831 2.41622 
0.960294 0.321657 -0.0241964 2.41602 
0.95994 0.322188 -0.0275114 2.41522 
0.959405 0.324336 -0.0271746 2.41411 
0.960081 0.322606 -0.0234195 2.41556 
0.959176 0.326453 -0.0240422 2.41378 
0.959109 0.326161 -0.025765 2.4136 
0.959556 0.324838 -0.0227227 2.41449 
0.959911 0.32348 -0.0228026 2.41522 
0.944346 0.373131 0.0125523 2.38351 
0.94414 0.373772 0.00937294 2.38308 
0.939364 0.379481 0.00578976 2.37285 
0.938885 0.379153 0.00687184 2.37164 
0.947328 0.365428 -0.0235844 2.38944 
0.94823 0.363932 -0.0198746 2.39123 
0.949486 0.36001 -0.019958 2.39369 
0.94151 0.376784 -0.0153104 2.37757 
0.939357 0.378589 -0.0170092 2.37291 
0.940495 0.378348 -0.0130227 2.37545 
0.939443 0.378642 -0.0138498 2.37299 
0.948685 0.359253 -0.0354712 2.39225 
0.947939 0.361624 -0.0324949 2.39067 
0.948322 0.361686 -0.028522 2.39137 
0.947472 0.364269 -0.0268932 2.38972 
0.946342 0.366733 -0.029006 2.38766 
0.949523 0.359054 -0.0273329 2.39384 
0.949961 0.358082 -0.023813 2.39464 
0.961038 0.318037 -0.0263254 2.41749 
0.961164 0.316915 -0.0282344 2.41769 
0.961352 0.317321 -0.0244139 2.41818 
0.961679 0.315519 -0.0289802 2.41888 
0.962365 0.312403 -0.0247646 2.42019 
0.961933 0.314927 -0.0236977 2.41936 
0.962478 0.312347 -0.0269046 2.42051 
0.962143 0.313724 -0.0285979 2.41985 
0.947308 0.34887 -0.0706695 2.38926 
0.947139 0.350625 -0.0673403 2.38886 
0.974085 0.243118 -0.0728411 2.44581 
0.9734 0.241448 -0.0882115 2.44413 
0.97437 0.238026 -0.081723 2.44647 
0.944805 0.357046 -0.0615847 2.38446 
0.945363 0.358978 -0.05778 2.38596 
0.944001 0.358991 -0.0573126 2.38245 
0.944546 0.359003 -0.0590674 2.38396 
0.948354 0.355079 -0.0488644 2.39182 
0.946199 0.357454 -0.0532373 2.38732 
0.945956 0.357599 -0.0582665 2.38718 
0.946033 0.356787 -0.0601023 2.38734 
0.947165 0.351665 -0.0662337 2.3893 
0.945528 0.355157 -0.0624719 2.38574 
0.946394 0.352897 -0.066556 2.38767 
0.946202 0.354631 -0.0640359 2.3875 
0.953546 0.344149 -0.0375846 2.40201 
0.955744 0.337512 -0.0273383 2.40647 
0.956029 0.33652 -0.0306885 2.40715 
0.957003 0.332787 -0.0308661 2.40913 
0.957392 0.331824 -0.0282721 2.40994 
0.957354 0.333363 -0.0210963 2.40999 
0.95792 0.331024 -0.0211718 2.4111 
0.958217 0.330258 -0.0230165 2.41183 
0.95788 0.330782 -0.024707 2.41101 
0.95694 0.333882 -0.00629333 2.40889 
0.9572 0.332913 -0.00649193 2.40944 
0.957273 0.332656 -0.0074597 2.4096 
0.967362 0.289759 -0.03361 2.43119 
0.968516 0.281318 -0.0339761 2.43361 
0.966293 0.295314 -0.0385103 2.4291 
0.971394 0.256137 -0.0681838 2.43972 
0.972239 0.251516 -0.074097 2.44134 
0.973605 0.253596 -0.0401359 2.44447 
0.972274 0.258993 -0.0457617 2.44175 
0.97345 0.257799 -0.0327407 2.44432 
0.97174 0.263282 -0.0340719 2.44054 
0.971095 0.264552 -0.0412516 2.43915 
0.958378 0.327717 -0.0337778 2.41204 
0.956978 0.332712 -0.0366299 2.40921 
0.957481 0.331145 -0.0335184 2.41018 
0.95749 0.329691 -0.0393343 2.41017 
0.958405 0.327089 -0.0378265 2.41216 
0.962619 0.310272 -0.0387214 2.42093 
0.964057 0.303742 -0.039233 2.42393 
0.963439 0.30693 -0.0375053 2.42261 
0.944319 0.353152 0.0610437 2.3843 
0.945911 0.353443 0.0581977 2.38769 
0.946524 0.3537 0.0569445 2.3891 
0.948997 0.353615 0.0513069 2.39381 
0.947841 0.354248 0.0536361 2.39152 
0.946661 0.358745 0.0488664 2.38901 
0.944749 0.359739 0.0514552 2.38511 
0.94541 0.360293 0.0486904 2.38646 
0.945314 0.367954 0.0327921 2.38589 
0.94061 0.373642 0.0341242 2.37522 
0.940496 0.374634 0.0308023 2.37511 
0.957543 0.331515 -0.0137983 2.41015 
0.95756 0.331621 -0.0109623 2.41021 
0.957812 0.330514 -0.0116351 2.4107 
0.957824 0.330382 -0.0129561 2.41071 
0.956833 0.334354 -0.0139142 2.40871 
0.956433 0.33615 -0.0133494 2.40792 
0.956393 0.33643 -0.0116906 2.40785 
0.957163 0.33296 -0.0130219 2.40937 
0.957205 0.332876 -0.0114643 2.40945 
0.955337 0.340521 -0.00314374 2.40572 
0.955544 0.339503 -0.00193327 2.40613 
0.955925 0.33814 -0.00223932 2.40692 
0.956061 0.337687 -0.00377927 2.40719 
0.95581 0.338602 -0.00497622 2.40667 
0.955473 0.340056 -0.00473012 2.406 
0.954848 0.343381 -0.0017916 2.40488 
0.955046 0.342522 -0.00306688 2.40526 
0.954077 0.345827 -0.00321422 2.40324 
0.954405 0.345008 -0.00153791 2.40398 
0.954417 0.344898 -0.00515135 2.40399 
0.954862 0.343251 -0.00471202 2.40488 
0.955672 0.339392 0.0042368 2.40649 
0.956049 0.337824 0.0042824 2.40727 
0.955491 0.340624 0.00559605 2.4062 
0.956314 0.336945 0.00557114 2.40785 
0.956251 0.337101 0.00717102 2.40774 
0.955909 0.338446 0.00815085 2.40702 
0.955559 0.340251 0.00735745 2.40634 
0.962859 0.311912 0.000235486 2.4215 
0.963081 0.31121 0.000197358 2.42203 
0.956468 0.336366 0.0109443 2.40824 
0.956667 0.335954 0.0125609 2.40872 
0.956774 0.335204 0.00951135 2.40887 
0.957237 0.333675 0.00959875 2.40984 
0.957435 0.332848 0.0109001 2.41026 
0.980512 0.200813 0.0427545 2.45914 
0.978614 0.24049 0.0136187 2.4565 
0.977608 0.24482 0.0279055 2.45449 
0.978548 0.223259 0.0494888 2.45747 
0.977619 0.23996 0.0425407 2.45507 
0.969138 0.287367 0.00686227 2.43532 
0.968687 0.289258 0.0089513 2.43434 
0.969791 0.284475 0.00979668 2.43679 
0.96914 0.287273 0.0120007 2.43537 
0.963669 0.278533 0.0843769 2.42711 
0.965678 0.258437 0.0848933 2.43088 
0.967004 0.262703 0.0805606 2.43376 
0.963528 0.269272 0.0873304 2.42664 
0.964372 0.262806 0.0882956 2.42851 
0.961256 0.279492 0.0878449 2.42181 
0.962513 0.28314 0.0849419 2.42466 
0.963302 0.310848 0.0141617 2.42276 
0.962446 0.314001 0.0154789 2.42093 
0.962889 0.312379 0.0128378 2.42184 
0.962479 0.313917 0.0135775 2.42097 
0.965819 0.289323 0.0671546 2.42909 
0.967152 0.284966 0.0642062 2.43173 
0.959779 0.324269 0.0169447 2.41533 
0.959991 0.323684 0.0155592 2.41576 
0.960383 0.322216 0.0156034 2.41659 
0.959944 0.323827 0.0185695 2.41573 
0.96046 0.322116 0.0190317 2.41686 
0.96068 0.321011 0.0173508 2.41725 
0.963711 0.309489 0.0175287 2.42376 
0.963582 0.310066 0.0201537 2.42354 
0.963007 0.312367 0.0202481 2.42232 
0.962777 0.313213 0.0182858 2.42178 
0.962859 0.312589 0.0165636 2.42186 
0.963287 0.311013 0.0160144 2.42279 
0.963344 0.310453 0.025595 2.42308 
0.962819 0.312861 0.0252383 2.42199 
0.962501 0.313636 0.0273529 2.4213 
0.962925 0.311911 0.0290479 2.42221 
0.963417 0.309992 0.0281307 2.42322 
0.961511 0.317695 0.0259904 2.41917 
0.960892 0.320392 0.0254874 2.41789 
0.960778 0.321657 0.0234292 2.41774 
0.961843 0.317076 0.0237731 2.41992 
0.961449 0.318701 0.0216527 2.41907 
0.961001 0.320409 0.0216502 2.41811 
0.957341 0.334133 0.0182325 2.41032 
0.957915 0.332121 0.0199987 2.41159 
0.95746 0.33385 0.0201204 2.41064 
0.958094 0.330604 0.0119538 2.41169 
0.957953 0.330961 0.0132844 2.4114 
0.958686 0.328372 0.0130222 2.41294 
0.958457 0.329232 0.0118089 2.41244 
0.957115 0.334505 0.0145405 2.40972 
0.957425 0.333151 0.0148032 2.41035 
0.957597 0.332349 0.0134894 2.41067 
0.957311 0.333307 0.0123912 2.41005 
0.957032 0.334438 0.0129197 2.40947 
0.958788 0.327924 0.0157418 2.41321 
0.958549 0.328864 0.0144478 2.41269 
0.958183 0.330196 0.0144808 2.41192 
0.958633 0.329057 0.0172811 2.41301 
0.946189 0.341652 0.0684003 2.38787 
0.946021 0.344533 0.0652049 2.38768 
0.946313 0.344801 0.0652038 2.38851 
0.948664 0.333339 0.0730393 2.39389 
0.948498 0.330489 0.0742143 2.39345 
0.948857 0.329868 0.0753172 2.39431 
0.948149 0.334281 0.0734059 2.39249 
0.947337 0.337135 0.0710728 2.3906 
0.956074 0.33183 0.0610435 2.40836 
0.958585 0.327094 0.0453002 2.41316 
0.956452 0.335111 0.0462071 2.4087 
0.957611 0.331228 0.0438614 2.41113 
0.955982 0.335882 0.051662 2.4079 
0.956787 0.331584 0.0554395 2.40962 
0.964766 0.294123 0.0661796 2.42656 
0.962898 0.312093 0.0387981 2.4224 
0.963865 0.308409 0.0403017 2.42452 
0.958568 0.325718 0.0537054 2.41329 
0.959111 0.324855 0.0492684 2.41438 
0.950091 0.324192 0.0778447 2.3968 
0.949877 0.326128 0.0770035 2.39642 
0.959156 0.321163 0.0584985 2.41456 
0.943681 0.372404 0.0231466 2.38232 
0.938737 0.378903 0.0103472 2.37117 
0.944942 0.361847 0.0464678 2.38535 
0.945508 0.366743 0.0361033 2.38647 
0.944497 0.366304 0.0385028 2.38432 
0.944562 0.36481 0.0416473 2.38447 
0.946702 0.362315 0.0417602 2.38889 
0.945525 0.363159 0.043084 2.3865 
0.947478 0.364309 0.0326531 2.39014 
0.946784 0.3647 0.0361985 2.38899 
0.947274 0.363037 0.038309 2.38997 
0.939621 0.379151 0.0114047 2.37352 
0.939542 0.378804 0.0128502 2.37339 
0.940236 0.378459 0.00607311 2.37473 
0.942924 0.375989 0.00481042 2.38074 
0.942875 0.375752 0.00798048 2.38057 
0.9405 0.378087 0.00937052 2.37531 
0.941708 0.376599 0.0103151 2.37803 
0.941978 0.377229 0.00270796 2.37874 
0.940796 0.378324 0.00295495 2.37608 
0.939043 0.379756 0.0012892 2.37206 
0.938942 0.37953 0.0046364 2.37169 
0.946181 0.364841 -0.0369021 2.38747 
0.946132 0.36686 -0.0318364 2.38744 
0.946828 0.364603 -0.0335608 2.38868 
0.947061 0.35768 -0.0481187 2.38906 
0.946232 0.35803 -0.0503518 2.38728 
0.945095 0.362594 -0.0441509 2.38484 
0.942183 0.371959 -0.0318084 2.37881 
0.940894 0.373309 -0.0344688 2.37605 
0.941629 0.372494 -0.0339735 2.37763 
0.941046 0.376569 -0.0190596 2.37649 
0.944187 0.36499 -0.0425508 2.38294 
0.949234 0.355783 -0.0424429 2.39347 
0.949277 0.354308 -0.046277 2.39365 
0.95053 0.351122 -0.0465455 2.39615 
0.950991 0.354748 -0.0234276 2.39673 
0.95156 0.35286 -0.0258364 2.39794 
0.951559 0.3534 -0.0207353 2.39793 
0.952403 0.350588 -0.0218419 2.39971 
0.952448 0.35038 -0.0246722 2.39983 
0.955731 0.334964 -0.0489385 2.40691 
0.95714 0.330094 -0.0461667 2.4096 
0.958394 0.325486 -0.0471905 2.41227 
0.940487 0.372318 -0.0353237 2.37479 
0.945323 0.360222 -0.054338 2.38574 
0.945094 0.360246 -0.0561314 2.38542 
0.944328 0.360434 -0.0565886 2.3836 
0.946801 0.355835 -0.0547646 2.38868 
0.946601 0.356538 -0.0570662 2.38855 
0.947622 0.350879 -0.0640652 2.39047 
0.952941 0.348534 -0.0270034 2.40086 
0.954363 0.342796 -0.0315279 2.40379 
0.95358 0.345134 -0.0335943 2.40216 
0.950463 0.356008 -0.030365 2.3958 
0.951506 0.353296 -0.0289566 2.39798 
0.950065 0.356122 -0.0342991 2.39502 
0.95242 0.34984 -0.0300639 2.39978 
0.952555 0.34869 -0.0328148 2.40002 
0.956316 0.335854 -0.0256418 2.40773 
0.956953 0.333433 -0.0263056 2.40904 
0.957269 0.332575 -0.024504 2.40968 
0.956376 0.336005 -0.0230083 2.40787 
0.957049 0.334376 -0.0226903 2.40937 
0.956453 0.336115 -0.00902826 2.40797 
0.956579 0.335684 -0.00771479 2.40823 
0.956851 0.334497 -0.00745787 2.40876 
0.957039 0.333593 -0.00806993 2.40912 
0.957132 0.333306 -0.00915394 2.40932 
0.956968 0.33392 -0.0103602 2.40898 
0.956641 0.335276 -0.0103432 2.40833 
0.969541 0.270851 -0.0444098 2.4358 
0.968547 0.278981 -0.0414231 2.43383 
0.969117 0.271614 -0.0532676 2.43501 
0.970759 0.255484 -0.0812294 2.43829 
0.970076 0.253592 -0.0903783 2.43654 
0.971355 0.251783 -0.0864544 2.43973 
0.944473 0.355496 0.0587542 2.38486 
0.945311 0.354949 0.0575203 2.38638 
0.943814 0.356496 0.0567056 2.38338 
0.944172 0.357773 0.0557103 2.38404 
0.943464 0.35857 0.055446 2.38218 
0.943447 0.361219 0.0513057 2.38225 
0.943894 0.360136 0.0526031 2.38322 
0.945296 0.358106 0.0525816 2.38638 
0.946263 0.355158 0.0551043 2.38841 
0.94552 0.355785 0.0555277 2.38688 
0.945088 0.357235 0.054759 2.38598 
0.946964 0.355733 0.053106 2.38976 
0.946483 0.35723 0.0514274 2.38864 
0.94903 0.355716 0.0476197 2.3937 
0.950155 0.355062 0.0451754 2.39588 
0.947747 0.359951 0.0435815 2.39106 
0.94765 0.358496 0.046854 2.39096 
0.941678 0.368877 0.0413086 2.3777 
0.942111 0.367454 0.0451863 2.37879 
0.941931 0.369667 0.0402783 2.37849 
0.941335 0.370522 0.0395205 2.37696 
0.941465 0.371807 0.0369319 2.37754 
0.942155 0.371157 0.0355971 2.37909 
0.942852 0.368485 0.0404175 2.38073 
0.942928 0.36918 0.0353697 2.38074 
0.943398 0.367777 0.0378848 2.38186 
0.984508 0.206883 0.0127159 2.47034 
0.981175 0.227149 0.00735849 2.46253 
0.960012 0.284016 0.0885539 2.41906 
0.963237 0.289998 0.0782492 2.42474 
0.962352 0.290353 0.0835209 2.42422 
0.959932 0.296831 0.0843987 2.41907 
0.960806 0.291234 0.0849926 2.42088 
0.967764 0.272992 0.0778099 2.43548 
0.96931 0.267947 0.0706489 2.43737 
0.969272 0.273707 0.0659197 2.43679 
0.967835 0.279572 0.0676965 2.43366 
0.954115 0.304529 0.0864115 2.40544 
0.955611 0.3034 0.0850675 2.40924 
0.958058 0.330934 0.0158087 2.41172 
0.957658 0.332539 0.0159838 2.41089 
0.95758 0.3329 0.0174099 2.41075 
0.957972 0.331394 0.0182951 2.41158 
0.958247 0.330495 0.017252 2.41219 
0.956084 0.299172 0.086267 2.41017 
0.949872 0.331739 0.0733298 2.39669 
0.950382 0.329642 0.0742952 2.39783 
0.949644 0.33418 0.0722022 2.39623 
0.953297 0.337922 0.0619171 2.40281 
0.954481 0.334133 0.063018 2.40512 
0.960302 0.310937 0.0663377 2.41691 
0.958975 0.314532 0.0686316 2.41431 
0.964302 0.297356 0.0616545 2.42528 
0.962865 0.302609 0.0635375 2.42229 
0.960355 0.320163 0.0477038 2.41699 
0.960377 0.321427 0.0436479 2.41714 
0.96118 0.318598 0.0407805 2.41878 
0.962048 0.315103 0.0415059 2.42064 
0.940685 0.37487 0.0296385 2.37571 
0.939162 0.377981 0.0175396 2.37224 
0.939805 0.378186 0.0153014 2.37381 
0.943423 0.371944 0.0259433 2.38186 
0.9444 0.370624 0.0279182 2.38398 
0.94223 0.373018 0.0267647 2.37916 
0.943109 0.369724 0.0327128 2.38109 
0.944205 0.369502 0.0313972 2.38353 
0.942293 0.371582 0.031929 2.37932 
0.94182 0.37287 0.0296986 2.37822 
0.944004 0.363337 0.0474253 2.38336 
0.942476 0.363133 0.0504409 2.37986 
0.943409 0.362511 0.0499761 2.3821 
0.948612 0.362185 0.0319161 2.3924 
0.95059 0.356444 0.029171 2.39619 
0.94937 0.360386 0.0282317 2.39374 
0.94716 0.359706 -0.0448329 2.38946 
0.946089 0.361878 -0.0428617 2.38709 
0.946736 0.363078 -0.0393232 2.38866 
0.948315 0.358547 -0.0418942 2.39171 
0.948121 0.360172 -0.0388404 2.39135 
0.945353 0.36069 -0.0499814 2.38559 
0.944699 0.36233 -0.047772 2.38408 
0.943915 0.364623 -0.0484571 2.3827 
0.944896 0.361916 -0.052595 2.38494 
0.943343 0.364765 -0.0504557 2.3817 
0.939938 0.377004 -0.0236713 2.37412 
0.943298 0.374237 -0.0207482 2.38161 
0.941948 0.374894 -0.0213029 2.37839 
0.943458 0.372319 -0.0260964 2.38175 
0.943931 0.372514 -0.0229514 2.3828 
0.944913 0.366418 -0.0368356 2.38468 
0.9441 0.366376 -0.0391383 2.3828 
0.944885 0.368075 -0.0334761 2.38474 
0.943884 0.369754 -0.0318099 2.38252 
0.942981 0.370466 -0.0332594 2.38055 
0.941494 0.369774 -0.0414276 2.37706 
0.941705 0.368267 -0.0452396 2.3776 
0.957562 0.306262 -0.088703 2.41077 
0.957335 0.309529 -0.0874136 2.41077 
0.959175 0.321943 -0.043138 2.41362 
0.959808 0.321664 -0.0372077 2.41504 
0.959009 0.324163 -0.0391328 2.41337 
0.960626 0.318198 -0.038774 2.41675 
0.960419 0.317402 -0.042198 2.41621 
0.962406 0.309803 -0.0419257 2.42045 
0.961387 0.313625 -0.0444537 2.41838 
0.963565 0.305694 -0.0429925 2.42309 
0.963698 0.304227 -0.0474491 2.42366 
0.948098 0.347476 -0.0684006 2.39124 
0.948327 0.348782 -0.0651104 2.39206 
0.949224 0.346902 -0.0626246 2.39393 
0.966698 0.275414 -0.0714078 2.42993 
0.969656 0.262468 -0.0701464 2.43608 
0.969073 0.266623 -0.0647652 2.43479 
0.967392 0.272075 -0.0653915 2.43104 
0.943888 0.360776 -0.056209 2.38263 
0.943125 0.363295 -0.0518651 2.38085 
0.943896 0.362772 -0.053379 2.38286 
0.949754 0.349786 -0.0528224 2.39468 
0.949926 0.346792 -0.0563182 2.39495 
0.948471 0.35253 -0.0522431 2.39197 
0.947697 0.35268 -0.0544744 2.39029 
0.948848 0.347662 -0.0591959 2.3927 
0.94703 0.35487 -0.058415 2.3894 
0.947434 0.352406 -0.0618055 2.39021 
0.947677 0.352318 -0.0573512 2.39046 
0.947948 0.350714 -0.0592538 2.39098 
0.946633 0.355232 -0.0603853 2.38857 
0.946755 0.354447 -0.0620586 2.38882 
0.953932 0.344125 -0.0233137 2.4027 
0.953654 0.345741 -0.0262551 2.40228 
0.954337 0.343132 -0.028355 2.40369 
0.954776 0.341293 -0.0236157 2.40448 
0.955048 0.340073 -0.0263375 2.40504 
0.950354 0.353427 -0.0406305 2.39565 
0.95077 0.353452 -0.0370298 2.39645 
0.951947 0.350313 -0.0362001 2.39884 
0.952657 0.347695 -0.0392108 2.40038 
0.952271 0.348121 -0.0425825 2.3997 
0.951163 0.350643 -0.0432928 2.39738 
0.962427 0.283375 -0.0923149 2.41998 
0.963539 0.278232 -0.0946344 2.42241 
0.958064 0.295708 0.0855962 2.41483 
0.95744 0.291336 0.0878188 2.41328 
0.957595 0.299806 0.0847149 2.4139 
0.95643 0.293353 0.0894125 2.41073 
0.956439 0.297184 0.0865595 2.41095 
0.958545 0.283755 0.0911452 2.41538 
0.957809 0.28789 0.0890337 2.41388 
0.965136 0.281935 0.0805842 2.42968 
0.966674 0.278119 0.077754 2.43264 
0.966684 0.279407 0.071825 2.43128 
0.964453 0.285543 0.0761438 2.42683 
0.965401 0.285616 0.0723289 2.42853 
0.953493 0.30757 0.0852527 2.4042 
0.950607 0.341249 0.0652772 2.39768 
0.951884 0.339006 0.0650644 2.40036 
0.951636 0.336587 0.0684263 2.40002 
0.949602 0.340071 0.0683544 2.396 
0.950216 0.337256 0.0701076 2.39767 
0.962121 0.302481 0.0684508 2.42084 
0.96099 0.306606 0.0698924 2.41866 
0.963143 0.298402 0.0708932 2.42357 
0.96248 0.296017 0.0753845 2.42263 
0.960717 0.30027 0.0792914 2.41966 
0.957122 0.315978 0.07653 2.41187 
0.958611 0.313315 0.0738976 2.41445 
0.956206 0.315108 0.0807743 2.41104 
0.95676 0.309473 0.082509 2.41226 
0.958124 0.307431 0.0825035 2.4154 
0.95967 0.30565 0.0785086 2.4176 
0.959764 0.308327 0.0745132 2.41683 
0.965677 0.298156 0.0446794 2.42816 
0.965128 0.297631 0.0564833 2.42717 
0.966923 0.291922 0.0470385 2.4308 
0.966709 0.290925 0.0540118 2.43047 
0.963572 0.308104 0.0448615 2.42384 
0.964364 0.303229 0.0477331 2.42542 
0.963997 0.303186 0.0529446 2.42466 
0.962336 0.312801 0.0457019 2.42121 
0.961444 0.315481 0.0492233 2.4193 
0.956332 0.320509 0.073941 2.40992 
0.954878 0.323603 0.0757691 2.40755 
0.953847 0.320681 0.0787915 2.40572 
0.954212 0.315558 0.080969 2.40637 
0.952008 0.312244 0.0836822 2.40064 
0.953261 0.310837 0.083499 2.40379 
0.950725 0.322372 0.078177 2.39828 
0.952014 0.323876 0.077335 2.40159 
0.952544 0.320521 0.0789779 2.40266 
0.940111 0.375347 0.0285302 2.37432 
0.941447 0.374902 0.0245816 2.37752 
0.939999 0.376527 0.02364 2.37427 
0.940487 0.375886 0.0254416 2.37544 
0.939374 0.377942 0.0180346 2.37294 
0.939577 0.37698 0.0231469 2.3731 
0.939783 0.37759 0.0204486 2.37376 
0.942604 0.365375 0.046001 2.38021 
0.942722 0.36494 0.0471585 2.38065 
0.94254 0.366785 0.045061 2.37993 
0.943557 0.364766 0.0458558 2.38236 
0.94302 0.36728 0.0427818 2.3811 
0.943643 0.365663 0.0434538 2.38253 
0.951273 0.35324 0.0353792 2.39766 
0.950585 0.355997 0.0334565 2.39629 
0.950973 0.353903 0.0392499 2.3972 
0.949368 0.359765 0.0348671 2.39403 
0.948771 0.360545 0.037808 2.39294 
0.950092 0.356581 0.0414096 2.3957 
0.949076 0.359116 0.0409301 2.39367 
0.942487 0.36498 -0.0509558 2.37977 
0.94058 0.373649 -0.03397 2.37534 
0.94008 0.374933 -0.0307276 2.37414 
0.939714 0.377513 -0.0229811 2.37374 
0.939201 0.377989 -0.0177377 2.37225 
0.93981 0.377701 -0.0201604 2.37377 
0.941465 0.374826 -0.024618 2.37735 
0.940518 0.376462 -0.0254577 2.37551 
0.940381 0.375936 -0.0284973 2.37526 
0.940728 0.375514 -0.029735 2.37595 
0.94182 0.373095 -0.029689 2.37806 
0.942267 0.373105 -0.0269257 2.37901 
0.941959 0.370577 -0.0404848 2.37829 
0.941271 0.372145 -0.0375306 2.3769 
0.941389 0.371248 -0.0400773 2.3771 
0.94186 0.371516 -0.0361607 2.37808 
0.942434 0.369091 -0.0407173 2.37923 
0.94264 0.370026 -0.0362693 2.37974 
0.942917 0.368686 -0.0385204 2.38026 
0.943411 0.366598 -0.0443658 2.38149 
0.942797 0.368123 -0.0432988 2.3802 
0.943349 0.365989 -0.0467813 2.3814 
0.942055 0.367982 -0.0453033 2.37859 
0.941956 0.366462 -0.0465114 2.37828 
0.942391 0.366583 -0.0479216 2.37943 
0.956342 0.311407 -0.0892638 2.40849 
0.955717 0.314692 -0.0870938 2.40726 
0.958843 0.301005 -0.0924889 2.41374 
0.958346 0.304124 -0.0894357 2.41262 
0.961276 0.314617 -0.0499701 2.41866 
0.962305 0.307695 -0.0517401 2.4207 
0.951502 0.331348 -0.0796077 2.39834 
0.957899 0.310301 -0.083377 2.41217 
0.957241 0.3265 -0.0573144 2.41037 
0.959582 0.315635 -0.0590101 2.41522 
0.958571 0.324109 -0.0524084 2.41301 
0.959865 0.318218 -0.053516 2.41571 
0.958238 0.317001 -0.0663577 2.41278 
0.958564 0.319035 -0.061957 2.41334 
0.957434 0.323425 -0.0619168 2.41098 
0.955165 0.335219 -0.0527789 2.40581 
0.955923 0.331053 -0.0568255 2.40758 
0.952544 0.331276 -0.0728515 2.40058 
0.965076 0.280598 -0.071236 2.42621 
0.966585 0.279765 -0.0622495 2.42972 
0.967333 0.279279 -0.0561694 2.43126 
0.965237 0.283776 -0.0658982 2.42687 
0.964092 0.289863 -0.0647848 2.4245 
0.963953 0.295492 -0.0593399 2.42453 
0.966762 0.272108 -0.0766097 2.42999 
0.968843 0.26381 -0.0827344 2.43423 
0.96821 0.265915 -0.0768729 2.43282 
0.96496 0.275644 -0.0898521 2.42575 
0.962403 0.30773 0.060872 2.42151 
0.962648 0.307757 0.0555083 2.4218 
0.960921 0.312422 0.0621775 2.41833 
0.960508 0.316261 0.0580309 2.41741 
0.961447 0.312891 0.0537296 2.41916 
0.957014 0.326901 0.0639409 2.41043 
0.956301 0.326146 0.0680324 2.40935 
0.957029 0.32214 0.070236 2.41092 
0.958316 0.323203 0.0633178 2.41322 
0.958277 0.318681 0.0673205 2.41298 
0.954165 0.327234 0.0737167 2.40583 
0.952492 0.333923 0.0701737 2.40189 
0.953895 0.332357 0.0678849 2.40446 
0.95476 0.32868 0.069973 2.40639 
0.951857 0.331841 0.0735947 2.40132 
0.952748 0.328791 0.0752637 2.40333 
0.950618 0.319438 0.0809086 2.39764 
0.951607 0.314978 0.0818922 2.39991 
0.951619 0.317825 0.0804544 2.40018 
0.94096 0.376373 0.0195877 2.37639 
0.940861 0.376882 0.0162644 2.3761 
0.942836 0.37368 0.0207467 2.38044 
0.94177 0.374674 0.0214592 2.37807 
0.941838 0.375906 0.0141851 2.37824 
0.943638 0.37351 0.0179076 2.38221 
0.943311 0.374325 0.0150249 2.38148 
0.953638 0.327783 -0.07476 2.40301 
0.959896 0.298587 -0.0908958 2.41567 
0.952708 0.326353 -0.0830709 2.40104 
0.952424 0.329789 -0.0801667 2.4006 
0.953552 0.328248 -0.0784193 2.40307 
0.959234 0.303112 -0.0865498 2.41475 
0.959037 0.305945 -0.0825694 2.41448 
0.960129 0.299278 -0.0870726 2.41635 
0.958951 0.312519 -0.068296 2.41418 
0.958578 0.310211 -0.0729918 2.41317 
0.952552 0.34255 -0.0533819 2.40039 
0.953674 0.338816 -0.054772 2.40277 
0.951153 0.343876 -0.057095 2.39759 
0.950029 0.343797 -0.0636467 2.39546 
0.951106 0.341198 -0.0608999 2.39746 
0.951495 0.333873 -0.0784345 2.39864 
0.951581 0.33361 -0.074957 2.39857 
0.96493 0.293114 -0.0540169 2.4264 
0.966543 0.286013 -0.0525112 2.42984 
0.964817 0.296883 -0.0480487 2.42593 
0.966042 0.293058 -0.0434977 2.42847 
0.967165 0.285184 -0.0453485 2.43085 
0.96733 0.265352 -0.0887042 2.43075 
0.965642 0.27009 -0.0911091 2.42687 
0.968475 0.25905 -0.0925514 2.43313 
0.955208 0.31778 -0.08529 2.40644 
0.954138 0.319827 -0.0861568 2.40402 
0.954149 0.325285 -0.0801476 2.40426 
0.953452 0.322574 -0.0839328 2.40254 
0.953502 0.325112 -0.0826836 2.40284 
0.954852 0.325103 -0.0723066 2.40559 
0.955333 0.326061 -0.0673169 2.40655 
0.956419 0.323537 -0.065876 2.40885 
0.95705 0.319032 -0.0683586 2.41006 
0.960346 0.296609 -0.092133 2.41642 
0.961089 0.292395 -0.0942231 2.4178 
0.962628 0.2863 -0.0899608 2.42093 
0.961952 0.290624 -0.0908437 2.41989 
0.960231 0.309938 -0.0657306 2.41702 
0.960522 0.310657 -0.0607678 2.41729 
0.962762 0.301107 -0.0603007 2.4221 
0.962008 0.3058 -0.0574453 2.42028 
0.960073 0.302477 -0.0779774 2.41635 
0.959879 0.304865 -0.0736973 2.41593 
0.962818 0.293534 -0.0689745 2.42186 
0.961974 0.300313 -0.06621 2.42035 
0.960726 0.303994 -0.0685474 2.41765 
0.953 0.33309 -0.0681773 2.40171 
0.952091 0.33681 -0.0666401 2.39987 
0.95444 0.330162 -0.0652987 2.4047 
0.954591 0.332542 -0.0611993 2.40494 
0.953399 0.33688 -0.0596407 2.40241 
0.952174 0.337729 -0.0622466 2.39975 
0.949837 0.342972 -0.067712 2.39513 
0.950699 0.339494 -0.0693553 2.39691 
0.948792 0.344974 -0.0699926 2.39274 
0.948538 0.343809 -0.0721092 2.39195 
0.950642 0.334115 -0.0793078 2.39647 
0.955809 0.318448 -0.0816136 2.40778 
0.957116 0.313735 -0.0802338 2.41038 
0.957601 0.313741 -0.0753342 2.41131 
0.955093 0.321615 -0.0786883 2.40613 
0.956736 0.318328 -0.0727213 2.40951 
0.955549 0.321498 -0.0746292 2.40703 
0.963119 0.284859 -0.0858548 2.42215 
0.964487 0.279201 -0.0855051 2.42504 
0.964842 0.276634 -0.080082 2.4256 
0.964216 0.28305 -0.0759089 2.4247 
0.961077 0.296295 -0.0845347 2.41835 
0.961839 0.292284 -0.0858862 2.41986 
0.961158 0.297274 -0.0785332 2.41856 
0.962758 0.28818 -0.0827104 2.42175 
0.962464 0.292694 -0.0743181 2.42118 
0.963185 0.287137 -0.0773595 2.42256 
0.950158 0.337415 -0.0769104 2.39556 
0.950772 0.336219 -0.0747209 2.39686 
0.950405 0.338318 -0.0730592 2.39609 
0.949416 0.3378 -0.0758409 2.39351 
0.949083 0.341245 -0.074656 2.39325 
0.949503 0.340266 -0.0747111 2.39415 
