3 12 4
104 -2 93
6 -3 3
2 0 49
0 61 48
-3 6 35
2 53 5
39 34 149
79 11 -3
14 10 70
-3 11 9
10 8 76
13 0 -3
59 12 14
-3 9 13
16 92 -2
98 15 -1
258 110 105
19 626 100
303 18 106
21 -1 138
87 20 24
29 121 23
24 275 22
21 23 89
578 137 -1
141 27 453
139 26 1117
576 456 279
146 22 142
462 145 143
38 32 -3
31 33 -1
32 147 34
7 -1 33
5 36 37
35 52 306
38 -3 35
31 37 148
7 308 -1
41 317 156
42 40 161
335 41 373
44 66 158
50 62 43
310 150 47
157 54 47
45 166 46
4 50 49
53 3 48
44 51 48
50 159 163
36 53 162
52 6 49
46 322 152
179 175 180
338 360 58
359 183 342
343 336 56
61 13 60
69 63 59
62 4 59
44 61 63
60 64 62
63 72 65
368 67 64
43 67 68
65 188 66
186 160 66
72 60 70
9 78 69
367 72 77
71 64 69
74 -1 378
190 73 194
385 193 230
78 11 206
71 78 205
77 70 76
207 8 -1
211 212 215
334 377 476
234 238 242
222 246 84
83 85 220
84 247 250
-1 87 96
86 21 89
94 97 124
24 125 87
99 94 92
-2 92 93
91 15 90
112 1 91
90 88 111
98 -1 96
86 97 95
96 88 99
16 95 99
97 90 98
259 18 623
129 257 550
-2 104 103
108 268 102
1 114 102
106 17 265
19 105 116
108 113 115
103 107 266
-2 264 127
17 269 263
112 94 122
93 111 114
107 114 117
113 104 112
116 107 117
106 115 300
113 118 115
117 123 119
118 120 298
119 123 121
125 22 120
123 111 124
118 122 120
88 125 122
124 89 121
133 -2 127
109 270 126
274 129 135
128 101 -1
-2 133 131
134 -1 130
133 272 135
126 132 130
135 -1 131
128 134 132
-1 137 138
136 25 280
276 20 136
27 1344 454
285 724 282
292 26 287
143 29 277
30 142 458
632 295 288
146 30 294
29 145 299
33 148 149
38 307 147
150 7 147
305 45 149
-1 309 312
54 153 311
152 321 313
172 319 330
157 165 159
161 40 157
46 155 156
159 43 160
51 158 155
68 161 158
41 156 160
52 163 164
162 51 165
166 304 162
155 166 163
165 47 164
-1 316 168
328 167 169
170 173 168
318 169 315
337 345 331
173 154 482
169 172 647
182 175 497
174 55 682
681 179 488
178 509 350
659 177 179
176 55 178
55 181 356
180 357 352
358 174 819
57 662 184
362 341 183
372 213 703
68 188 374
189 393 375
186 67 189
365 187 188
-1 74 386
192 237 196
239 191 233
75 194 195
74 197 193
252 248 193
197 191 251
379 196 194
200 199 -1
198 204 -1
369 198 201
371 202 200
201 392 366
205 208 204
199 370 203
77 203 364
208 76 207
79 -1 206
203 206 -1
214 211 700
211 397 218
80 210 209
80 214 -1
185 -1 214
212 209 213
398 80 395
396 382 400
355 339 390
391 210 491
529 1189 787
84 748 223
224 228 531
533 83 223
220 224 222
223 227 221
253 405 226
227 747 225
224 226 228
221 227 537
514 534 406
511 75 249
444 232 547
231 281 408
192 380 551
235 82 414
236 741 234
881 235 413
191 238 566
237 82 568
242 192 552
409 540 241
244 242 240
82 239 241
429 411 415
561 241 418
535 515 246
247 83 245
85 246 248
195 247 249
516 230 248
569 85 252
252 196 567
195 251 250
401 225 745
-1 420 1326
422 593 757
257 273 261
730 101 256
17 259 260
100 262 258
271 258 261
262 256 260
441 261 259
110 264 265
263 109 267
266 105 263
108 265 268
264 -2 268
103 266 267
270 110 271
272 127 269
269 260 273
132 270 274
256 274 271
273 128 272
23 276 277
138 280 275
278 142 275
459 277 279
28 278 280
276 137 279
232 447 282
451 140 281
455 430 284
428 286 283
140 452 286
284 417 285
461 141 288
144 297 287
457 421 290
424 291 289
290 1118 292
141 460 291
301 294 627
293 145 296
297 144 448
463 297 294
296 288 295
300 119 299
146 301 298
116 298 303
299 293 302
625 303 301
302 19 300
164 305 306
150 307 304
307 36 304
305 148 306
309 39 310
311 151 308
308 45 311
152 309 310
151 313 314
312 153 315
316 -1 312
170 316 313
315 167 314
40 333 323
319 170 321
320 154 318
323 332 319
153 322 318
321 54 323
317 320 322
468 -1 326
1034 -1 634
324 327 469
326 -1 328
327 168 329
470 328 648
154 332 331
479 171 330
320 333 330
332 317 335
335 81 478
42 334 333
58 337 338
171 475 336
353 56 336
217 354 474
344 503 650
184 348 342
343 57 341
58 342 346
347 340 481
171 346 483
343 348 345
692 344 348
346 341 347
351 484 490
489 177 351
387 349 350
356 181 353
338 354 352
353 339 355
217 492 354
180 352 660
181 358 360
182 496 357
57 360 495
359 56 357
499 501 667
184 1229 506
394 365 366
205 370 367
363 189 368
369 202 363
368 71 364
65 367 365
200 366 370
364 204 369
372 201 -1
185 371 -1
377 42 374
186 375 373
374 187 376
517 377 375
376 81 373
379 73 -1
380 197 378
-1 233 379
507 383 -1
216 -1 383
381 872 382
-1 386 508
75 694 386
384 190 385
388 351 510
485 387 512
477 518 390
391 217 389
218 390 520
202 704 394
187 394 519
393 363 392
396 215 -1
216 395 -1
210 398 493
215 400 397
871 494 400
398 216 399
253 402 521
401 419 524
404 532 536
1259 403 719
538 225 909
407 229 855
487 406 677
544 232 723
240 553 554
1376 557 597
243 426 412
559 564 411
236 414 736
413 234 562
417 243 416
565 418 415
286 415 542
416 244 541
402 746 743
580 254 -1
289 577 423
255 425 595
421 596 424
425 290 423
422 937 424
427 411 599
560 426 598
429 284 431
243 428 600
283 1345 431
1134 428 430
615 435 993
601 437 434
768 435 433
434 432 436
435 616 603
433 966 962
756 769 604
903 809 1002
729 441 442
440 262 624
440 443 728
442 621 446
447 231 445
549 446 444
445 443 450
630 281 444
628 295 449
629 450 448
449 446 622
282 631 452
455 285 451
26 454 633
139 455 453
283 452 454
459 28 457
289 460 456
143 459 462
458 278 456
457 292 461
287 463 460
463 30 458
461 296 462
635 643 1269
642 636 -1
860 641 473
640 -1 468
467 324 472
326 470 472
329 471 469
470 815 473
473 468 469
466 472 471
339 475 477
474 337 479
81 477 478
476 389 474
479 334 476
331 478 475
645 482 481
483 344 480
480 172 483
345 481 482
349 485 654
484 388 486
513 487 485
486 407 655
176 489 678
350 490 488
489 349 502
492 218 493
661 355 491
397 494 491
493 399 656
359 496 663
495 358 820
174 683 818
499 1019 -1
-1 361 498
1033 501 -1
500 361 -1
679 490 1009
653 340 691
689 686 652
687 690 673
362 674 693
699 381 508
384 695 507
177 657 510
698 387 509
230 516 696
388 697 513
514 486 512
229 513 515
516 245 514
249 515 511
518 376 519
520 389 517
393 702 517
391 518 701
401 706 910
705 524 710
524 742 707
522 402 523
608 715 530
530 713 716
528 1000 529
1310 527 894
219 530 527
525 526 529
533 221 532
403 857 531
222 531 535
229 535 856
534 245 533
920 403 537
228 538 536
405 539 537
538 908 919
240 543 541
542 418 540
417 541 725
722 540 556
408 546 727
546 555 -1
721 545 544
231 548 549
726 1092 547
1094 445 547
101 921 -1
233 -1 552
553 239 551
-1 409 552
409 -1 556
545 556 -1
555 543 554
560 410 734
737 563 559
412 560 558
559 427 557
244 565 562
563 414 561
558 562 564
412 563 565
561 416 564
237 568 567
570 251 566
566 238 738
250 570 749
567 571 569
570 739 744
-1 750 755
582 575 1099
575 940 752
573 931 574
577 28 578
1108 421 576
576 25 754
580 -1 929
420 579 581
1329 580 582
930 573 581
594 589 758
586 751 941
587 591 763
584 587 1120
586 1659 585
766 589 942
588 583 590
589 592 591
585 943 590
590 594 764
255 759 594
592 583 593
422 596 761
595 423 1109
410 598 949
427 1349 597
952 426 600
429 953 599
433 603 1155
611 1157 603
601 436 602
975 438 772
607 770 1397
607 1184 781
605 606 1150
798 525 788
836 618 1022
668 838 1021
614 602 807
810 905 613
1090 614 612
613 1161 611
616 432 799
436 615 805
619 804 795
609 796 803
620 617 790
806 800 619
443 624 622
628 450 621
624 100 626
621 441 623
626 302 627
18 625 623
293 628 625
448 622 627
630 449 632
447 629 631
633 451 630
629 144 633
453 631 632
637 325 811
464 638 636
812 465 635
843 634 638
635 862 637
-1 640 642
467 641 639
640 466 644
643 465 639
464 642 644
641 1051 643
647 480 646
651 649 645
173 645 648
649 329 647
646 816 648
340 653 651
814 646 650
653 504 813
503 652 650
484 655 817
654 487 850
661 494 658
658 509 659
870 657 656
657 178 660
356 661 659
492 656 660
1230 183 663
495 821 662
826 684 828
824 825 829
839 670 671
361 672 669
670 610 1427
667 670 1020
669 666 668
666 672 833
671 667 1216
505 674 1055
673 506 1231
900 1255 685
718 892 1073
407 854 851
488 679 681
502 680 678
679 1016 684
682 176 678
683 175 681
684 497 682
664 683 680
675 832 896
504 866 858
867 505 863
1031 1059 1060
504 691 690
693 505 689
689 503 692
691 347 693
506 690 692
695 385 696
699 508 694
511 697 694
696 512 698
510 869 697
507 695 868
209 701 703
520 702 700
701 519 704
704 185 700
702 392 703
706 522 876
1087 521 705
708 523 709
711 707 878
740 882 707
522 711 712
710 708 731
732 875 710
526 715 886
715 797 717
713 525 714
895 526 885
890 714 848
676 720 1304
404 918 720
718 1474 719
722 546 723
543 721 725
721 408 724
140 725 723
542 722 724
-1 548 727
544 -1 726
442 1095 729
730 440 728
257 729 922
732 711 879
712 731 1324
1072 735 734
737 557 733
733 880 736
413 737 735
558 734 736
739 568 741
571 738 743
741 709 742
235 740 738
523 743 740
419 739 742
749 571 746
746 253 747
744 419 745
226 748 745
747 220 749
569 744 748
572 926 925
584 1102 752
1100 574 751
-1 755 754
1107 578 753
753 572 1331
438 934 1398
938 255 758
583 959 757
760 593 761
944 759 762
595 762 759
761 1106 760
947 585 764
592 945 763
955 1542 936
960 588 1143
1137 1133 1343
995 434 963
438 770 1151
605 1148 769
969 774 773
773 604 1152
779 772 771
771 775 971
774 1372 776
948 777 775
776 951 973
1317 1321 1158
976 773 972
802 984 1023
986 606 782
981 1283 781
784 801 994
983 783 988
1192 786 787
785 792 998
788 219 785
999 608 787
794 1193 790
791 619 789
808 790 1001
786 794 1004
837 1005 796
792 789 795
617 796 794
795 618 793
714 798 1614
608 1448 797
800 615 801
620 799 804
783 802 799
801 780 803
618 804 802
803 617 800
616 806 807
620 808 805
810 611 805
806 791 809
808 439 810
612 807 809
812 634 -1
636 811 -1
814 652 859
651 813 816
471 816 861
649 814 815
654 853 1010
497 827 819
820 182 818
821 496 819
822 663 820
1227 821 823
1012 1199 822
1203 665 1257
826 665 1205
664 825 827
1013 818 826
829 664 1014
665 828 830
832 1256 829
1077 832 1015
831 685 830
671 834 835
833 1214 842
841 840 833
609 838 837
840 793 836
836 610 839
838 666 840
835 837 839
835 842 1006
841 834 1027
1035 637 1037
1273 845 1041
844 1047 1046
1444 1603 847
1784 1045 846
849 717 1617
898 848 1471
853 655 851
677 852 850
851 1049 1292
1293 817 850
1050 677 855
854 406 856
534 857 855
856 532 1260
686 1262 859
861 813 858
1052 466 861
815 859 860
638 1267 1038
1279 687 1056
1264 866 865
867 1278 864
864 686 867
687 865 866
699 869 872
868 698 870
869 658 871
870 399 872
383 868 871
1508 874 1552
873 1068 1289
712 877 876
1086 705 875
875 1323 1316
708 882 879
1070 731 878
735 1069 881
882 236 880
878 709 881
891 888 1074
902 1296 887
888 716 886
713 890 885
884 888 889
887 883 885
890 899 887
717 889 886
895 883 892
676 893 891
892 1079 894
528 895 893
716 891 894
685 1078 897
1295 901 896
899 849 900
889 898 902
898 675 901
897 902 900
901 884 899
905 439 904
1309 906 903
612 903 916
904 907 917
906 1306 1080
539 909 911
908 405 910
521 913 909
908 914 1083
1082 914 1085
914 910 1088
912 911 913
1081 1312 917
905 917 1091
916 906 915
1303 719 920
920 539 1084
536 919 918
-1 550 922
730 1093 921
927 1098 1101
925 928 1124
750 924 1333
928 750 -1
-1 923 928
924 926 927
930 579 1110
582 929 932
575 932 1520
930 933 931
932 1111 1337
935 756 977
1186 934 936
978 765 935
425 938 1116
757 939 937
938 958 1355
574 1521 941
1119 584 940
588 943 1403
942 591 1657
945 760 946
947 764 944
1105 1125 944
763 945 1121
1130 776 1386
597 1129 1383
974 951 1126
777 1128 950
599 953 1350
952 600 1135
1369 1131 1138
765 957 1141
957 1140 1145
1172 956 955
939 959 1360
958 758 960
766 1364 959
997 963 1147
437 1165 963
961 768 962
1159 1096 965
970 968 964
967 437 1156
966 968 1162
967 965 1168
771 1163 1167
1169 965 1097
774 973 972
1175 779 971
971 777 974
973 950 1174
604 976 977
779 1170 975
978 934 975
936 977 1173
982 1640 980
1176 1179 979
1178 782 982
1185 979 981
984 784 1188
1207 780 983
1149 986 1690
781 1500 985
1417 1288 990
784 989 991
988 996 990
987 992 989
992 1187 988
990 1548 991
432 995 994
996 783 993
768 997 993
989 994 1559
995 961 1558
999 786 1213
788 998 1447
527 1003 1190
791 1191 1002
439 1001 1003
1000 1308 1002
792 1005 1007
1004 793 1006
841 1008 1005
1008 1212 1004
1006 1029 1007
1017 502 1010
817 1076 1009
1204 1048 1196
823 1013 1202
827 1206 1012
1015 828 1016
831 1014 1018
680 1017 1014
1009 1018 1016
1017 1075 1015
498 1020 1429
669 1428 1019
610 1022 1423
1021 609 1023
780 1208 1022
1025 1026 1222
1028 1024 1211
1024 1573 1578
1029 842 1571
1574 1025 1029
1008 1027 1028
1194 1031 1226
1030 688 1032
1058 1228 1031
1217 500 -1
325 1035 -1
843 1039 1034
1038 1053 1265
1235 843 1038
862 1036 1037
-1 1035 1237
1245 1238 1247
844 1042 1043
1041 1044 1450
1451 1275 1041
1042 1046 1045
1623 847 1044
1044 845 1250
845 1252 1461
1011 1258 1254
852 1050 1477
854 1261 1049
644 1052 1270
860 1263 1051
1036 1268 1054
1482 1598 1053
673 1057 1056
1062 863 1055
1232 1058 1055
1057 1032 1061
1585 688 1195
688 1587 1061
1062 1058 1060
1056 1061 1277
-1 1280 1064
1281 1067 1063
1177 1282 1284
1388 -1 1067
1064 1181 1066
874 1507 -1
1070 880 1072
879 1069 1071
1374 1325 1070
1069 733 1377
1473 676 1074
883 1297 1073
1018 1076 1077
1075 1010 1294
1078 831 1075
1291 896 1077
893 1305 1311
907 1301 1081
1082 915 1080
1083 912 1081
911 1082 1084
1302 919 1083
912 1088 1313
876 1315 1087
706 1086 1088
1085 913 1087
1160 1090 1318
1089 613 1091
916 1314 1090
1094 548 1319
1320 922 1095
549 1092 1095
1093 728 1094
964 1322 1097
1378 970 1096
1327 923 -1
573 1100 1330
752 1103 1099
923 1104 1123
1103 751 1122
1104 1100 1102
1328 1103 1101
1334 946 1106
762 1109 1105
754 1332 1108
577 1107 1109
1106 596 1108
1111 929 -1
933 1110 1114
-1 1340 1113
1338 -1 1112
1111 -1 1115
-1 1336 1114
937 1354 1118
1342 27 1118
291 1116 1117
941 1347 1660
586 1121 1122
947 1125 1120
1123 1102 1120
1101 1122 1124
1125 924 1123
1121 946 1124
950 1127 1367
1126 1352 1370
1351 951 1130
1130 949 1348
948 1129 1128
954 1132 1133
1353 1135 1131
767 1131 1134
431 1133 1135
1132 953 1134
1139 1138 1356
767 1357 1138
1136 954 1137
1368 1136 1361
956 1365 1362
955 1145 1142
1402 1141 1143
1144 766 1142
1363 1143 1145
1141 956 1144
1688 1147 1149
961 1154 1146
1153 770 1150
1150 985 1146
607 1149 1148
769 1153 1152
1164 772 1151
1148 1154 1151
1153 1147 1166
601 1157 1156
1159 966 1155
1155 602 1161
778 1159 1160
964 1156 1158
1161 1089 1158
614 1160 1157
967 1163 1165
1162 969 1164
1152 1166 1163
1166 962 1162
1164 1154 1165
969 1168 1373
1167 968 1169
970 1371 1168
1173 976 1175
1366 1172 1174
1171 957 1173
978 1170 1172
1175 974 1171
972 1174 1170
1387 980 1182
1181 1065 1178
981 1179 1177
1178 980 1180
1389 1181 1179
1180 1067 1177
1394 1176 1643
1392 1407 -1
606 1399 1185
1534 982 1184
1396 935 1541
991 1409 1188
1772 983 1187
219 1190 1192
1000 1191 1189
1190 1001 1193
1193 785 1189
1191 789 1192
1195 1030 1200
1197 1059 1194
1201 1011 1197
1272 1195 1196
1225 1199 1200
823 1202 1198
1201 1194 1198
1196 1200 1204
1012 1206 1199
824 1204 1205
1011 1201 1203
1206 825 1203
1202 1013 1205
984 1773 1208
1424 1023 1207
1430 1422 1210
1410 -1 1209
1025 1221 1212
1007 1211 1213
1224 998 1212
834 1216 1440
1217 -1 1699
1214 672 1217
1033 1215 1216
1219 1564 1465
1433 1218 1220
1223 1221 1219
1220 1211 1222
1221 1024 1432
1224 1220 1463
1213 1223 1445
1227 1198 1226
1030 1228 1225
1230 822 1225
1226 1032 1232
1231 362 1230
662 1227 1229
1232 674 1229
1228 1057 1231
1593 1234 -1
1246 -1 1233
1037 1266 1237
-1 1237 1485
1236 1039 1235
1040 1241 -1
1241 1244 1455
-1 1241 1456
1240 1238 1239
1605 1443 1434
1435 1454 1457
1239 1245 1458
1040 1612 1244
1248 1234 1459
1249 1040 -1
1246 1249 -1
1248 1613 1247
1622 1046 1462
1618 1252 1468
1251 1047 1253
1252 1274 1254
1048 1469 1253
1256 675 1472
830 1255 1257
1258 824 1256
1470 1048 1257
1260 404 1475
1261 857 1259
1476 1050 1260
1263 858 1264
1481 1052 1262
1262 864 1794
1266 1036 1597
1483 1235 1265
1268 862 1269
1271 1053 1267
1267 464 1270
1051 1271 1269
1480 1268 1270
1276 1197 1274
1274 844 1275
1253 1273 1272
1043 1276 1273
1586 1272 1275
1062 1589 1279
865 1279 1591
863 1277 1278
1486 1063 -1
1064 1487 1282
1494 1065 1281
1499 782 1284
1065 1497 1283
1498 1287 1502
1493 1492 1287
1285 1286 1411
1551 987 1412
1290 874 -1
-1 1544 1289
1078 1294 1298
1293 852 1299
853 1292 1294
1291 1076 1293
897 1298 1296
1297 884 1295
1479 1074 1296
1291 1299 1295
1298 1292 1478
1307 1305 1301
1302 1080 1300
1084 1301 1303
918 1302 1304
718 1303 1305
1300 1079 1304
1307 907 1309
1311 1300 1306
1003 1310 1309
1306 904 1308
1308 528 1311
1079 1307 1310
1314 915 1313
1085 1315 1312
1318 1091 1312
1313 1086 1316
1315 877 1317
1316 778 1318
1089 1314 1317
1320 1092 -1
1093 1319 -1
1322 778 1323
1382 1096 1321
877 1324 1321
732 1325 1323
1071 1381 1324
254 1329 1512
1098 1513 1328
1330 1104 1327
1326 581 1330
1099 1328 1329
1332 755 1333
1334 1107 1331
925 1334 1331
1105 1332 1333
1341 1634 1338
1115 1339 1337
1519 933 1336
1339 1113 1335
1336 -1 1338
1112 1514 1341
1516 1335 1340
1117 1359 1344
1358 767 1345
1345 139 1342
1343 430 1344
1401 1347 1638
1346 1119 1522
1351 1129 1349
1348 598 1350
952 1353 1349
1128 1348 1352
1127 1351 1353
1350 1132 1352
1359 1116 1355
1354 939 1356
1136 1357 1355
1356 1137 1358
1343 1359 1357
1358 1342 1354
958 1364 1361
1362 1139 1360
1140 1361 1363
1364 1144 1362
1360 960 1363
1368 1140 1366
1365 1171 1367
1126 1370 1366
1139 1365 1369
954 1368 1370
1367 1127 1369
1373 1169 1527
775 1373 1528
1167 1371 1372
1071 1377 1375
1385 1380 1374
1377 410 1384
1374 1072 1376
1097 1382 1379
1380 1526 1378
1375 1379 1381
1382 1325 1380
1322 1381 1378
949 1386 1384
1385 1376 1383
1375 1384 1525
1383 948 1529
1176 -1 1389
1066 1389 -1
1388 1180 1387
1393 1533 1391
-1 1390 1392
1531 1183 1391
1394 1390 -1
1182 1393 -1
1535 1400 1753
1186 1405 1398
1399 605 1398
756 1396 1397
1400 1184 1397
1395 1399 1404
1538 1346 1647
1543 1142 1403
942 1661 1402
1400 1405 1408
1404 1396 1540
-1 1407 1672
1406 1183 1532
1404 1751 1756
1769 1187 1547
-1 1210 1420
1287 1554 1416
1413 1288 1418
1511 1412 1414
1416 1687 1413
1419 1501 1416
1411 1414 1415
1418 987 1557
1419 1412 1417
1415 1418 1692
1421 1410 1425
-1 1420 1546
1209 1428 1425
1021 1424 1427
1208 1426 1423
1426 1420 1422
1771 1425 1424
1428 668 1423
1422 1020 1427
1019 1430 -1
1209 -1 1429
1575 1562 1433
1433 1222 1577
1219 1432 1431
1435 1242 1560
1243 1434 1565
1566 1561 1441
1439 1579 1705
1453 1439 1696
1710 1437 1438
1214 1700 1572
1714 1436 1576
1619 1563 1443
1242 1444 1442
846 1624 1443
1224 1446 1447
1445 1464 1449
999 1445 1448
1449 798 1447
1446 1460 1448
1451 1042 1735
1043 1450 1452
1730 1584 1451
1708 1438 -1
1243 1568 1455
1456 1239 1454
1240 1455 1600
1606 1243 1458
1244 1608 1457
1609 1246 1594
1449 1466 1615
1047 1616 1462
1467 1250 1461
1464 1223 1465
1446 1463 1466
1218 1620 1463
1467 1460 1464
1462 1466 1621
1251 1469 1471
1468 1254 1470
1258 1472 1469
849 1468 1472
1470 1255 1471
1073 1479 1474
720 1473 1475
1476 1259 1474
1261 1475 1477
1049 1476 1478
1479 1299 1477
1297 1478 1473
1482 1271 1481
1263 1795 1480
1054 1480 1740
1266 1745 1485
1798 -1 1485
1236 1483 1484
1280 1488 1487
1495 1281 1486
1486 -1 1489
1490 1496 1488
1492 1489 -1
1556 1492 -1
1491 1286 1490
1496 1286 1498
1282 1495 1497
1487 1496 1494
1495 1489 1493
1498 1284 1494
1285 1497 1493
1283 1502 1500
1693 986 1499
1415 1694 1502
1499 1285 1501
1505 1504 -1
1503 1684 -1
1509 1503 1506
-1 1507 1505
1506 1068 1508
1507 873 1510
1686 1505 1511
1550 1511 1508
1510 1413 1509
1326 1513 -1
1512 1327 -1
1518 1340 1632
1637 1516 1648
1341 1518 1515
1518 1627 1649
1514 1517 1516
1337 1635 1520
931 1519 1521
1522 940 1520
1636 1347 1521
1524 -1 1639
1530 1523 1653
1385 1529 1526
1379 1525 1527
1528 1371 1526
1372 1527 1529
1525 1386 1528
-1 1524 1631
1392 1533 1532
1762 1407 1531
1531 1390 1644
1185 1535 1641
1395 1760 1534
1537 1750 1646
1651 1757 1536
1401 1539 1658
1538 1645 1748
1665 1405 1541
1540 1186 1542
765 1543 1541
1402 1664 1542
1290 1675 1553
-1 1546 1679
1421 1768 1545
1549 1409 1548
992 1551 1547
1553 1676 1547
1551 1510 1552
1288 1550 1548
873 1553 1550
1544 1549 1552
1685 1411 1556
-1 1683 1556
1554 1491 1555
1691 1417 1559
1559 997 1689
996 1558 1557
1561 1434 1563
1436 1560 1562
1431 1561 1564
1442 1564 1560
1563 1218 1562
1435 1566 1568
1436 1567 1565
1716 1569 1566
1602 1454 1565
1567 1695 1601
1702 1698 -1
1574 1027 1572
1440 1701 1571
1706 1026 1574
1028 1571 1573
1431 1577 1576
1713 1441 1575
1575 1432 1578
1026 1579 1577
1437 1712 1578
1707 -1 1581
1580 -1 1717
1583 -1 1723
1727 1720 1582
1452 1588 1586
1059 1586 1587
1585 1276 1584
1588 1060 1585
1584 1590 1587
1591 1277 1590
1588 1724 1589
1278 1589 1592
1725 1793 1591
1594 1233 1829
1595 1459 1593
1607 1594 1787
1738 1744 1599
1746 1265 1598
1054 1599 1597
1739 1596 1598
1456 1602 -1
1602 1569 -1
1568 1601 1600
846 1605 1604
1607 1786 1603
1242 1606 1603
1457 1610 1605
1611 1595 1604
1610 1458 1612
1459 1611 1613
1611 1606 1608
1607 1610 1609
1608 1245 1613
1249 1609 1612
797 1615 1617
1460 1616 1614
1615 1461 1618
1618 848 1614
1616 1251 1617
1442 1624 1620
1621 1465 1619
1467 1620 1622
1250 1621 1623
1045 1622 1624
1619 1444 1623
-1 1626 1810
1625 -1 1747
1517 1628 1629
1627 1633 1630
1631 1654 1627
-1 1631 1628
1630 1530 1629
1633 1514 -1
1628 1632 -1
1635 1335 1637
1636 1519 1634
1522 1635 1638
1634 1515 1638
1346 1636 1637
1671 1523 -1
979 1641 1643
1534 1642 1640
1641 1759 1644
1644 1182 1640
1642 1533 1643
1539 1647 1646
1656 1536 1645
1645 1401 1648
1515 1649 1647
1648 1517 1655
1666 1651 1652
1537 1656 1650
1653 1669 1650
1524 1652 1654
1629 1653 1655
1656 1649 1654
1646 1655 1651
1662 943 1659
1538 1663 1660
587 1660 1657
1119 1658 1659
1664 1403 1662
1657 1663 1661
1662 1658 1749
1665 1543 1661
1540 1664 1752
1755 1650 1667
1668 1758 1666
1674 1667 1669
1652 1671 1668
1671 -1 1765
1639 1670 1669
1406 1673 1764
1763 1674 1672
1668 1766 1673
1678 1544 -1
1549 1678 1770
1678 -1 1680
1675 1677 1676
1545 1681 -1
1681 1677 -1
1767 1680 1679
1683 -1 1684
1685 1555 1682
1504 1686 1682
1554 1683 1687
1684 1509 1687
1414 1685 1686
1689 1146 1690
1691 1558 1688
985 1693 1688
1557 1689 1692
1419 1691 1694
1500 1694 1690
1693 1501 1692
1569 1719 -1
1438 1697 -1
1704 -1 1696
-1 1570 1700
1700 1215 -1
1698 1440 1699
1706 1572 1702
1701 1570 1703
-1 1704 1702
1703 1697 1705
1704 1437 1706
1573 1701 1705
1580 1711 1709
1453 1709 1710
1708 -1 1707
1712 1439 1708
1707 1715 1713
1713 1579 1710
1576 1712 1711
1441 1715 1716
1711 1717 1714
1719 1567 1714
1715 1581 1718
-1 1719 1717
1718 1695 1716
1583 1721 -1
1799 -1 1720
-1 1775 1723
1779 1582 1722
1725 1590 1731
1592 1724 1815
1777 1789 -1
1583 1780 1833
1736 1734 1730
1813 1731 1733
1452 1728 1731
1729 1724 1730
1807 1782 1733
1729 1734 1732
1733 1728 1806
1736 1450 1785
1824 1728 1735
1790 1774 1821
1841 1596 1741
1741 1599 1740
1482 1792 1739
1742 1738 1739
1818 1741 1743
1814 1742 1791
1746 1596 1840
1796 1483 1746
1597 1744 1745
1626 1797 1839
1749 1539 1750
1752 1663 1748
1536 1751 1748
1750 1408 1752
1665 1749 1751
1754 1395 1756
1755 1761 1753
1666 1754 1757
1408 1757 1753
1537 1755 1756
1761 1667 1763
1642 1760 1762
1759 1535 1761
1754 1758 1760
1532 1759 1763
1758 1673 1762
1672 1766 -1
1766 1670 -1
1764 1674 1765
1770 1681 1768
1767 1546 1771
1409 1770 1772
1676 1767 1769
1768 1426 1773
1188 1769 1773
1771 1207 1772
1737 1778 1804
1781 1722 1808
1777 -1 1803
1726 1776 1778
1801 1774 1777
1723 1781 1780
1816 1727 1779
1775 1842 1779
1732 1783 1812
1834 1817 1782
1785 847 1786
1825 1735 1784
1604 1788 1784
1595 1827 1788
1826 1786 1787
1726 1790 1831
1737 1849 1789
1743 1792 1793
1791 1740 1795
1592 1791 1794
1795 1264 1793
1792 1481 1794
1745 1797 1798
1796 1747 -1
1484 1796 -1
1800 1721 1832
1802 -1 1799
1778 1803 1835
-1 1800 1803
1801 1776 1802
1774 1837 1805
1806 1823 1804
1807 1734 1805
1732 1806 1836
1809 1775 -1
1811 1808 -1
1811 1625 1838
1843 1809 1810
1782 1820 1813
1815 1729 1812
1819 1743 1815
1725 1813 1814
1780 1844 1817
1820 1783 1816
1846 1742 1819
1814 1820 1818
1819 1812 1817
1822 1737 1823
1826 1828 1821
1805 1824 1821
1736 1825 1823
1785 1826 1824
1788 1822 1825
1828 1787 1829
1822 1827 1850
1827 1593 1830
-1 1852 1829
1789 1848 -1
1835 1799 1833
1727 1834 1832
1833 1783 1836
1801 1832 1837
1807 1837 1834
1836 1804 1835
1845 1810 1839
1747 1840 1838
1839 1744 1841
1738 1847 1840
1844 1781 1843
1811 1845 1842
1846 1816 1842
1838 1847 1843
1818 1844 1847
1845 1841 1846
1851 1831 1849
1848 1790 1850
1828 1853 1849
1848 1853 -1
1853 1830 -1
1851 1850 1852
