0 0
0 0.125
0 0.25
0 0.375
0 0.5
0 0.625
0 0.75
0 0.875
0 1
0.081095 0.31049
0.088565 0.92729
0.09183 0.81993
0.09375 1
0.09775 0.57297
0.097771 0.088536
0.099057 0.49499
0.10682 0.41235
0.10737 0.20374
0.11192 0.69494
0.125 2.7756e-17
0.16426 0.88277
0.17396 0.13671
0.18377 0.61222
0.18617 0.065794
0.18655 0.79102
0.1875 1
0.19123 0.40518
0.19198 0.31139
0.19319 0.49884
0.20764 0.20382
0.2246 0.69573
0.25004 5.5519e-17
0.26227 0.8799
0.27159 0.77448
0.27483 0.39895
0.27794 0.11645
0.28125 1
0.28376 0.31733
0.28681 0.23987
0.29327 0.6017
0.3015 0.49467
0.30979 0.70543
0.37017 0.10003
0.37106 0.92174
0.37394 0.79203
0.37426 0.1851
0.375 1
0.37513 8.3296e-17
0.37647 0.44118
0.37793 0.5369
0.38006 0.31621
0.38046 0.60276
0.38333 0.67205
0.45206 0.49604
0.45858 0.10679
0.46455 0.72002
0.4655 0.79489
0.4657 0.87282
0.46777 0.60081
0.46875 1
0.47199 0.22378
0.47258 0.40757
0.49988 1.1099e-16
0.5007 0.31727
0.54414 0.6819
0.55551 0.16346
0.55724 0.79473
0.55732 0.92278
0.55814 0.075119
0.55897 0.49657
0.56236 0.25451
0.5625 1
0.56609 0.38238
0.57192 0.31695
0.57468 0.6043
0.62222 1.3816e-16
0.63129 0.20998
0.63732 0.88194
0.64513 0.42511
0.64652 0.49392
0.64909 0.3123
0.64973 0.56318
0.65395 0.11062
0.65425 0.68504
0.65625 1
0.6659 0.80147
0.71979 0.38742
0.72171 0.21227
0.728 0.5974
0.72978 1.6204e-16
0.7322 0.48989
0.73774 0.76239
0.74853 0.88624
0.75 1
0.75731 0.30994
0.75793 0.11352
0.77326 0.67564
0.7966 0.24677
0.80277 0.057807
0.80373 0.18217
0.80676 0.39728
0.80891 1.7961e-16
0.822 0.57231
0.8262 0.48075
0.835 0.11805
0.83606 0.76872
0.84375 1
0.84465 0.07595
0.84634 0.30424
0.84915 0.040508
0.85063 0.22819
0.85969 0.17382
0.86037 0.87592
0.86129 0.66398
0.86436 1.9193e-16
0.87258 0.43446
0.88819 0.37378
0.88847 0.081131
0.88855 0.033613
0.88866 0.1375
0.8941 0.17117
0.89519 0.20487
0.90089 0.25736
0.90534 0.50111
0.90744 2.0149e-16
0.92111 0.31602
0.92196 0.8112
0.92213 0.59623
0.92747 0.12131
0.92824 0.039352
0.92881 0.16905
0.92919 0.42496
0.9375 1
0.93777 0.22143
0.94136 2.0902e-16
0.94347 0.082761
0.94715 0.70539
0.94847 0.36954
0.94888 0.1423
0.95398 0.9103
0.95401 0.27015
0.96239 0.024264
0.9647 0.19355
0.9648 0.053862
0.9667 2.1465e-16
0.97045 0.11941
0.97052 0.15963
0.97308 0.40895
0.97348 0.53405
0.98135 0.082077
0.98168 0.46297
0.98566 0.037466
0.98571 2.1887e-16
0.98634 0.23149
0.98729 0.32236
0.98746 0.015076
0.98898 0.058032
0.99181 0.37394
0.99249 0.27411
1 2.2204e-16
1.0002 0.18706
1.0044 0.02841
1.006 0.047558
1.0061 0.1465
1.007 0.013103
1.0084 0.070961
1.0107 0.0043542
1.0112 0.79788
1.0137 0.10433
1.0152 0.41171
1.0184 0.29237
1.0186 0.60164
1.0194 0.020786
1.0204 0.0083012
1.0211 0.0366
1.0221 0.25773
1.0253 0.055426
1.0304 0.36513
1.0306 0.012252
1.0312 1
1.0329 0.077456
1.0329 0.025995
1.0351 0.51065
1.0352 0.21841
1.0359 0.45233
1.0383 0.17411
1.0385 0.041337
1.0408 0.016203
1.041 0.32082
1.0441 0.13507
1.045 0.058764
1.0472 0.028572
1.0498 0.28328
1.051 0.019959
1.053 0.25092
1.0533 0.099171
1.0536 0.07553
1.0552 0.69796
1.0598 0.042253
1.0612 0.023714
1.0618 0.061618
1.067 0.19658
1.0705 0.89042
1.0711 0.40934
1.0714 0.027272
1.0736 0.35538
1.0736 0.077207
1.0753 0.055712
1.0756 0.12458
1.0762 0.46942
1.0778 0.040144
1.078 0.50746
1.0781 0.26872
1.0788 0.16147
1.0802 0.098878
1.0816 0.030841
1.0817 0.23246
1.0834 0.54981
1.0865 0.30837
1.0874 0.048627
1.0911 0.063446
1.0919 0.03422
1.0963 0.37916
1.0999 0.084907
1.1006 0.11172
1.1011 0.048779
1.1018 0.13844
1.1018 0.19674
1.102 0.03759
1.1092 0.61941
1.1093 0.064281
1.1122 0.040779
1.1123 0.77455
1.1138 0.051413
1.1145 0.26877
1.1154 0.44551
1.1169 0.35219
1.1177 0.50041
1.1185 0.099202
1.1224 0.043968
1.123 0.22834
1.1234 0.39875
1.1242 0.057898
1.125 0.16324
1.125 1
1.1259 0.078438
1.1278 0.12472
1.132 0.31061
1.1321 0.69067
1.1327 0.046974
1.1363 0.19797
1.139 0.556
1.1391 0.099284
1.1411 0.061935
1.1429 0.04998
1.1457 0.25145
1.1481 0.43003
1.1485 0.37273
1.1493 0.080673
1.1522 0.11658
1.153 0.052798
1.1544 0.28158
1.1552 0.46659
1.1561 0.34115
1.1578 0.14118
1.1598 0.22232
1.1603 0.065797
1.161 0.097908
1.1633 0.055631
1.1637 0.59764
1.165 0.31119
1.1655 0.40157
1.168 0.64597
1.1684 0.080691
1.1699 0.5127
1.1706 0.18088
1.1735 0.058286
1.1742 0.068572
1.1745 0.117
1.1784 0.25524
1.1808 0.094771
1.1821 0.43655
1.1824 0.36809
1.1837 0.060927
1.1853 0.075687
1.1885 0.86681
1.1887 0.55999
1.1898 0.29124
1.1919 0.33005
1.1939 0.0634
1.196 0.14091
1.1966 0.10921
1.1974 0.073809
1.1977 0.47577
1.1993 0.086992
1.202 0.22062
1.2041 0.065872
1.2066 0.075655
1.2066 0.40258
1.2116 0.097698
1.213 0.71277
1.2134 0.61449
1.2143 0.068171
1.2152 0.26297
1.2167 0.17858
1.217 0.081056
1.2182 0.11623
1.2188 1
1.219 0.44254
1.221 0.52059
1.2245 0.07047
1.225 0.35909
1.2274 0.094931
1.228 0.56536
1.2311 0.30683
1.2347 0.072597
1.2356 0.23637
1.2363 0.2069
1.2371 0.14176
1.2372 0.41744
1.2381 0.39139
1.2395 0.47709
1.2399 0.1108
1.2424 0.090335
1.2449 0.074725
1.2532 0.10102
1.2538 0.26522
1.2542 0.44279
1.2547 0.086884
1.2551 0.07668
1.2559 0.54579
1.2565 0.37325
1.2569 0.17977
1.2614 0.11877
1.2625 0.58712
1.2642 0.64076
1.2653 0.078639
1.2666 0.097661
1.2671 0.51106
1.269 0.22287
1.2694 0.40608
1.2696 0.34
1.2702 0.14604
1.2719 0.29739
1.2755 0.08043
1.2759 0.10939
1.2765 0.088746
1.2786 0.098855
1.2789 0.47101
1.28 0.90958
1.2825 0.3731
1.2838 0.16758
1.2842 0.43862
1.2857 0.082217
1.286 0.12327
1.2868 0.19332
1.2873 0.092782
1.2877 0.10541
1.2957 0.55089
1.2959 0.08384
1.2963 0.14673
1.298 0.0968
1.2984 0.263
1.299 0.11069
1.3013 0.39191
1.3021 0.41897
1.3047 0.79582
1.3061 0.085462
1.3062 0.31069
1.3105 0.12497
1.3105 0.17416
1.3113 0.10212
1.3122 0.50313
1.3124 0.6078
1.3125 1
1.3139 0.21482
1.3146 0.35788
1.3157 0.68674
1.3163 0.086918
1.3178 0.45196
1.3179 0.14724
1.3227 0.098047
1.3263 0.11175
1.3265 0.088374
1.3287 0.53725
1.3298 0.56704
1.3338 0.10002
1.3347 0.40439
1.3355 0.13283
1.3357 0.24646
1.3361 0.16068
1.3366 0.18881
1.3367 0.089666
1.3378 0.28241
1.3438 0.11248
1.345 0.3222
1.3464 0.098871
1.3466 0.517
1.3469 0.090958
1.3509 0.484
1.3532 0.58979
1.3535 0.14718
1.3547 0.73652
1.3571 0.092086
1.3595 0.21472
1.3599 0.10545
1.3605 0.12598
1.3625 0.1736
1.363 0.55074
1.3636 0.44357
1.3645 0.36151
1.365 0.63346
1.3673 0.093214
1.3687 0.25693
1.3723 0.10233
1.3724 0.11316
1.3729 0.29434
1.3737 0.14612
1.3771 0.32578
1.3776 0.09418
1.3776 0.51308
1.3814 0.40408
1.3846 0.10524
1.3848 0.12453
1.3851 0.88916
1.3864 0.16448
1.3878 0.095145
1.3885 0.47724
1.392 0.5895
1.3925 0.19087
1.3956 0.69322
1.3958 0.14441
1.3965 0.34284
1.398 0.095949
1.3996 0.27218
1.4002 0.10985
1.4015 0.77608
1.4036 0.3726
1.4062 1
1.4064 0.23117
1.4071 0.50548
1.4074 0.12659
1.4082 0.096752
1.4094 0.16587
1.4094 0.30891
1.4101 0.43927
1.4103 0.54373
1.4151 0.40242
1.4154 0.14386
1.4168 0.63255
1.4184 0.097394
1.4185 0.10975
1.4239 0.47869
1.4277 0.34461
1.4286 0.098036
1.4308 0.12937
1.4312 0.18937
1.4322 0.15623
1.436 0.5872
1.4363 0.10909
1.4366 0.51288
1.4378 0.37855
1.4388 0.098517
1.4398 0.26921
1.4452 0.41424
1.4477 0.66789
1.449 0.098998
1.4512 0.48676
1.4523 0.16723
1.4524 0.31317
1.4527 0.1422
1.4532 0.11726
1.4532 0.22474
1.4549 0.45399
1.4592 0.099319
1.46 0.54714
1.4628 0.72391
1.4633 0.62452
1.4642 0.35116
1.4687 0.50993
1.4694 0.09964
1.4708 0.10999
1.4714 0.38731
1.4729 0.18811
1.4729 0.15618
1.4739 0.58562
1.4753 0.48029
1.4754 0.12995
1.4756 0.2505
1.4796 0.0998
1.4807 0.42257
1.4814 0.2836
1.4894 0.11153
1.4898 0.09996
1.4903 0.1445
1.4912 0.52901
1.4917 0.32132
1.4932 0.22076
1.495 0.16595
1.4972 0.81602
1.4983 0.92937
1.4993 0.49768
1.4997 0.45849
1.4998 0.66601
1.4999 0.12812
1.5 0.09996
1.5 1
1.5003 0.39647
1.5044 0.56131
1.505 0.36182
1.5072 0.60824
1.5095 0.1902
1.5098 0.25443
1.5098 0.14618
1.5102 0.09996
1.5111 0.11142
1.5156 0.42288
1.5176 0.16569
1.5182 0.29129
1.5204 0.0998
1.5222 0.1289
1.5234 0.52355
1.5279 0.58143
1.5295 0.32653
1.5301 0.39078
1.5306 0.09964
1.5314 0.14889
1.5318 0.48516
1.5337 0.72651
1.5351 0.11025
1.5358 0.63746
1.5365 0.21694
1.5395 0.44804
1.54 0.17594
1.5408 0.099319
1.5447 0.13044
1.5458 0.41695
1.5478 0.29924
1.5485 0.3589
1.55 0.67483
1.5503 0.60184
1.551 0.15037
1.551 0.098998
1.5513 0.55747
1.5525 0.26316
1.5591 0.1118
1.5611 0.51181
1.5612 0.098517
1.5646 0.19239
1.5649 0.39159
1.567 0.32446
1.5673 0.16393
1.5686 0.47172
1.5688 0.13526
1.5714 0.098036
1.5745 0.2919
1.5766 0.42985
1.5787 0.63967
1.5808 0.11141
1.5816 0.097394
1.5845 0.22184
1.5855 0.15087
1.5908 0.78068
1.5918 0.096752
1.5928 0.13018
1.593 0.17815
1.5938 1
1.5941 0.53707
1.5953 0.39809
1.5954 0.35786
1.5955 0.26617
1.5978 0.49668
1.598 0.58812
1.5998 0.11086
1.602 0.095949
1.6022 0.69985
1.6053 0.308
1.6055 0.14916
1.6057 0.45895
1.608 0.88953
1.6122 0.095145
1.6155 0.10551
1.6156 0.12571
1.616 0.42288
1.6182 0.16844
1.6222 0.51771
1.6224 0.09418
1.6233 0.23844
1.6252 0.19798
1.6254 0.38838
1.6264 0.33384
1.6278 0.10237
1.6278 0.11328
1.6278 0.14603
1.6316 0.35941
1.6322 0.27492
1.6327 0.093214
1.6339 0.63906
1.6356 0.55136
1.6379 0.48492
1.6384 0.44752
1.6399 0.74393
1.6401 0.12547
1.6402 0.10532
1.641 0.16815
1.6429 0.092086
1.6437 0.59266
1.6467 0.30771
1.648 0.14504
1.6494 0.51795
1.6515 0.25087
1.6531 0.090958
1.6537 0.098762
1.6543 0.2206
1.6557 0.4138
1.6565 0.11206
1.6575 0.37479
1.6576 0.34081
1.6614 0.18852
1.6633 0.089666
1.6651 0.15878
1.6651 0.13163
1.6663 0.09984
1.6689 0.57069
1.6728 0.80428
1.6729 0.27569
1.6735 0.088374
1.6738 0.53704
1.6739 0.11117
1.6763 0.50011
1.6763 0.45609
1.6769 0.24177
1.6774 0.097825
1.6818 0.38991
1.6828 0.14561
1.6837 0.086918
1.6849 0.31481
1.6875 1
1.6885 0.61268
1.6889 0.10153
1.69 0.12376
1.6903 0.21133
1.6908 0.1721
1.6938 0.70196
1.6939 0.085462
1.6943 0.3565
1.6958 0.41762
1.7018 0.10925
1.702 0.095888
1.7026 0.56196
1.704 0.14448
1.7041 0.08384
1.7071 0.52291
1.7079 0.28765
1.7091 0.25007
1.7096 0.38741
1.7108 0.091482
1.7116 0.48418
1.7141 0.10267
1.7143 0.082217
1.7146 0.12181
1.7156 0.89896
1.7167 0.16333
1.7184 0.18934
1.7198 0.44557
1.7199 0.090919
1.7228 0.21855
1.7245 0.08043
1.725 0.098903
1.7255 0.10933
1.7289 0.14288
1.7297 0.32098
1.7304 0.089801
1.7323 0.40943
1.7347 0.078639
1.735 0.54526
1.7354 0.10123
1.7385 0.63885
1.7388 0.11918
1.7389 0.58587
1.7405 0.36814
1.7416 0.088691
1.7425 0.16835
1.7426 0.27703
1.7436 0.51046
1.7449 0.07668
1.747 0.47169
1.7486 0.23767
1.7494 0.20054
1.7497 0.10062
1.7537 0.084829
1.7551 0.074725
1.7559 0.14184
1.7569 0.4364
1.7623 0.11555
1.764 0.33811
1.7653 0.072597
1.7658 0.093575
1.7704 0.4009
1.7736 0.30499
1.7755 0.07047
1.7764 0.46085
1.7781 0.494
1.7797 0.21734
1.781 0.082398
1.7812 0.90032
1.7812 1
1.7815 0.13246
1.7815 0.17215
1.7822 0.10514
1.7824 0.80229
1.7833 0.54665
1.7846 0.3645
1.7857 0.068171
1.786 0.26089
1.7864 0.61178
1.7872 0.68383
1.7926 0.076549
1.7952 0.33212
1.7959 0.065872
1.799 0.43496
1.7995 0.090208
1.8022 0.074687
1.8023 0.47107
1.8032 0.11652
1.8055 0.14418
1.8061 0.0634
1.8083 0.23148
1.8085 0.20132
1.8113 0.3933
1.8147 0.077088
1.8163 0.060927
1.8179 0.50279
1.8202 0.099175
1.8239 0.30136
1.825 0.25626
1.8259 0.069088
1.8265 0.058286
1.8268 0.58309
1.8268 0.35248
1.8297 0.17101
1.8303 0.12818
1.8323 0.08227
1.8355 0.4632
1.8367 0.055631
1.84 0.066104
1.8407 0.54151
1.8415 0.10109
1.8419 0.2197
1.8421 0.42135
1.8442 0.63452
1.8458 0.90146
1.847 0.052798
1.847 0.38554
1.85 0.33047
1.8519 0.081308
1.854 0.11922
1.8571 0.04998
1.8593 0.061979
1.8611 0.14582
1.8627 0.26425
1.8638 0.099053
1.8673 0.046974
1.868 0.50109
1.8714 0.30915
1.875 1
1.8755 0.078264
1.8757 0.53858
1.8762 0.057829
1.8776 0.043968
1.8776 0.12077
1.878 0.40177
1.8781 0.71598
1.8792 0.35756
1.8796 0.18607
1.8801 0.22771
1.8811 0.57851
1.8842 0.4483
1.8846 0.81634
1.8848 0.098368
1.8864 0.051349
1.8878 0.040779
1.8915 0.064176
1.8972 0.14509
1.8973 0.38589
1.8975 0.25174
1.898 0.03759
1.8989 0.28397
1.8992 0.048719
1.9024 0.084998
1.9037 0.11371
1.907 0.63516
1.9077 0.3761
1.9081 0.03422
1.9098 0.063276
1.9108 0.32004
1.912 0.48731
1.9125 0.53094
1.9129 0.048514
1.9184 0.030841
1.9219 0.2207
1.9224 0.040038
1.9243 0.10029
1.9253 0.05541
1.9254 0.26267
1.9258 0.40538
1.9264 0.3568
1.9265 0.17294
1.9283 0.076675
1.9286 0.027272
1.9292 0.29377
1.93 0.45559
1.9351 0.13041
1.9388 0.023714
1.939 0.060847
1.9405 0.041909
1.948 0.073843
1.949 0.019959
1.9499 0.8919
1.951 0.2799
1.9511 0.096647
1.9527 0.19456
1.9529 0.028431
1.9548 0.24932
1.9556 0.057482
1.9592 0.016203
1.9598 0.22108
1.9603 0.57916
1.9607 0.31675
1.9618 0.040815
1.9627 0.44251
1.9668 0.77294
1.9672 0.025821
1.9681 0.074623
1.9688 1
1.969 0.36916
1.9694 0.012252
1.9697 0.49651
1.9698 0.12231
1.9742 0.67022
1.9747 0.16178
1.9753 0.054222
1.976 0.40842
1.9793 0.03614
1.9796 0.0083012
1.9807 0.27403
1.9807 0.020625
1.9842 0.20219
1.985 0.095558
1.9881 0.23708
1.9893 0.0043542
1.9927 0.069116
1.9932 0.012966
1.9949 0.046771
1.9959 0.027986
2 2.2204e-16
2.0027 0.1842
2.0053 0.12499
2.0068 0.29948
2.0092 0.4406
2.0103 0.34018
2.0127 0.014663
2.0127 0.057737
2.0135 0.54118
2.0143 2.1887e-16
2.0145 0.38855
2.0152 0.036454
2.0198 0.26302
2.0226 0.084733
2.023 0.16278
2.0274 0.2115
2.0333 2.1465e-16
2.0375 0.022444
2.0375 0.050569
2.0501 0.36017
2.0517 0.82686
2.0552 0.92883
2.0566 0.25092
2.0576 0.12271
2.0577 0.49225
2.0586 2.0902e-16
2.0602 0.72025
2.0608 0.30368
2.0625 1
2.0674 0.031339
2.0674 0.07135
2.0675 0.17484
2.0683 0.59801
2.0699 0.41159
2.0776 0.21667
2.0926 2.0149e-16
2.0966 0.35497
2.1012 0.25568
2.1086 0.14492
2.109 0.095586
2.1106 0.043332
2.1107 0.19055
2.1109 0.45111
2.1126 0.22227
2.1331 0.77807
2.1356 1.9193e-16
2.1427 0.87273
2.1432 0.30331
2.1452 0.16952
2.147 0.071461
2.1532 0.39563
2.1535 0.22422
2.1548 0.59335
2.1561 0.034188
2.1562 1
2.1621 0.50667
2.1633 0.11919
2.1658 0.67905
2.1886 0.1707
2.1911 1.7961e-16
2.193 0.26593
2.1967 0.058491
2.2201 0.91396
2.2275 0.21777
2.2313 0.59121
2.237 0.42706
2.2428 0.79423
2.2462 0.12424
2.2484 0.3181
2.25 1
2.2674 0.67493
2.2702 1.6204e-16
2.2762 0.50628
2.3083 0.90368
2.3268 0.21056
2.3438 1
2.3465 0.41425
2.3472 0.5029
2.3479 0.59237
2.3484 0.71932
2.3485 0.093736
2.3537 0.30741
2.3538 0.81736
2.3778 1.3816e-16
2.418 0.49978
2.4268 0.34323
2.4304 0.25631
2.4311 0.15778
2.4334 0.89983
2.4354 0.77326
2.4375 1
2.4386 0.07025
2.4404 0.66803
2.454 0.5774
2.4645 0.4172
2.5001 1.1099e-16
2.5092 0.2071
2.512 0.81733
2.5264 0.72611
2.53 0.62278
2.5312 1
2.5334 0.32012
2.5336 0.10486
2.5343 0.50529
2.5395 0.41381
2.5438 0.89146
2.6075 0.58354
2.6155 0.19703
2.6185 0.67559
2.6199 0.80676
2.6214 0.41727
2.6215 0.10208
2.6225 0.92885
2.6249 8.3296e-17
2.625 1
2.6398 0.51265
2.6611 0.31101
2.6969 0.88762
2.7107 0.72171
2.7108 0.10678
2.7126 0.3862
2.7146 0.59634
2.7188 1
2.7199 0.473
2.725 0.81195
2.7395 0.22744
2.75 5.5519e-17
2.7507 0.32066
2.787 0.67715
2.7937 0.88644
2.8014 0.76628
2.8092 0.068626
2.8102 0.52159
2.8115 0.15158
2.8125 1
2.8174 0.4007
2.8176 0.21775
2.8212 0.60927
2.8235 0.28487
2.875 2.7756e-17
2.8874 0.68747
2.8901 0.48287
2.896 0.20599
2.8976 0.81507
2.8987 0.091984
2.9016 0.92667
2.9023 0.57133
2.9062 1
2.9099 0.32183
2.9234 0.41426
3 0
3 0.125
3 0.25
3 0.375
3 0.5
3 0.625
3 0.75
3 0.875
3 1
