996 1009 1001
9 3 2
1004 1008 1009
1004 1009 996
996 1001 987
1007 1008 1003
1008 1004 1003
974 981 986
1013 1000 1012
995 1011 998
1011 1012 998
998 1012 1000
1010 1001 1009
995 1001 1010
1010 1011 995
0 14 1
19 14 0
39 30 22
39 49 51
40 49 39
54 47 62
42 47 54
60 50 45
45 54 60
42 54 45
89 82 75
90 100 103
115 103 100
82 87 76
63 50 60
73 72 63
1006 999 1005
1005 999 994
994 999 986
986 981 994
1007 1003 997
997 1003 993
997 1006 1007
999 1006 997
981 974 968
959 949 956
958 949 959
939 949 958
978 976 970
978 987 976
962 974 980
971 956 962
962 980 971
996 987 990
990 1004 996
987 978 990
990 978 975
993 1003 990
990 1003 1004
962 956 951
827 797 837
897 879 888
888 865 874
888 905 897
992 1001 995
995 983 992
992 987 1001
976 987 992
992 983 976
976 983 973
973 963 976
970 976 961
976 963 961
961 958 970
985 983 995
995 998 985
979 973 985
985 973 983
500 566 506
579 566 500
624 579 562
984 998 1000
979 985 984
984 985 998
1002 1000 1013
901 917 909
932 939 933
300 377 366
530 557 539
530 539 503
503 539 528
31 47 35
35 47 42
29 21 35
42 45 35
14 21 17
2 1 17
17 1 14
17 9 2
17 21 29
23 19 31
31 35 23
23 35 21
14 19 23
23 21 14
52 39 51
36 32 43
4 3 16
16 15 4
3 9 16
28 39 22
40 39 28
28 16 26
15 16 28
6 5 18
22 30 18
27 17 29
9 17 27
26 16 27
27 16 9
34 28 26
40 28 34
26 27 34
34 27 37
34 37 50
50 37 38
38 45 50
38 27 29
37 27 38
29 35 38
38 35 45
11 7 6
6 18 11
20 32 25
25 32 36
8 7 10
10 12 8
10 11 20
7 11 10
10 25 12
20 25 10
62 75 68
68 75 82
68 54 62
103 115 123
113 136 105
86 100 90
70 63 60
73 63 70
90 81 79
61 63 72
50 63 61
986 999 988
999 997 988
988 974 986
988 980 974
950 968 957
962 951 957
957 951 942
923 929 936
965 971 975
965 959 956
956 971 965
965 978 970
975 978 965
970 958 965
958 959 965
993 990 982
982 990 975
982 980 993
975 971 982
982 971 980
926 938 935
922 926 935
935 929 922
942 929 935
920 905 923
918 929 923
922 929 918
811 837 796
796 837 797
767 797 776
776 791 750
827 791 776
776 797 827
827 837 863
863 837 879
830 837 811
874 865 860
860 882 874
943 930 928
958 961 954
954 953 947
954 961 963
963 953 954
637 566 579
424 366 436
349 366 424
562 579 499
579 500 499
499 528 562
499 424 436
500 424 499
955 967 969
969 967 977
960 967 955
955 943 960
960 943 952
972 984 977
977 967 972
979 984 972
989 984 1000
1000 1002 989
977 984 989
928 917 921
921 901 899
917 901 921
909 917 924
928 930 924
924 917 928
876 901 909
876 834 818
912 907 919
912 921 899
576 550 555
530 503 510
540 522 543
540 557 530
530 510 540
540 510 522
485 475 508
508 510 485
522 510 508
543 522 508
638 597 606
601 624 562
85 91 92
92 91 105
349 424 374
335 377 300
335 373 377
334 373 335
436 366 402
402 366 377
285 366 349
285 202 232
232 300 285
300 366 285
171 217 229
248 300 232
557 597 575
575 539 557
528 539 575
562 528 575
575 601 562
476 503 528
476 499 436
528 499 476
458 475 485
159 166 164
122 121 133
44 32 33
44 43 32
30 39 41
39 52 41
33 30 41
41 44 33
52 44 41
22 18 13
13 18 5
13 28 22
15 28 13
13 5 4
4 15 13
24 18 30
24 11 18
24 30 33
20 11 24
33 32 24
24 32 20
60 54 65
54 68 65
65 70 60
76 70 65
82 76 65
65 68 82
105 91 96
96 113 105
127 123 148
148 171 127
136 113 127
127 171 136
78 86 90
90 79 78
94 87 97
97 108 94
94 108 100
100 86 94
53 61 69
69 61 72
69 79 81
72 78 69
69 78 79
48 34 50
50 61 48
40 34 48
48 61 53
53 49 48
48 49 40
993 980 991
980 988 991
991 997 993
991 988 997
966 968 974
966 957 968
966 974 962
962 957 966
950 957 946
946 957 942
946 938 950
942 935 946
946 935 938
956 949 940
941 929 942
941 936 929
941 940 936
942 951 941
941 951 956
956 940 941
908 900 914
852 850 855
908 914 916
916 914 926
916 926 922
911 916 922
923 936 931
931 920 923
936 940 931
931 940 949
931 939 932
949 939 931
897 905 910
905 920 910
910 879 897
919 907 910
906 892 898
874 882 891
891 888 874
905 888 891
902 892 906
923 905 902
905 891 902
882 892 902
902 891 882
738 715 711
738 776 750
750 715 738
887 863 879
879 910 887
887 910 907
907 912 887
827 863 887
879 837 859
837 830 859
865 888 859
859 888 879
515 519 529
882 860 858
952 953 964
979 972 964
964 953 963
964 960 952
964 973 979
963 973 964
967 960 964
964 972 967
945 943 955
930 943 945
948 939 958
958 954 948
948 954 947
947 933 948
948 933 939
438 500 506
438 424 500
438 374 424
706 751 765
818 834 765
765 751 818
706 637 661
579 624 661
661 637 579
716 715 750
677 715 716
919 933 925
925 912 919
921 912 925
952 943 944
947 953 944
944 953 952
883 876 909
834 876 883
899 901 875
901 876 875
818 831 875
875 876 818
475 458 446
446 458 428
546 567 543
571 567 546
495 508 475
623 638 606
649 638 623
112 92 105
202 285 244
293 309 274
229 217 251
251 269 229
334 335 301
301 335 300
197 171 229
229 248 197
136 171 197
197 248 232
428 458 449
173 164 166
97 87 99
121 122 110
97 99 110
110 108 97
110 122 108
237 251 217
274 251 237
182 171 148
217 171 182
148 123 150
150 182 148
439 434 413
416 395 393
393 413 416
416 413 434
416 434 444
393 395 368
279 295 303
509 478 496
56 44 55
55 44 52
56 55 66
66 55 64
83 91 85
85 66 83
83 66 64
83 96 91
74 69 81
81 83 74
74 83 64
113 96 102
102 127 113
90 103 102
103 123 102
123 127 102
80 76 87
87 94 80
73 70 80
80 70 76
80 94 86
86 78 80
80 72 73
80 78 72
866 872 873
880 872 871
894 885 895
895 890 900
895 900 908
908 916 904
916 911 904
904 911 894
904 895 908
894 895 904
919 910 927
927 910 920
932 933 927
927 933 919
927 931 932
920 931 927
906 918 915
915 902 906
915 918 923
923 902 915
711 715 679
679 715 677
677 638 679
679 638 649
767 776 746
776 738 746
746 738 711
881 912 899
881 887 912
899 875 881
881 875 831
865 859 842
842 859 830
811 796 777
514 515 505
514 519 515
534 529 525
525 529 519
732 746 711
889 898 892
889 870 886
849 870 867
882 858 867
705 751 706
706 661 705
750 791 772
772 716 750
624 601 643
677 716 643
643 638 677
597 638 643
643 575 597
601 575 643
934 933 947
934 925 933
947 944 934
921 925 934
475 446 460
420 446 408
408 428 400
408 446 428
576 607 590
569 590 594
569 538 550
549 538 569
550 576 569
576 590 569
572 540 543
543 567 572
557 540 572
606 597 572
572 597 557
521 546 543
543 508 521
508 495 521
521 495 501
232 202 167
167 197 232
136 197 167
139 167 202
92 112 106
106 139 132
112 139 106
85 92 77
92 84 77
77 66 85
36 43 46
349 374 307
307 285 349
307 244 285
202 244 179
132 139 179
179 139 202
286 274 309
286 301 269
269 251 286
286 251 274
300 248 272
272 301 300
269 301 272
229 269 272
272 248 229
436 402 430
430 476 436
430 402 377
503 476 465
476 430 465
465 430 449
101 114 109
161 174 162
162 176 165
162 174 176
95 87 82
95 99 87
95 82 89
172 173 178
164 173 172
161 164 172
172 174 161
133 142 153
168 149 165
145 163 146
149 168 145
145 168 163
183 153 160
160 153 142
160 142 146
146 163 160
146 142 130
133 121 130
130 142 133
121 110 111
111 110 99
293 274 262
274 237 262
211 237 217
217 182 211
395 416 418
444 432 418
418 416 444
287 279 303
304 317 295
332 304 318
317 304 332
595 607 576
498 511 483
494 513 498
453 432 444
453 478 461
461 437 453
453 437 432
463 434 439
444 434 463
512 488 497
483 511 497
491 488 512
491 463 488
64 55 58
58 74 64
58 52 51
58 55 52
58 49 53
51 49 58
53 69 58
69 74 58
88 83 81
96 83 88
88 102 96
88 81 90
90 102 88
861 852 855
872 866 861
861 871 872
854 852 861
861 866 854
880 890 884
890 895 884
884 895 885
884 872 880
873 872 884
884 885 873
913 918 906
906 903 913
922 918 913
913 911 922
913 903 911
906 898 896
896 903 906
896 889 886
898 889 896
711 679 675
675 679 649
839 881 831
839 772 791
831 772 839
839 791 827
827 887 839
887 881 839
835 860 865
865 842 835
749 777 743
729 753 749
526 513 520
515 529 520
504 513 494
515 520 504
504 520 513
526 520 535
535 520 529
849 867 845
845 867 858
673 680 698
578 556 583
649 623 627
767 746 763
746 732 763
763 732 743
763 797 767
763 796 797
763 777 796
743 777 763
673 698 693
886 870 869
847 870 849
804 787 785
870 889 877
877 867 870
877 889 892
877 892 882
882 867 877
710 661 624
710 705 661
624 643 710
710 643 716
716 772 710
751 705 710
928 921 937
921 934 937
937 934 944
937 943 928
937 944 943
440 446 420
440 460 446
385 408 400
384 408 385
400 373 385
420 408 397
397 408 384
397 399 420
594 590 617
617 607 636
617 590 607
589 569 594
645 617 636
556 578 552
571 546 552
552 578 571
126 139 112
167 139 126
126 112 105
105 136 126
136 167 126
93 84 92
92 106 93
56 66 57
57 44 56
43 44 57
372 397 384
399 397 372
309 330 313
313 286 309
313 330 334
334 301 313
301 286 313
411 430 377
449 430 411
411 373 400
377 373 411
400 428 411
428 449 411
477 465 449
477 458 485
477 449 458
485 510 477
477 510 503
503 465 477
109 114 118
165 149 156
156 162 165
89 101 98
98 95 89
98 101 109
295 279 265
140 122 133
133 153 140
120 130 121
119 130 120
121 111 120
120 111 119
138 145 146
146 130 138
234 216 240
175 153 183
147 169 150
389 413 393
303 295 316
295 317 316
314 311 288
314 287 303
288 287 314
288 311 282
282 311 298
298 271 282
282 271 257
421 409 387
270 287 288
483 456 468
342 332 318
318 333 342
429 456 439
443 456 429
555 544 570
570 544 560
570 576 555
570 595 576
512 544 518
518 491 512
496 491 518
560 544 531
511 533 531
531 544 512
512 497 531
531 497 511
636 607 625
607 595 625
472 463 439
488 463 472
439 456 472
472 456 483
483 497 472
472 497 488
444 463 469
463 491 469
469 453 444
469 491 496
469 496 478
478 453 469
864 861 855
871 861 864
893 896 886
903 896 893
894 911 893
911 903 893
711 675 684
811 777 805
805 830 811
805 842 830
805 835 842
806 835 805
805 792 806
739 753 729
771 749 753
777 749 771
771 805 777
720 749 743
729 749 720
720 698 729
701 693 720
720 693 698
526 535 541
541 535 553
541 533 526
511 498 517
517 533 511
517 498 513
517 513 526
526 533 517
533 541 551
551 541 553
846 852 854
727 714 703
703 714 687
682 670 692
692 708 682
671 645 636
680 645 671
652 675 649
649 627 652
652 627 629
652 684 675
598 627 623
598 623 606
606 572 598
598 572 567
886 869 878
878 893 886
878 885 894
894 893 878
854 866 853
826 847 849
840 869 856
856 847 840
856 869 870
870 847 856
751 710 778
778 710 772
778 772 831
778 831 818
818 751 778
415 414 422
422 414 419
420 399 427
427 440 420
427 399 409
384 385 358
358 372 384
334 330 358
358 373 334
358 385 373
583 589 614
633 646 614
616 589 594
594 617 616
633 614 616
616 614 589
616 645 633
617 645 616
568 589 583
583 556 568
568 556 549
549 569 568
569 589 568
673 693 664
664 646 673
655 645 680
633 645 655
655 680 673
673 646 655
655 646 633
482 478 509
509 507 482
461 478 482
482 507 490
490 507 516
501 495 479
479 495 475
475 460 479
501 479 486
473 486 467
467 479 460
467 486 479
490 473 464
461 482 464
464 482 490
527 552 546
527 521 501
546 521 527
59 46 43
43 57 59
129 134 141
117 118 129
109 118 117
124 118 114
124 134 129
129 118 124
181 172 178
174 172 181
176 174 186
174 181 186
186 181 191
255 265 279
240 265 255
255 234 240
108 122 125
122 140 125
125 140 154
165 176 180
180 168 165
183 160 185
185 160 163
128 130 119
128 138 130
119 117 128
145 138 128
281 271 298
293 262 281
236 257 241
257 271 241
237 211 209
209 211 182
177 203 169
216 234 212
212 218 192
234 218 212
154 140 158
158 140 153
153 175 158
375 389 362
393 368 362
362 389 393
376 387 364
364 350 376
376 368 395
368 376 341
341 376 350
311 314 341
340 350 364
288 282 263
263 270 288
263 282 257
263 257 236
279 287 261
287 270 261
261 255 279
234 255 261
322 306 312
312 323 322
322 333 318
318 306 322
457 456 443
457 468 456
355 332 351
332 342 351
407 401 417
443 429 425
425 429 407
407 417 425
425 431 443
425 417 431
439 413 404
404 429 439
413 389 404
407 429 404
404 389 375
587 570 560
595 570 587
550 538 523
496 518 523
509 496 523
523 538 509
560 531 548
548 531 533
533 551 548
548 565 560
548 551 565
702 732 711
711 684 702
754 739 734
792 805 784
805 771 784
723 720 743
701 720 723
743 732 723
732 702 723
723 702 701
505 515 492
515 504 492
494 498 484
484 498 483
483 468 484
584 577 593
565 577 584
593 577 582
561 551 553
561 577 565
565 551 561
795 787 810
810 787 804
804 819 810
542 529 534
850 852 844
852 846 844
843 853 841
843 846 854
854 853 843
836 844 846
672 665 667
727 703 728
728 703 708
728 748 727
708 703 688
688 682 708
688 703 687
687 714 683
734 739 718
629 627 609
627 598 609
873 885 868
885 878 868
841 853 851
851 833 841
849 845 823
823 826 849
845 819 823
823 819 804
760 785 787
804 785 800
800 823 804
826 823 800
336 344 346
346 337 336
333 337 345
328 329 336
336 337 328
419 414 412
338 358 330
372 358 338
338 348 372
338 330 309
600 578 583
583 614 600
701 702 686
686 702 684
686 693 701
686 664 693
549 556 536
490 516 502
502 473 490
502 486 473
501 486 502
502 527 501
473 467 452
440 427 452
460 440 452
452 467 460
421 437 447
447 437 461
461 464 447
67 77 84
67 59 57
66 77 67
67 57 66
364 387 365
365 340 364
144 141 134
161 162 151
162 156 151
129 141 143
143 156 149
143 151 156
141 151 143
104 117 119
119 111 104
95 98 104
99 95 104
104 111 99
187 181 178
191 181 187
215 221 210
210 204 215
191 187 193
193 199 191
108 125 116
116 115 100
100 108 116
168 180 195
149 145 135
145 128 135
135 143 149
129 143 135
135 117 129
135 128 117
236 241 222
222 241 203
256 241 271
256 281 262
271 281 256
169 203 184
203 209 184
150 169 184
182 150 184
184 209 182
154 177 157
169 147 157
157 177 169
188 177 154
192 218 188
216 212 194
183 216 194
194 175 183
192 175 194
194 212 192
355 375 339
375 362 339
339 316 317
339 332 355
317 332 339
303 316 326
326 314 303
316 339 326
326 339 362
395 418 410
410 376 395
410 418 432
421 387 410
387 376 410
410 437 421
432 437 410
368 341 343
343 341 314
314 326 343
343 362 368
343 326 362
311 341 331
331 341 350
350 340 331
247 261 270
236 218 247
247 218 234
234 261 247
247 263 236
270 263 247
315 323 312
325 337 333
333 322 325
325 322 323
323 328 325
325 328 337
305 315 312
296 292 289
318 304 290
290 306 318
250 265 240
443 431 448
448 457 443
555 550 537
550 523 537
537 523 518
537 544 555
537 518 544
764 787 795
764 760 787
764 754 734
734 760 764
795 806 773
806 792 773
773 764 795
754 764 773
792 784 773
753 739 773
739 754 773
773 771 753
773 784 771
468 457 470
470 484 468
489 492 481
481 480 489
565 584 588
560 565 588
588 587 560
553 535 545
545 542 547
545 535 529
529 542 545
618 620 642
604 620 618
618 588 604
604 588 584
604 584 593
613 588 618
587 588 613
828 806 795
795 810 828
828 835 806
828 810 819
828 858 860
860 835 828
828 845 858
828 819 845
696 690 691
690 685 691
846 843 832
825 836 832
832 836 846
667 665 659
656 665 658
651 659 656
656 659 665
660 670 650
660 647 658
658 665 668
665 672 668
681 685 690
674 672 667
685 681 674
674 681 672
666 688 687
671 683 699
699 683 714
699 714 734
734 718 699
712 698 680
729 698 712
712 739 729
712 718 739
585 567 571
585 598 567
585 609 598
857 878 869
857 868 878
857 869 840
829 843 841
829 832 843
862 853 866
862 851 853
862 866 873
873 868 862
868 851 862
735 760 734
735 714 727
734 714 735
727 748 735
748 760 735
826 800 821
840 847 821
847 826 821
353 346 344
337 346 347
347 345 337
354 342 333
333 345 354
354 363 369
363 361 371
369 363 371
406 417 401
426 422 419
426 433 422
664 686 657
657 652 629
684 652 657
657 686 684
646 664 630
630 614 646
630 600 614
664 657 630
630 657 629
516 536 532
532 502 516
527 502 532
552 527 532
556 552 532
532 536 556
524 516 507
524 536 516
509 538 524
524 507 509
524 538 549
549 536 524
445 464 473
473 452 445
445 447 464
445 452 427
445 427 409
445 409 421
421 447 445
71 67 84
59 67 71
379 387 409
379 365 387
409 399 379
399 372 379
372 348 379
159 164 155
141 144 155
155 151 141
155 164 161
161 151 155
107 98 109
107 104 98
109 117 107
117 104 107
210 207 198
191 199 198
198 186 191
198 204 210
198 199 204
210 221 219
219 207 210
115 116 131
131 147 150
131 123 115
131 150 123
206 195 196
196 195 180
235 256 262
235 262 237
237 209 235
241 256 235
203 241 235
235 209 203
137 116 125
137 125 154
154 157 137
137 157 147
147 131 137
137 131 116
154 158 170
170 188 154
192 188 170
170 175 192
170 158 175
205 188 218
205 218 236
236 222 205
177 188 205
203 177 205
205 222 203
320 331 340
298 311 320
311 331 320
348 338 321
321 327 348
321 309 293
321 338 309
340 365 352
352 327 340
348 327 352
352 379 348
365 379 352
293 281 308
308 321 293
327 321 308
308 281 298
323 315 324
329 328 324
324 328 323
302 305 297
296 302 297
297 292 296
310 305 302
315 305 310
278 290 264
265 250 275
275 304 295
295 265 275
275 290 304
264 290 275
214 195 206
201 216 183
183 185 201
264 275 243
243 275 250
283 289 284
284 289 292
264 243 246
441 448 431
474 480 481
369 371 382
388 406 401
394 406 388
388 382 394
388 380 369
369 382 388
390 401 407
390 388 401
380 388 390
471 474 481
466 474 471
481 492 487
494 484 487
484 470 487
487 471 481
470 471 487
487 504 494
487 492 504
505 492 493
492 489 493
608 621 620
608 604 593
620 604 608
640 660 650
647 660 640
628 640 621
581 592 582
586 591 581
591 592 581
553 545 558
615 628 621
662 642 650
650 670 662
670 682 662
587 613 610
610 613 631
595 587 610
610 625 595
610 631 625
740 728 708
748 728 740
740 774 748
596 591 586
658 647 648
648 656 658
651 656 648
669 660 658
658 668 669
689 681 690
625 631 654
687 683 654
654 666 687
641 613 618
631 613 641
618 642 641
641 654 631
666 654 641
671 699 695
695 699 718
718 712 695
680 671 695
695 712 680
578 600 599
571 578 599
599 585 571
609 585 599
629 609 599
599 630 629
600 630 599
848 851 868
868 857 848
833 851 848
832 829 822
822 817 825
825 832 822
346 353 356
356 347 346
356 353 359
359 361 356
367 361 359
378 371 367
367 371 361
357 361 363
345 347 357
347 356 357
357 356 361
357 354 345
363 354 357
342 354 360
360 351 342
369 380 360
360 354 369
403 396 398
398 396 392
405 396 403
403 412 405
405 412 414
405 414 415
394 396 405
415 406 405
405 406 394
159 155 152
152 155 144
225 219 221
206 207 220
207 219 220
220 225 230
219 225 220
186 198 190
176 186 190
190 180 176
190 196 180
253 249 254
242 249 253
327 308 319
340 327 319
319 320 340
298 320 319
319 308 298
239 249 242
292 297 294
294 284 292
294 297 305
306 290 291
290 278 291
238 246 224
238 252 246
195 214 208
208 214 224
227 243 250
227 250 240
240 216 227
216 201 227
422 433 435
462 466 459
466 471 459
423 441 431
431 417 423
423 435 441
423 406 415
417 406 423
415 422 423
422 435 423
381 382 371
378 383 381
381 371 378
391 390 407
391 404 375
407 404 391
634 640 650
621 640 634
620 621 634
650 642 634
634 642 620
647 640 639
640 628 639
628 632 639
639 648 647
639 632 635
563 558 559
564 561 553
553 558 564
564 582 577
577 561 564
621 608 602
602 615 621
602 608 593
593 582 602
582 592 602
612 605 611
612 611 619
768 762 769
768 758 762
748 774 775
785 760 775
775 760 748
775 800 785
775 774 800
807 821 800
800 774 807
840 821 807
807 812 840
697 690 696
697 689 690
694 689 697
816 814 824
824 829 841
841 833 824
833 816 824
651 648 644
644 639 635
648 639 644
692 670 678
678 694 692
670 660 678
660 669 678
678 689 694
676 669 668
681 689 676
676 678 669
689 678 676
676 668 672
672 681 676
636 625 653
625 654 653
653 654 683
653 671 636
653 683 671
642 662 663
663 641 642
666 641 663
688 666 663
682 688 663
663 662 682
793 799 801
801 799 809
230 225 233
233 225 231
233 242 230
231 239 233
233 239 242
228 225 221
231 225 228
200 198 207
200 190 198
196 190 200
200 207 206
206 196 200
260 253 254
312 306 299
306 291 299
299 291 294
299 305 312
299 294 305
224 214 223
223 238 224
223 214 206
206 220 223
223 220 230
258 252 245
252 238 245
245 253 258
242 253 245
230 242 245
245 223 230
238 223 245
189 185 163
195 208 189
163 168 189
168 195 189
213 201 185
185 189 213
213 189 208
213 227 201
243 227 213
267 252 258
258 273 267
266 273 258
258 253 266
266 260 268
253 260 266
283 284 277
284 273 277
273 266 277
442 435 433
441 435 451
451 442 450
435 442 451
462 459 454
454 451 450
459 451 454
386 383 392
386 381 383
392 396 386
382 381 386
386 396 394
394 382 386
370 375 355
370 391 375
355 351 370
390 391 370
380 390 370
351 360 370
370 360 380
635 632 626
586 581 580
581 574 580
554 559 558
554 545 547
554 558 545
573 564 558
573 558 563
563 574 573
573 574 581
573 581 582
582 564 573
605 612 603
591 596 603
603 596 605
603 592 591
603 612 615
603 602 592
615 602 603
628 615 622
615 612 622
622 632 628
622 612 619
619 626 622
622 626 632
762 758 757
758 752 757
769 781 780
780 768 769
783 807 774
812 807 783
731 730 726
758 768 766
740 741 759
770 783 759
774 740 759
759 783 774
756 761 770
770 759 756
756 759 741
725 740 708
725 741 740
721 730 733
808 814 816
820 816 833
833 848 820
820 808 816
802 808 820
812 802 820
815 824 814
815 822 829
829 824 815
801 809 815
226 208 224
226 213 208
224 246 226
226 246 243
243 213 226
259 278 264
259 267 278
252 267 259
264 246 259
246 252 259
280 267 273
294 291 280
280 291 278
278 267 280
284 294 280
280 273 284
283 277 276
276 266 268
276 277 266
455 451 459
455 459 471
448 441 455
441 451 455
455 471 470
457 448 455
455 470 457
733 730 742
788 780 781
736 731 737
730 731 736
736 742 730
768 780 782
782 766 768
780 788 782
770 761 779
761 766 779
707 708 692
707 725 708
692 694 707
694 697 709
709 707 694
726 730 722
730 721 722
812 820 838
838 820 848
840 812 838
838 857 840
838 848 857
822 815 813
813 815 809
817 822 813
745 752 758
745 744 752
742 736 745
737 744 745
745 736 737
733 742 747
747 741 733
747 756 741
761 756 747
786 788 781
793 788 786
798 793 801
798 788 793
770 779 790
790 783 770
790 802 812
812 783 790
766 782 789
789 779 766
789 808 802
802 790 789
789 790 779
724 721 733
724 709 721
733 741 724
741 725 724
725 707 724
707 709 724
704 709 697
721 709 704
704 697 696
696 700 704
726 722 719
755 745 758
758 766 755
755 766 761
742 745 755
761 747 755
755 747 742
803 798 801
801 815 803
803 815 814
814 808 803
794 782 788
788 798 794
794 789 782
798 803 794
808 789 794
794 803 808
717 719 722
717 722 721
721 704 717
719 717 713
713 704 700
713 717 704
