0.80385 0.611278 -0.00287801 2.07399 
0.8135 0.605767 7.45242e-05 2.09812 
0.804096 0.611312 -0.00297819 2.07472 
0.80399 0.611298 -0.00296833 2.07441 
0.80364 0.611382 -0.00306134 2.07345 
0.804196 0.611322 -0.00287945 2.07508 
0.80419 0.611294 -0.00299181 2.07499 
0.803957 0.588521 -0.0022474 2.06955 
0.803698 0.6107 -0.000531492 2.0731 
0.803345 0.61111 -0.00184609 2.07238 
0.803728 0.610796 -0.00143746 2.07326 
0.803257 0.610998 -0.00100348 2.07204 
0.803944 0.611139 -0.00273901 2.07415 
0.803593 0.611201 -0.00250284 2.07317 
0.803786 0.610976 -0.0022151 2.07357 
0.813719 0.605521 2.43e-05 2.09858 
0.813512 0.605549 2.29003e-05 2.09799 
0.809613 0.6075 0.00164785 2.08799 
0.808624 0.607788 0.00332364 2.08531 
0.80933 0.607391 0.00296042 2.08708 
0.816373 0.602676 0.0007033 2.1043 
0.815444 0.603526 0.00102336 2.10219 
0.813665 0.604511 0.0033833 2.09768 
0.815012 0.603567 0.00300202 2.10095 
0.814983 0.60379 0.00189003 2.10103 
0.824529 0.594074 0.00253943 2.12224 
0.808139 0.608873 0.0239714 2.08505 
0.807247 0.609466 0.0292157 2.08306 
0.821398 0.597051 0.0107935 2.11514 
0.813294 0.604544 0.00485539 2.09662 
0.813111 0.604377 0.00860719 2.09599 
0.802289 0.598704 -0.00171639 2.06684 
0.800576 0.585893 -0.00101657 2.05946 
0.802518 0.591237 -0.00193278 2.06582 
0.801037 0.577709 -0.000790513 2.05922 
0.804451 0.610982 -0.00281956 2.07553 
0.804944 0.610943 -0.00314792 2.07693 
0.804317 0.612027 -0.00242057 2.07606 
0.804064 0.607826 -0.00248805 2.07414 
0.80325 0.576485 -0.00128466 2.06502 
0.807653 0.609644 -0.0101116 2.08392 
0.806162 0.610627 -0.0102505 2.08031 
0.805388 0.61114 -0.0117258 2.07845 
0.80363 0.611614 -0.00513593 2.07361 
0.803504 0.611562 -0.004179 2.0732 
0.808178 0.609172 -0.00477651 2.08595 
0.808673 0.608993 -0.00692027 2.08637 
0.808032 0.609661 -0.00549962 2.08504 
0.803989 0.611306 -0.00339639 2.07441 
0.804131 0.611251 -0.00321612 2.07478 
0.804177 0.611264 -0.00396517 2.07493 
0.804877 0.611008 -0.00449783 2.07678 
0.804821 0.611 -0.00342698 2.07661 
0.804375 0.611147 -0.00321889 2.07542 
0.809868 0.608765 -0.00772689 2.08993 
0.769243 0.636296 -0.0446313 1.99598 
0.79099 0.619456 -0.0416643 2.0441 
0.79193 0.617296 -0.0505453 2.04564 
0.796052 0.615342 -0.039746 2.05542 
0.803164 0.61145 -0.00266596 2.07211 
0.802678 0.611656 -0.00267156 2.07085 
0.803322 0.611483 -0.00304163 2.0726 
0.803037 0.611674 -0.00353445 2.07192 
0.802496 0.611866 -0.00331932 2.07049 
0.801866 0.61218 -0.00346961 2.06889 
0.801508 0.612506 -0.00427334 2.0681 
0.803067 0.611951 -0.00566624 2.07223 
0.802104 0.612393 -0.00535636 2.06976 
0.803807 0.61179 -0.00735442 2.07428 
0.80231 0.61176 -0.00238284 2.06986 
0.802538 0.611552 -0.00192256 2.07037 
0.800995 0.612447 -0.00249406 2.06656 
0.801592 0.612175 -0.00271173 2.06809 
0.707934 0.669006 0.000359093 1.85756 
0.705186 0.669597 0.00010123 1.85098 
0.704249 0.669895 -0.00400361 1.84885 
0.802254 0.611557 -0.00103009 2.06955 
0.801025 0.612316 -0.00178628 2.06655 
0.801883 0.61182 -0.00153168 2.06866 
0.803248 0.610948 -0.000196362 2.07198 
0.785652 0.628008 -0.0052739 2.03448 
0.802057 0.613326 -0.0160399 2.07047 
0.733746 0.658248 0.0233379 1.91634 
0.686448 0.675356 0.000585801 1.80858 
0.690839 0.67462 0.00444967 1.819 
0.694061 0.673699 0.00422239 1.82631 
0.814177 0.604697 0.000273845 2.09932 
0.814553 0.604339 0.000696679 2.10016 
0.813274 0.605417 0.000532269 2.09719 
0.814194 0.604534 0.0012699 2.09925 
0.813275 0.605611 0.000203291 2.09734 
0.81361 0.605621 6.76518e-05 2.09834 
0.813484 0.605605 9.70618e-05 2.09795 
0.813371 0.605737 0.000154716 2.09772 
0.813142 0.605624 0.00037433 2.09696 
0.813407 0.605393 5.60697e-05 2.09757 
0.813603 0.605183 0.00024854 2.09799 
0.813386 0.605364 0.000346573 2.09748 
0.813344 0.605527 8.07774e-05 2.09748 
0.8133 0.60553 0.000179242 2.09736 
0.808099 0.608147 0.00319076 2.08404 
0.806994 0.609121 0.000567188 2.08153 
0.813193 0.605999 0.000125252 2.09739 
0.812767 0.606178 0.000285463 2.09627 
0.813137 0.605932 0.00021054 2.09717 
0.810277 0.607124 0.00160008 2.08966 
0.810142 0.607074 0.00207224 2.08922 
0.811956 0.606348 0.000892431 2.09401 
0.812092 0.606371 0.000686879 2.09443 
0.81241 0.606603 0.000149539 2.09554 
0.810318 0.607285 0.00103415 2.0899 
0.812951 0.605737 0.000528233 2.09648 
0.812989 0.605827 0.000394229 2.09666 
0.812335 0.606128 0.000782045 2.09496 
0.812746 0.60599 0.000491356 2.09607 
0.811469 0.606443 0.00142384 2.09265 
0.810867 0.606666 0.00192334 2.09105 
0.81198 0.606157 0.00126501 2.09394 
0.812064 0.606013 0.00150514 2.09408 
0.811868 0.605914 0.00236153 2.09343 
0.812495 0.605552 0.00214363 2.09501 
0.813125 0.605091 0.00231169 2.09652 
0.8128 0.605669 0.000953925 2.09599 
0.812506 0.605757 0.00134129 2.09519 
0.813238 0.605343 0.000905682 2.09703 
0.813582 0.604976 0.00136742 2.09777 
0.812204 0.60682 8.87304e-05 2.09509 
0.8117 0.606917 0.000265978 2.09368 
0.808743 0.608207 0.000392744 2.08597 
0.808005 0.608576 0.000253198 2.08408 
0.812055 0.606954 3.36908e-05 2.09475 
0.811429 0.607171 2.7818e-05 2.09307 
0.810493 0.607461 0.00028765 2.09054 
0.811548 0.607086 0.000136274 2.09336 
0.810203 0.607613 6.39459e-05 2.08981 
0.809785 0.607767 0.00020578 2.08869 
0.819414 0.599497 0.000958084 2.11097 
0.821202 0.597549 0.00308433 2.11486 
0.81762 0.601344 0.00170551 2.10701 
0.80297 0.613023 0.0311219 2.07334 
0.790651 0.622764 0.0177579 2.04482 
0.810842 0.606578 0.0214969 2.09119 
0.814485 0.603483 0.00641899 2.09935 
0.814248 0.603533 0.00807762 2.0987 
0.808057 0.608847 0.0145484 2.08457 
0.811971 0.605249 0.00754003 2.09327 
0.81206 0.60533 0.00538683 2.09357 
0.804776 0.602291 -0.00287712 2.0742 
0.804941 0.608527 -0.00291218 2.07688 
0.805894 0.602097 -0.00328389 2.07723 
0.806895 0.608756 -0.00394649 2.08243 
0.805336 0.570528 -0.00172615 2.06902 
0.810213 0.605831 -0.00630256 2.09046 
0.811131 0.602779 -0.00692681 2.09214 
0.811309 0.604933 -0.0183967 2.09121 
0.806385 0.610341 -0.00603862 2.0807 
0.80723 0.609942 -0.00850922 2.08289 
0.807453 0.609766 -0.00731864 2.0834 
0.804785 0.611153 -0.00603585 2.07664 
0.80532 0.610858 -0.00562453 2.07797 
0.804972 0.611176 -0.00752366 2.07721 
0.805902 0.610731 -0.00856081 2.0796 
0.80533 0.610764 -0.00393273 2.07792 
0.805384 0.610784 -0.00440202 2.0781 
0.806178 0.610315 -0.00417725 2.08006 
0.806343 0.610293 -0.00519793 2.08054 
0.806874 0.609897 -0.00494842 2.0818 
0.810066 0.557557 -0.00263323 2.08002 
0.815302 0.571529 -0.00710653 2.09383 
0.815358 0.591263 -0.0117492 2.09843 
0.813674 0.597451 -0.00986452 2.09661 
0.804274 0.609606 -0.028863 2.07446 
0.813039 0.603928 -0.0209102 2.0959 
0.815905 0.597514 -0.0176688 2.10166 
0.768805 0.635204 -0.0518238 1.9943 
0.766994 0.63702 -0.0490082 1.99055 
0.758212 0.643719 -0.0446165 1.97144 
0.756357 0.64655 -0.0364174 1.96828 
0.763242 0.641747 -0.038423 1.98341 
0.76366 0.640628 -0.0424434 1.98385 
0.774529 0.632782 -0.0425508 2.00787 
0.780133 0.628251 -0.043238 2.02011 
0.772577 0.632354 -0.0525421 2.00262 
0.791378 0.616988 -0.0554946 2.04414 
0.796342 0.612768 -0.0552872 2.0552 
0.792118 0.620025 -0.00309228 2.04671 
0.80304 0.612322 -0.00809357 2.07245 
0.800265 0.614103 -0.00844301 2.06574 
0.801822 0.612794 -0.00668126 2.06925 
0.800726 0.61347 -0.00671443 2.06658 
0.70976 0.668332 -0.000802121 1.86168 
0.729035 0.662533 0.0115298 1.9073 
0.7347 0.659532 0.00988321 1.91975 
0.701385 0.670881 9.16531e-05 1.84238 
0.705614 0.669802 0.00159438 1.85229 
0.699725 0.671727 0.00213063 1.83892 
0.718748 0.666418 0.00826015 1.88351 
0.715171 0.667338 0.00465432 1.87493 
0.797617 0.614597 -0.000476315 2.05839 
0.798589 0.613768 -0.00037272 2.06058 
0.79728 0.614966 -0.00133807 2.0577 
0.796124 0.616098 -0.00198985 2.05523 
0.796536 0.615977 -0.00377252 2.05633 
0.800015 0.612812 -0.000873603 2.06399 
0.799043 0.613455 -0.000874726 2.06165 
0.800287 0.612711 -0.00156875 2.0647 
0.801705 0.611822 -0.000550567 2.06815 
0.802296 0.611486 -0.000205435 2.06961 
0.800616 0.61243 -0.000390246 2.06544 
0.789267 0.623582 -0.00799555 2.04134 
0.786547 0.626823 -0.0133463 2.03619 
0.787314 0.625971 -0.00968534 2.03765 
0.78689 0.626387 -0.00200241 2.03671 
0.789974 0.622384 -0.00181546 2.04239 
0.788758 0.623978 -0.00379518 2.04016 
0.783121 0.631081 -0.0053213 2.02972 
0.774696 0.639516 -0.00521656 2.01272 
0.791233 0.621646 -0.0242906 2.0458 
0.787878 0.625273 -0.0173013 2.03884 
0.60256 0.680566 -0.0131227 1.61459 
0.690672 0.674921 0.00680929 1.81889 
0.678134 0.677541 0.0025925 1.78986 
0.683249 0.676152 0.000494728 1.8013 
0.685156 0.676091 0.00449224 1.80605 
0.683092 0.676651 0.00512041 1.80142 
0.688893 0.675958 0.0141344 1.8155 
0.688072 0.675955 0.0109165 1.81336 
0.684151 0.676662 0.00794189 1.80412 
0.678793 0.677667 0.00555194 1.79165 
0.691454 0.673282 -0.0187151 1.8195 
0.702953 0.670297 -0.00655651 1.8459 
0.798906 0.616206 0.00708545 2.0634 
0.796101 0.618466 0.00894838 2.05704 
0.735664 0.659167 0.00476828 1.92197 
0.734589 0.657533 0.0289279 1.91816 
0.727596 0.660991 0.030871 1.90262 
0.729743 0.659696 0.0352964 1.90738 
0.728513 0.662676 0.0156499 1.90611 
0.72987 0.661398 0.019888 1.90868 
0.738545 0.655782 0.0123389 1.92682 
0.759113 0.644035 0.0138192 1.97301 
0.752035 0.648261 0.0196088 1.9572 
0.740929 0.654281 0.0186919 1.93208 
0.772359 0.635792 0.0373338 2.00394 
0.755664 0.64623 0.0252552 1.96563 
0.687 0.674639 -0.00733268 1.80931 
0.687674 0.674734 -0.00262393 1.81107 
0.691588 0.673873 -0.000203869 1.82016 
0.694498 0.672888 -0.0015385 1.82663 
0.696624 0.672078 -0.00542465 1.83131 
0.700055 0.672346 0.00735756 1.84039 
0.712088 0.668767 0.00920404 1.86823 
0.703948 0.671037 0.0062282 1.84918 
0.695099 0.67449 0.0174498 1.82993 
0.926942 0.399136 0.137004 2.34399 
0.824832 0.591166 0.0481898 2.12246 
0.807411 0.608801 0.0014899 2.08251 
0.806656 0.609286 0.00130615 2.08067 
0.808764 0.607913 0.00202535 2.08581 
0.808078 0.608225 0.00269988 2.08403 
0.808461 0.608147 0.00172728 2.0851 
0.807479 0.608696 0.00202457 2.08263 
0.807147 0.608838 0.00266285 2.08177 
0.811214 0.606906 0.000730878 2.09225 
0.81212 0.606613 0.00032475 2.09469 
0.811219 0.606796 0.000957021 2.09218 
0.811825 0.606541 0.000707391 2.09377 
0.812848 0.606291 0.000131991 2.09659 
0.812603 0.606304 0.000288669 2.09588 
0.809967 0.607506 0.000936614 2.08903 
0.810542 0.60734 0.000569833 2.0906 
0.808946 0.607965 0.00125926 2.08638 
0.810002 0.607612 0.000520742 2.08921 
0.808442 0.608269 0.00107599 2.08513 
0.80892 0.608082 0.000712948 2.08639 
0.816176 0.602415 0.00410443 2.10354 
0.817561 0.601221 0.00349123 2.10675 
0.815966 0.602334 0.00609588 2.10287 
0.817368 0.600963 0.00786661 2.10602 
0.819555 0.598969 0.00751237 2.11104 
0.819555 0.59913 0.00498504 2.11113 
0.79715 0.61774 0.0124288 2.05956 
0.795431 0.619129 0.0157299 2.05572 
0.792901 0.621062 0.0325976 2.05044 
0.786953 0.625559 0.0327647 2.03691 
0.790059 0.623264 0.0229505 2.04365 
0.785456 0.626677 0.0274614 2.03331 
0.811071 0.606369 0.0171647 2.0916 
0.809769 0.607413 0.0151673 2.08852 
0.820995 0.597094 0.0213943 2.11419 
0.819393 0.59838 0.0271961 2.11054 
0.815502 0.602096 0.0277966 2.10178 
0.814137 0.603584 0.0229197 2.0987 
0.809565 0.606961 0.00705854 2.08747 
0.810568 0.60626 0.00844491 2.08991 
0.80833 0.608318 0.0115738 2.08492 
0.810761 0.606239 0.0108862 2.09049 
0.80974 0.607171 0.0119832 2.0882 
0.811264 0.606156 0.00307521 2.09184 
0.811146 0.606027 0.00450478 2.0914 
0.810594 0.606631 0.00279054 2.09022 
0.810019 0.606696 0.00527127 2.0886 
0.809398 0.607161 0.00449786 2.08712 
0.809747 0.60705 0.00346172 2.08805 
0.806128 0.610219 -0.00387267 2.07987 
0.806492 0.611025 -0.00385248 2.08152 
0.805437 0.61027 -0.00337015 2.07789 
0.805699 0.611501 -0.00329721 2.07967 
0.805875 0.588092 -0.00265742 2.07507 
0.806616 0.585362 -0.00271379 2.0764 
0.808275 0.603308 -0.00450451 2.08474 
0.809154 0.601786 -0.00497775 2.08678 
0.807824 0.57741 -0.00295013 2.07728 
0.810639 0.59295 -0.00548276 2.08836 
0.806467 0.560855 -0.00174811 2.07089 
0.811962 0.58953 -0.00632058 2.0907 
0.810061 0.57125 -0.00376724 2.08192 
0.808422 0.608946 -0.0112741 2.08567 
0.812562 0.6032 -0.0112177 2.09485 
0.811771 0.606484 -0.0139931 2.09375 
0.810223 0.606926 -0.0134115 2.08947 
0.811684 0.605149 -0.00920813 2.09344 
0.810447 0.608191 -0.00940668 2.09101 
0.809785 0.607836 -0.0110342 2.08884 
0.824198 0.524364 -0.00233004 2.10435 
0.885667 0.339958 -0.115596 2.23439 
0.822242 0.535825 -0.0059104 2.10162 
0.817173 0.537948 -0.00244122 2.09061 
0.81829 0.563051 -0.00819436 2.09948 
0.821261 0.57082 -0.0157448 2.1079 
0.808218 0.607644 -0.0193929 2.08424 
0.805651 0.609368 -0.0228175 2.07811 
0.808461 0.608243 -0.0157336 2.08532 
0.807498 0.609388 -0.014185 2.08334 
0.804154 0.611703 -0.0165461 2.07536 
0.805793 0.610684 -0.0145415 2.07933 
0.796209 0.615899 -0.0349512 2.05608 
0.799184 0.613849 -0.0309218 2.06296 
0.791902 0.619423 -0.0366543 2.04646 
0.79321 0.619609 -0.0269693 2.04998 
0.81454 0.597254 -0.0415503 2.09715 
0.799148 0.611118 -0.0498988 2.06172 
0.796021 0.614256 -0.0473149 2.0549 
0.798126 0.613216 -0.0417853 2.05989 
0.811934 0.601677 -0.0399601 2.09144 
0.806146 0.607213 -0.0326268 2.07828 
0.802887 0.609273 -0.0394992 2.07061 
0.807555 0.60381 -0.0458698 2.08052 
0.803816 0.607486 -0.0453041 2.07229 
0.737506 0.656141 -0.0385889 1.92523 
0.750599 0.649538 -0.038169 1.95507 
0.743856 0.65357 -0.0358005 1.94004 
0.782811 0.627004 -0.0379093 2.02646 
0.788236 0.622855 -0.0350184 2.03854 
0.789504 0.622411 -0.0306256 2.04165 
0.787668 0.624533 -0.0272098 2.03793 
0.778062 0.630995 -0.0374562 2.01615 
0.781485 0.626591 -0.0464937 2.02281 
0.777468 0.62896 -0.0509942 2.01359 
0.788024 0.62064 -0.0501698 2.037 
0.787485 0.621811 -0.0456307 2.0361 
0.525808 0.659622 -0.0116388 1.4304 
0.796604 0.611821 -0.0596526 2.05555 
0.798679 0.614463 -0.0048728 2.06138 
0.799608 0.613235 -0.00228932 2.06313 
0.799801 0.613696 -0.00504479 2.06405 
0.797998 0.614716 -0.0036289 2.05959 
0.800148 0.613012 -0.00294458 2.06453 
0.80032 0.61312 -0.00398473 2.06511 
0.798149 0.614356 -0.00243946 2.05975 
0.798862 0.613719 -0.00201554 2.06133 
0.795096 0.616994 -0.00109786 2.05294 
0.793305 0.618727 -0.00137562 2.04912 
0.80385 0.612154 -0.0115724 2.07473 
0.802968 0.61258 -0.00977287 2.07246 
0.80124 0.613717 -0.0101412 2.0683 
0.80046 0.614455 -0.0127172 2.06663 
0.802059 0.613395 -0.0139627 2.0705 
0.715527 0.667004 0.000842332 1.87553 
0.720913 0.665339 0.00282777 1.88819 
0.730788 0.661598 0.00229029 1.91105 
0.755562 0.652249 -0.00250995 1.9701 
0.768926 0.644169 -0.00307676 2.00036 
0.763742 0.647455 -0.00569589 1.98868 
0.734477 0.661319 -0.0019477 1.9207 
0.715145 0.667009 -0.00512864 1.87455 
0.718584 0.666106 -0.00267214 1.88276 
0.742215 0.655227 -0.0311236 1.93683 
0.73362 0.65943 -0.0288008 1.91725 
0.795986 0.617841 -0.0189277 2.0564 
0.792372 0.620857 -0.0210082 2.04837 
0.790737 0.622444 -0.0175767 2.04482 
0.796267 0.616499 -0.00555319 2.05597 
0.798578 0.615235 -0.00833525 2.06171 
0.797957 0.615342 -0.00645516 2.05997 
0.781664 0.632838 -0.00197084 2.02698 
0.777717 0.636934 -0.00205647 2.01911 
0.783054 0.63056 -0.0139064 2.02921 
0.78128 0.632766 -0.0102851 2.02589 
0.773927 0.638901 -0.0148829 2.01017 
0.776751 0.637183 -0.0102121 2.01665 
0.698131 0.673685 0.0215146 1.83703 
0.704504 0.671698 0.0240773 1.85163 
0.666813 0.679302 -0.00290544 1.76359 
0.660996 0.679923 -0.00696753 1.75003 
0.685021 0.676869 0.013778 1.80661 
0.692858 0.672883 -0.0227585 1.82281 
0.700145 0.670914 -0.0270244 1.83973 
0.79279 0.62097 0.00810891 2.04942 
0.758057 0.644602 0.00711426 1.97048 
0.748292 0.649998 0.0507028 1.94989 
0.765805 0.640009 0.040589 1.98922 
0.760343 0.643416 0.0394521 1.9768 
0.737161 0.656142 0.0363301 1.92418 
0.741154 0.654191 0.0322336 1.93308 
0.772231 0.635906 0.0318463 2.00343 
0.765492 0.640273 0.030089 1.98808 
0.778856 0.631372 0.0268582 2.01827 
0.764285 0.640992 0.0249895 1.98513 
0.707259 0.67091 0.0217406 1.85794 
0.907473 0.433375 0.160463 2.30047 
0.824351 0.593662 0.0215343 2.12169 
0.825141 0.591483 0.0409614 2.12321 
0.825467 0.592125 0.0278224 2.1241 
0.821883 0.595609 0.0314355 2.11607 
0.82133 0.59571 0.037748 2.11476 
0.766395 0.639515 0.0453857 1.99072 
0.760718 0.642971 0.0477754 1.97795 
0.783479 0.62803 0.0380509 2.02919 
0.777761 0.632065 0.0399207 2.01628 
0.793371 0.620567 0.0379216 2.05164 
0.787714 0.624799 0.0416341 2.0389 
0.653522 0.679152 0.0538898 1.73329 
0.681356 0.674398 0.0612145 1.79755 
0.673815 0.675874 0.0614125 1.78023 
0.663508 0.677853 0.0559493 1.75636 
0.661688 0.678398 0.0509093 1.75207 
0.691995 0.671563 0.0655082 1.82205 
0.744678 0.647839 0.0959579 1.94259 
0.642429 0.681958 0.0204699 1.70783 
0.805539 0.609956 0.00320223 2.07791 
0.806321 0.609366 0.00328426 2.07975 
0.804563 0.610756 0.00404705 2.07567 
0.804609 0.610776 0.00511558 2.07583 
0.801325 0.614254 0.00864654 2.06894 
0.802726 0.612836 0.00674103 2.07191 
0.803991 0.611573 0.00671958 2.07464 
0.800911 0.614725 0.0112881 2.06813 
0.807368 0.608945 0.0100533 2.08256 
0.80557 0.610579 0.010199 2.07853 
0.805052 0.610761 0.00818977 2.07713 
0.797977 0.617204 0.0188281 2.06166 
0.79549 0.619147 0.0232815 2.05609 
0.804817 0.611706 0.0225 2.07744 
0.801354 0.614465 0.0271394 2.0696 
0.796884 0.618032 0.0276193 2.05939 
0.818859 0.599409 0.0132099 2.10937 
0.81857 0.599602 0.0172267 2.10873 
0.815217 0.602675 0.0102214 2.10095 
0.816804 0.601323 0.0105209 2.10465 
0.815645 0.60231 0.0180687 2.10208 
0.813563 0.604148 0.0154813 2.09725 
0.813894 0.603747 0.0108299 2.09785 
0.813053 0.604469 0.0123646 2.09593 
0.859056 0.476288 -0.046317 2.17658 
0.859436 0.462754 -0.0107368 2.1763 
0.837977 0.547872 -0.0299118 2.14174 
0.834221 0.512179 -0.00575147 2.12389 
0.829983 0.524207 -0.00765032 2.11686 
0.824531 0.550878 -0.0126914 2.11445 
0.825942 0.562699 -0.0166872 2.11564 
0.827584 0.558622 -0.0235423 2.11982 
0.827868 0.53834 -0.0146548 2.12038 
0.833076 0.553138 -0.022725 2.13132 
0.796565 0.616892 -0.0251659 2.05751 
0.799159 0.614497 -0.0264152 2.06322 
0.800595 0.614232 -0.0186346 2.06697 
0.798101 0.616066 -0.0203485 2.06118 
0.802894 0.61233 -0.0193474 2.07222 
0.802894 0.611934 -0.0220279 2.07199 
0.814582 0.600288 -0.0293368 2.09858 
0.812187 0.60198 -0.0346304 2.09217 
0.812133 0.602997 -0.026285 2.09242 
0.809849 0.603988 -0.0305601 2.08665 
0.729349 0.660085 -0.0364718 1.90674 
0.72703 0.661742 -0.0313211 1.90181 
0.716664 0.66583 -0.0280941 1.87798 
0.710119 0.667857 -0.0296487 1.86279 
0.753085 0.646898 -0.0442557 1.95997 
0.749634 0.649291 -0.0421257 1.95242 
0.74131 0.65358 -0.0426445 1.93349 
0.784756 0.628058 -0.0209831 2.03222 
0.784251 0.627812 -0.0259945 2.03073 
0.781582 0.631465 -0.0183948 2.02585 
0.777133 0.635329 -0.0195696 2.01639 
0.783478 0.62371 -0.0540878 2.02668 
0.779431 0.626908 -0.054046 2.01771 
0.763276 0.638293 -0.0554788 1.98166 
0.543275 0.666071 -0.000368921 1.47275 
0.529167 0.660772 -0.00661568 1.43861 
0.513134 0.654027 -0.0208008 1.39997 
0.528465 0.660548 -0.0108573 1.43705 
0.739552 0.653783 -0.0463379 1.92912 
0.814105 0.595755 -0.0472029 2.09522 
0.81646 0.590551 -0.0583041 2.10026 
0.804722 0.600551 -0.0700386 2.07284 
0.800242 0.608284 -0.0612249 2.06353 
0.749896 0.654953 -0.00480463 1.9569 
0.741262 0.658715 -0.00438481 1.93669 
0.756993 0.647267 -0.0311407 1.97041 
0.750031 0.651777 -0.0284321 1.95502 
0.709407 0.668564 -0.0110851 1.86107 
0.726868 0.662689 -0.0232483 1.90194 
0.714507 0.666856 -0.0224894 1.87308 
0.701782 0.670622 -0.0183417 1.8434 
0.696078 0.67217 -0.0122973 1.83008 
0.700165 0.671083 -0.0105603 1.8395 
0.798096 0.616131 -0.0131467 2.06107 
0.796114 0.617734 -0.0156231 2.05661 
0.797251 0.616474 -0.0103303 2.05884 
0.79293 0.62033 -0.0145262 2.04942 
0.694855 0.674538 0.0229969 1.82952 
0.704661 0.670751 0.0319256 1.85144 
0.711863 0.668423 0.0301938 1.8679 
0.707276 0.670325 0.0287707 1.85768 
0.594785 0.678658 -0.0290419 1.59582 
0.608507 0.680379 -0.0237848 1.62798 
0.618977 0.682209 -0.00721298 1.65326 
0.626392 0.682429 -0.00612627 1.67052 
0.60799 0.681064 -0.0144717 1.62729 
0.604813 0.680418 -0.0216349 1.61966 
0.675465 0.677718 -0.00191981 1.78338 
0.670541 0.678446 -0.0053093 1.77193 
0.679205 0.676781 -0.00335463 1.79178 
0.681784 0.675663 -0.013398 1.79726 
0.681483 0.675937 -0.00837494 1.7967 
0.669593 0.679226 0.00226661 1.77036 
0.676083 0.678282 0.0060503 1.78551 
0.678983 0.677986 0.0100883 1.7925 
0.676009 0.678642 0.0108872 1.78575 
0.767756 0.638644 0.0151696 1.99261 
0.769516 0.63759 0.0207469 1.99681 
0.777246 0.632418 0.0211573 2.01437 
0.773872 0.634537 0.0105422 2.00635 
0.791697 0.621723 0.00414005 2.04683 
0.783634 0.62763 0.00195914 2.02839 
0.786176 0.625808 0.00441456 2.03421 
0.79978 0.615414 0.00498941 2.06531 
0.799349 0.615723 0.0026692 2.06428 
0.801989 0.613388 0.00486258 2.07017 
0.806301 0.609557 0.000265922 2.07983 
0.738728 0.656142 0.00249177 1.92753 
0.742352 0.653444 0.00656814 1.935 
0.750455 0.64898 0.00394912 1.95323 
0.76517 0.64017 0.00308452 1.98651 
0.777345 0.632073 0.00220733 2.01409 
0.772474 0.635414 0.00525683 2.00307 
0.749007 0.649754 0.047103 1.9514 
0.749873 0.649477 0.0399137 1.95312 
0.755299 0.646356 0.0421522 1.96548 
0.755195 0.646321 0.0456198 1.96537 
0.752771 0.64793 0.029743 1.95927 
0.747714 0.650744 0.0324106 1.94794 
0.751167 0.648807 0.0366571 1.95592 
0.757972 0.644879 0.0362263 1.97131 
0.75942 0.644029 0.0326923 1.97444 
0.722496 0.665357 0.0160725 1.89257 
0.715912 0.667783 0.0136728 1.8774 
0.724939 0.664065 0.0204437 1.89798 
0.70351 0.671678 0.0110848 1.84872 
0.710801 0.669576 0.0142239 1.86571 
0.711589 0.66945 0.0173694 1.86772 
0.843445 0.572125 0.00314086 2.16384 
0.881373 0.501153 0.121324 2.24577 
0.865798 0.528057 0.117262 2.21221 
0.870777 0.517966 0.128575 2.2232 
0.824745 0.593641 0.0116534 2.12265 
0.826595 0.591488 0.017451 2.12673 
0.82714 0.591239 0.0065771 2.12802 
0.887149 0.47755 0.175 2.25875 
0.898287 0.46465 0.160314 2.28453 
0.897478 0.470993 0.133666 2.28175 
0.88569 0.488385 0.136137 2.2547 
0.823337 0.591076 0.0641366 2.11903 
0.855072 0.547586 0.0971154 2.18876 
0.837967 0.572781 0.0779441 2.15128 
0.850508 0.555878 0.0847403 2.1788 
0.841334 0.56709 0.0883633 2.15865 
0.816923 0.595783 0.0792878 2.10472 
0.822816 0.590625 0.0723359 2.11783 
0.828708 0.584186 0.0727754 2.13088 
0.830316 0.581314 0.080524 2.13439 
0.832521 0.581075 0.0633233 2.13936 
0.829292 0.586063 0.050939 2.13232 
0.828972 0.585605 0.0586562 2.13155 
0.828681 0.587993 0.036976 2.13112 
0.828602 0.588588 0.0302107 2.13103 
0.753853 0.646783 0.0532337 1.96256 
0.760134 0.643157 0.0517994 1.97675 
0.770914 0.636541 0.0465085 2.00099 
0.775838 0.633276 0.0446047 2.01208 
0.678096 0.675357 0.0567012 1.78995 
0.668406 0.677552 0.048633 1.7675 
0.668347 0.677391 0.0517349 1.76742 
0.747105 0.647214 0.0907155 1.94801 
0.732605 0.652596 0.104813 1.91534 
0.718624 0.657747 0.11038 1.88363 
0.721532 0.657392 0.105044 1.89019 
0.585905 0.677151 -0.031707 1.57493 
0.579857 0.676164 0.0151645 1.56019 
0.563394 0.672647 0.008894 1.52125 
0.663312 0.678543 0.0441202 1.75569 
0.657329 0.679971 0.0340705 1.74201 
0.665645 0.678585 0.0390459 1.76113 
0.668055 0.677922 0.0432166 1.76664 
0.646609 0.680099 0.0465521 1.71715 
0.65144 0.679778 0.0453116 1.72829 
0.608634 0.680321 0.0203856 1.62806 
0.589633 0.677823 0.0182961 1.58326 
0.615167 0.680998 0.0215695 1.64358 
0.623412 0.681057 0.0300461 1.66285 
0.805839 0.609723 0.00544358 2.07863 
0.806097 0.609617 0.00684586 2.07931 
0.807382 0.60855 0.00418034 2.08225 
0.806546 0.609152 0.00439499 2.08026 
0.808325 0.60785 0.00508114 2.08449 
0.808002 0.608105 0.00439927 2.08373 
0.808196 0.607945 0.0067558 2.0842 
0.807272 0.608729 0.00773025 2.08209 
0.804819 0.611482 0.0123639 2.07706 
0.80253 0.613466 0.0130854 2.0719 
0.801361 0.614519 0.0173029 2.06939 
0.806356 0.610353 0.0153446 2.08074 
0.804441 0.612033 0.0187736 2.07649 
0.890862 0.374118 -0.0721251 2.24324 
0.867615 0.466926 -0.0474142 2.20152 
0.869372 0.452068 -0.0250779 2.19892 
0.879458 0.431631 -0.0902857 2.22631 
0.871429 0.459231 -0.0742665 2.21054 
0.846434 0.491255 -0.00789985 2.14789 
0.840227 0.511527 -0.0114116 2.14051 
0.838539 0.514752 -0.0243471 2.14092 
0.85336 0.491159 -0.016432 2.16916 
0.853244 0.487087 -0.0312327 2.16472 
0.844233 0.503218 -0.0354258 2.15199 
0.817039 0.593946 -0.0276837 2.10217 
0.819122 0.591656 -0.0311033 2.10762 
0.81826 0.591823 -0.0212715 2.10523 
0.820751 0.582823 -0.0206369 2.10924 
0.822189 0.581095 -0.0272611 2.11041 
0.817189 0.591419 -0.0398943 2.10103 
0.819068 0.590964 -0.0366911 2.10707 
0.819029 0.588986 -0.0496826 2.10631 
0.817181 0.590796 -0.0458658 2.1011 
0.722501 0.662638 -0.037969 1.8909 
0.713771 0.66627 -0.034349 1.87107 
0.774652 0.636401 -0.0245497 2.0104 
0.764222 0.642884 -0.0300494 1.98672 
0.767447 0.641684 -0.0253283 1.99455 
0.768154 0.639175 -0.0345221 1.9948 
0.775537 0.633682 -0.0341211 2.01103 
0.77858 0.632289 -0.0287441 2.0183 
0.786821 0.620144 -0.0592938 2.0338 
0.782944 0.623423 -0.0583212 2.02523 
0.749593 0.645841 -0.0601536 1.95056 
0.743483 0.647817 -0.0679145 1.93623 
0.544519 0.667057 -0.00423475 1.47606 
0.534092 0.663182 -0.00828205 1.45088 
0.554725 0.670629 0.00542392 1.50088 
0.540194 0.665928 -0.00287119 1.46596 
0.550401 0.669064 0.00129604 1.49024 
0.542104 0.6664 -0.00797667 1.47038 
0.52999 0.661808 -0.0130484 1.44111 
0.798838 0.609558 -0.0721991 2.06182 
0.797225 0.610123 -0.0681546 2.05672 
0.708722 0.663882 -0.0666031 1.85793 
0.639568 0.68158 -0.0134393 1.70047 
0.694885 0.672249 -0.0290623 1.8276 
0.751799 0.646954 -0.0477382 1.95669 
0.746823 0.64945 -0.0492938 1.9453 
0.74597 0.649181 -0.0531671 1.943 
0.757281 0.643606 -0.0480515 1.96897 
0.760034 0.641463 -0.0500827 1.97492 
0.758205 0.641826 -0.0541523 1.97043 
0.751872 0.645331 -0.0558843 1.95605 
0.712609 0.663018 -0.0623508 1.8669 
0.818361 0.585861 -0.0649129 2.10317 
0.805888 0.597536 -0.0757682 2.07506 
0.773771 0.626134 -0.0884832 2.0048 
0.812082 0.594184 -0.0585922 2.0889 
0.807474 0.600736 -0.0634364 2.08035 
0.81183 0.599161 -0.0519573 2.09106 
0.807711 0.60343 -0.0525199 2.08099 
0.804607 0.605291 -0.0586591 2.07376 
0.730337 0.662426 -0.00969097 1.91065 
0.740246 0.658905 -0.0088589 1.93415 
0.725274 0.66386 -0.013639 1.89852 
0.73403 0.660428 -0.0192707 1.91894 
0.747983 0.654027 -0.0218468 1.95116 
0.749131 0.655003 -0.00979192 1.9549 
0.791258 0.621457 -0.00882681 2.0454 
0.792879 0.620137 -0.0114023 2.04907 
0.795188 0.617973 -0.0096544 2.05402 
0.792851 0.619546 -0.00581799 2.04847 
0.794843 0.617857 -0.00669604 2.05291 
0.700126 0.672361 0.0307696 1.84123 
0.696544 0.67381 0.0271495 1.83328 
0.713951 0.666965 0.0337836 1.87216 
0.713632 0.666677 0.0366223 1.8712 
0.718363 0.665067 0.0337979 1.882 
0.706966 0.669262 0.0362449 1.85622 
0.710944 0.667592 0.037676 1.86507 
0.705149 0.669493 0.0391567 1.85188 
0.604248 0.679346 -0.0320551 1.61769 
0.591273 0.676902 -0.0447934 1.58711 
0.595577 0.6782 -0.0355281 1.59738 
0.615591 0.680991 -0.0224003 1.64458 
0.637356 0.67788 -0.0621607 1.69441 
0.646339 0.681517 -0.00813326 1.71637 
0.657179 0.680587 -0.00518662 1.74142 
0.651011 0.680968 -0.00961406 1.72699 
0.784487 0.627098 0.00882722 2.03045 
0.779841 0.63045 0.0116673 2.01994 
0.788763 0.624027 0.0109284 2.04027 
0.787483 0.625057 0.0154123 2.03749 
0.781429 0.629428 0.0166954 2.02372 
0.797514 0.617221 0.00147946 2.06011 
0.793963 0.619987 0.00178694 2.05199 
0.804119 0.611128 0.00321586 2.07465 
0.805166 0.610266 0.00256115 2.07706 
0.805497 0.610052 0.00175977 2.07786 
0.713374 0.666295 0.0413366 1.87042 
0.710051 0.667443 0.042383 1.86287 
0.738929 0.655078 0.0446799 1.92848 
0.744435 0.652281 0.0446657 1.94096 
0.735887 0.656647 0.0416088 1.92148 
0.739598 0.654885 0.0394403 1.92982 
0.745162 0.651999 0.0409763 1.94249 
0.722143 0.665097 0.022977 1.89158 
0.715832 0.667907 0.020956 1.87748 
0.718672 0.665515 0.0302293 1.88306 
0.722893 0.663793 0.0283685 1.89256 
0.714791 0.667678 0.0275245 1.87476 
0.713062 0.668792 0.0236443 1.87114 
0.705187 0.671498 0.016098 1.85298 
0.697799 0.673695 0.0161167 1.83604 
0.703504 0.672085 0.0179511 1.84923 
0.693501 0.674661 0.0124061 1.82591 
0.69471 0.674169 0.0103451 1.82849 
0.700591 0.672656 0.0122798 1.84214 
0.848419 0.56565 0.00739556 2.17467 
0.864343 0.535486 0.0900201 2.20901 
0.869489 0.525722 0.100821 2.22023 
0.834558 0.582957 0.00273042 2.1444 
0.83194 0.585924 0.00702167 2.13863 
0.839629 0.57684 0.00630251 2.1555 
0.752691 0.642792 0.100458 1.96076 
0.820503 0.595237 0.0527947 2.1128 
0.819281 0.595623 0.0611072 2.11003 
0.832304 0.583155 0.0460253 2.13903 
0.836126 0.578914 0.0440319 2.14747 
0.831626 0.584499 0.0395574 2.1376 
0.834823 0.581012 0.0373598 2.14467 
0.840229 0.571408 0.0678576 2.15632 
0.836728 0.576417 0.0612847 2.14865 
0.782934 0.623447 0.0950147 2.02881 
0.81123 0.601597 0.0776553 2.09205 
0.793755 0.619792 0.0485191 2.05272 
0.676753 0.674981 0.0663014 1.7871 
0.735641 0.652435 0.0956685 1.92211 
0.730964 0.654153 0.0991637 1.91154 
0.740254 0.652329 0.0767458 1.93227 
0.740324 0.651337 0.0858373 1.93258 
0.744078 0.64986 0.0817674 1.94103 
0.746472 0.649389 0.073787 1.94631 
0.745137 0.650482 0.0693875 1.9432 
0.751517 0.647174 0.0674611 1.95761 
0.757498 0.643579 0.0691861 1.97118 
0.694695 0.671926 0.0477798 1.82784 
0.752401 0.64526 0.082297 1.95987 
0.602354 0.680007 0.0335176 1.61413 
0.706474 0.662432 0.108493 1.8559 
0.701731 0.663286 0.112797 1.84511 
0.634353 0.680481 0.0484429 1.6888 
0.626492 0.680124 0.0475607 1.67013 
0.592229 0.679204 -0.0117832 1.59026 
0.57898 0.67652 -0.014925 1.5587 
0.591609 0.678966 -0.0181356 1.5888 
0.584881 0.677389 -0.0257712 1.57271 
0.602184 0.680325 0.00743619 1.61337 
0.6183 0.681288 0.0168071 1.6509 
0.626937 0.681765 0.018406 1.6713 
0.577997 0.67613 -0.00614149 1.55598 
0.571275 0.674282 0.00123661 1.53961 
0.59151 0.678672 0.00475112 1.58798 
0.594175 0.678731 0.0106991 1.59399 
0.587501 0.677719 0.0101321 1.57823 
0.577633 0.674208 -0.048277 1.55494 
0.57482 0.674257 -0.0419158 1.5485 
0.630996 0.680828 0.0414254 1.68079 
0.623059 0.680877 0.0329603 1.66199 
0.625469 0.680838 0.0429501 1.66808 
0.609128 0.680043 0.0332064 1.62945 
0.600771 0.679571 0.0252421 1.60984 
0.607119 0.680248 0.026232 1.62479 
0.646283 0.680406 0.0398067 1.71624 
0.633305 0.681136 0.0324555 1.68598 
0.653914 0.679828 0.0398702 1.73393 
0.63129 0.681547 0.026128 1.68143 
0.640403 0.681453 0.0273828 1.70275 
0.65013 0.680529 0.0339132 1.72523 
0.889251 0.379974 -0.0280388 2.24471 
0.87459 0.418703 -0.0149469 2.21198 
0.823048 0.581726 -0.045341 2.11314 
0.822741 0.583003 -0.0380952 2.11285 
0.827444 0.569765 -0.0311026 2.12257 
0.824438 0.577169 -0.0315076 2.11543 
0.721127 0.66266 -0.0417444 1.88749 
0.765153 0.636359 -0.0590608 1.98555 
0.771004 0.632582 -0.0574859 1.99873 
0.774942 0.629583 -0.0581938 2.00744 
0.776852 0.627637 -0.0611315 2.0115 
0.774379 0.628717 -0.0652774 2.00571 
0.769328 0.632019 -0.0669689 1.99432 
0.741908 0.647917 -0.0721834 1.93243 
0.75057 0.644011 -0.0669888 1.95225 
0.753862 0.642783 -0.0631268 1.95993 
0.761522 0.638073 -0.0627328 1.97715 
0.740952 0.650414 -0.0609697 1.93101 
0.738065 0.651199 -0.0649699 1.92421 
0.729277 0.655357 -0.0657527 1.90433 
0.72416 0.658832 -0.0586329 1.89322 
0.722562 0.658974 -0.0622445 1.8894 
0.5386 0.664355 -0.013391 1.4613 
0.534614 0.663477 -0.0171708 1.45227 
0.554514 0.670024 -0.00602192 1.49977 
0.570184 0.674297 0.00870329 1.53736 
0.568449 0.673395 0.00232558 1.53269 
0.559227 0.67171 0.00453651 1.5114 
0.557107 0.67095 0.00134824 1.50616 
0.554828 0.669691 -0.00435861 1.50015 
0.54486 0.666615 -0.0131619 1.47645 
0.536062 0.663425 -0.0183737 1.45522 
0.871651 0.441603 -0.121911 2.21023 
0.728737 0.647288 -0.101781 1.90183 
0.720171 0.651643 -0.101693 1.88295 
0.71255 0.640248 -0.116081 1.86013 
0.716165 0.638321 -0.114539 1.86722 
0.671113 0.673599 -0.0747179 1.77258 
0.690051 0.668863 -0.0740726 1.81541 
0.707791 0.668135 -0.0358152 1.85727 
0.69888 0.671014 -0.0331557 1.83684 
0.691954 0.672796 -0.0343176 1.8209 
0.711341 0.666504 -0.0400863 1.86523 
0.683431 0.675021 -0.0249681 1.80109 
0.682454 0.675313 -0.0210303 1.79879 
0.676631 0.676705 -0.0151375 1.78544 
0.670419 0.678048 -0.012018 1.77131 
0.825165 0.57316 -0.0609189 2.11567 
0.826774 0.572645 -0.0494406 2.12 
0.835148 0.546474 -0.0416969 2.13442 
0.830256 0.565557 -0.0415771 2.12852 
0.863282 0.465996 -0.088649 2.18572 
0.800305 0.601538 -0.0820454 2.06227 
0.815392 0.582869 -0.0812405 2.09392 
0.809662 0.590422 -0.0846719 2.08242 
0.814932 0.588275 -0.0728649 2.09536 
0.809977 0.593979 -0.0763779 2.0852 
0.754688 0.651917 -0.0127481 1.96751 
0.75508 0.650843 -0.0185488 1.96779 
0.764088 0.645014 -0.0204776 1.98783 
0.767977 0.643388 -0.0151454 1.9972 
0.763511 0.647046 -0.0109579 1.98775 
0.600428 0.677924 0.062321 1.61011 
0.600773 0.676723 0.0631218 1.60964 
0.700514 0.671118 0.0383258 1.84141 
0.697978 0.672489 0.0342398 1.836 
0.698584 0.671327 0.0414538 1.83682 
0.718342 0.664513 0.0389795 1.88169 
0.718437 0.664289 0.0417812 1.88189 
0.730184 0.659309 0.0411784 1.90852 
0.72633 0.661148 0.0378841 1.89972 
0.721013 0.663543 0.0369738 1.88774 
0.629308 0.680994 -0.0263826 1.67624 
0.664757 0.677328 -0.0495201 1.75838 
0.616475 0.680388 -0.0304795 1.64628 
0.610018 0.679626 -0.0361779 1.63112 
0.641166 0.67961 -0.0450066 1.7036 
0.625497 0.680474 -0.0333322 1.66718 
0.654679 0.678053 -0.0557141 1.73512 
0.628653 0.679231 -0.0514422 1.67444 
0.628478 0.681522 -0.0188608 1.67461 
0.634087 0.681841 -0.0130841 1.68787 
0.634512 0.682213 -0.00797603 1.68918 
0.625478 0.682117 -0.0108994 1.66813 
0.622645 0.681602 -0.0175148 1.6612 
0.705752 0.666267 -0.0576433 1.85165 
0.694689 0.670062 -0.0559461 1.82664 
0.687483 0.67056 -0.0674432 1.80983 
0.673784 0.674631 -0.0612404 1.7789 
0.697464 0.668014 -0.0653457 1.83259 
0.690319 0.670944 -0.0593294 1.81662 
0.678056 0.674194 -0.0569353 1.78874 
0.650171 0.681629 0.0217833 1.72596 
0.651773 0.681826 0.0175401 1.72988 
0.656723 0.680563 0.028722 1.7409 
0.65876 0.681201 0.0190892 1.74615 
0.657668 0.681458 0.0147306 1.74365 
0.679712 0.678071 0.0146461 1.79449 
0.685356 0.676898 0.0165468 1.80754 
0.688845 0.676114 0.0201388 1.81568 
0.678377 0.678383 0.0162707 1.7915 
0.679504 0.678099 0.0216443 1.79418 
0.686461 0.676637 0.0217743 1.81022 
0.681659 0.677723 0.0197225 1.79915 
0.670792 0.679422 0.0241716 1.77395 
0.663926 0.679823 0.0291561 1.75768 
0.664308 0.680284 0.0240023 1.75888 
0.660062 0.680606 0.000221075 1.74842 
0.670236 0.679559 0.00832138 1.77233 
0.666449 0.679886 0.00373854 1.7633 
0.805184 0.610319 0.000342566 2.07714 
0.804687 0.610679 0.00100466 2.07596 
0.873781 0.528546 0.0184086 2.22974 
0.854444 0.557111 0.0215437 2.18774 
0.848414 0.565433 0.0162009 2.17463 
0.853585 0.558756 0.00419711 2.18591 
0.866404 0.540265 0.00837247 2.21375 
0.859192 0.550795 0.0117563 2.19809 
0.878946 0.491293 0.171574 2.24096 
0.877787 0.500497 0.155953 2.23903 
0.864555 0.522211 0.14446 2.20907 
0.867571 0.51326 0.156502 2.21537 
0.860765 0.523044 0.169882 2.20184 
0.760986 0.638142 0.0982055 1.97946 
0.769036 0.632629 0.100268 1.99762 
0.774455 0.629605 0.0953652 2.00977 
0.817272 0.599433 0.0419916 2.10565 
0.816511 0.599508 0.0499595 2.10391 
0.810986 0.604371 0.0548257 2.09153 
0.856181 0.54051 0.123323 2.19106 
0.850353 0.550855 0.113244 2.17837 
0.816562 0.594796 0.0886676 2.1039 
0.82427 0.586578 0.0898203 2.12099 
0.839681 0.57444 0.0464555 2.15527 
0.839929 0.573322 0.0546019 2.15575 
0.844212 0.569587 0.0377097 2.16529 
0.844143 0.567511 0.0600303 2.16497 
0.751494 0.647471 0.063748 1.95748 
0.753026 0.647061 0.0568124 1.96078 
0.768108 0.636949 0.0692747 1.99517 
0.763022 0.640391 0.0670785 1.98364 
0.772438 0.635395 0.04973 2.00454 
0.777507 0.632006 0.0476182 2.01595 
0.788192 0.623525 0.0582189 2.04031 
0.787021 0.62103 0.0897737 2.03795 
0.790232 0.619714 0.080282 2.0451 
0.784298 0.623866 0.084262 2.03181 
0.809765 0.604881 0.0613624 2.0888 
0.81416 0.600349 0.0645096 2.09861 
0.811103 0.602551 0.0709912 2.09178 
0.688425 0.671529 0.076863 1.81413 
0.696085 0.670002 0.0712692 1.83155 
0.688345 0.67199 0.0719266 1.81384 
0.706353 0.667809 0.0579398 1.8547 
0.711805 0.665706 0.061664 1.86723 
0.698564 0.669852 0.0638877 1.83705 
0.709367 0.666162 0.0672755 1.86181 
0.714304 0.66454 0.0654412 1.87302 
0.730674 0.657131 0.0741628 1.91047 
0.718461 0.663252 0.0613174 1.8824 
0.754248 0.644917 0.0753795 1.96394 
0.75636 0.643312 0.0790652 1.96878 
0.758778 0.642498 0.0727215 1.97414 
0.765629 0.638196 0.0731633 1.98963 
0.75546 0.642583 0.0900171 1.9669 
0.757101 0.642112 0.0858882 1.97055 
0.761457 0.638531 0.0932347 1.98047 
0.769632 0.633452 0.0915624 1.99888 
0.71419 0.656231 0.129101 1.87371 
0.706856 0.658998 0.129066 1.85704 
0.705815 0.660987 0.118899 1.85452 
0.714938 0.656973 0.123522 1.87537 
0.620579 0.680362 0.0437954 1.65649 
0.599873 0.67872 0.0377044 1.60769 
0.698598 0.666444 0.0974516 1.83775 
0.69885 0.665729 0.102163 1.83839 
0.643894 0.678613 0.0707204 1.71132 
0.62953 0.680033 0.0565112 1.67768 
0.633207 0.679654 0.06018 1.68619 
0.629923 0.679362 0.0657198 1.67878 
0.62514 0.680017 0.0561505 1.66746 
0.626497 0.679651 0.058449 1.67055 
0.654875 0.678641 0.059386 1.7365 
0.644933 0.679327 0.0578319 1.7133 
0.66855 0.676398 0.0665719 1.76823 
0.646175 0.678976 0.0647136 1.7165 
0.675137 0.674717 0.0733873 1.78355 
0.567917 0.673765 -0.0259236 1.5325 
0.571541 0.67441 -0.0309556 1.5411 
0.622699 0.682531 -0.00013797 1.66209 
0.625081 0.682194 0.0129409 1.66733 
0.634284 0.68242 0.0138748 1.68897 
0.630452 0.682708 0.00723822 1.68024 
0.563354 0.67221 -0.0107076 1.52074 
0.561506 0.672321 -0.00625853 1.51682 
0.551887 0.669132 -0.0113866 1.49352 
0.548588 0.668192 -0.0208667 1.48595 
0.543069 0.665683 -0.0196746 1.47198 
0.732739 0.656791 -0.0477299 1.9135 
0.724824 0.660595 -0.0456369 1.89565 
0.744569 0.644843 -0.0815875 1.93805 
0.766366 0.634187 -0.0663004 1.98774 
0.76342 0.636283 -0.0656911 1.98119 
0.736906 0.653031 -0.0579273 1.92211 
0.730182 0.656356 -0.0573642 1.90695 
0.739407 0.65241 -0.0543625 1.92806 
0.733706 0.65561 -0.0520285 1.91534 
0.728509 0.657733 -0.0536258 1.90343 
0.538479 0.664665 -0.00227148 1.46113 
0.548638 0.6683 0.00249731 1.48596 
0.576218 0.675968 0.0165536 1.55208 
0.583541 0.676867 0.0200291 1.56905 
0.592172 0.678177 0.0259062 1.58949 
0.51536 0.654259 -0.0417728 1.40537 
0.523137 0.65813 -0.0361235 1.42449 
0.501921 0.647697 -0.0465321 1.37259 
0.525206 0.659206 -0.025926 1.4292 
0.526244 0.659318 -0.030599 1.43161 
0.530102 0.661081 -0.0263124 1.44103 
0.772885 0.626582 -0.0811546 2.00135 
0.776072 0.625046 -0.0842114 2.00936 
0.781395 0.621447 -0.0817408 2.02134 
0.514615 0.654503 -0.0209054 1.40341 
0.873671 0.372218 -0.137036 2.208 
0.869798 0.409756 -0.138338 2.1983 
0.850509 0.483679 -0.117016 2.15842 
0.861626 0.467121 -0.127786 2.19181 
0.859747 0.469754 -0.111504 2.17863 
0.858248 0.413788 -0.150304 2.17292 
0.706197 0.624295 -0.110715 1.83794 
0.732217 0.643463 -0.105958 1.90832 
0.728374 0.641879 -0.10985 1.89793 
0.74106 0.639237 -0.105865 1.92867 
0.720559 0.645157 -0.109648 1.88018 
0.716041 0.647848 -0.112958 1.87321 
0.715822 0.650952 -0.106067 1.87135 
0.713941 0.654618 -0.0975992 1.86768 
0.737639 0.648633 -0.0818657 1.92255 
0.68083 0.675439 -0.0303272 1.79519 
0.676956 0.676331 -0.0250484 1.78617 
0.845863 0.527607 -0.0545507 2.16024 
0.838704 0.541354 -0.0550688 2.14221 
0.844077 0.491203 -0.105335 2.14894 
0.835806 0.501884 -0.111025 2.13002 
0.794665 0.61116 -0.0779665 2.05199 
0.795434 0.605932 -0.0820596 2.05096 
0.789937 0.616031 -0.0786112 2.04133 
0.785369 0.618882 -0.082922 2.03124 
0.766417 0.630521 -0.0908984 1.9881 
0.778248 0.618501 -0.0913439 2.01228 
0.784641 0.614416 -0.0880815 2.02699 
0.789957 0.60912 -0.0884063 2.0384 
0.679662 0.668337 0.117024 1.79504 
0.681853 0.667956 0.117931 1.79958 
0.688031 0.666796 0.114712 1.81376 
0.689385 0.664787 0.126665 1.81751 
0.684483 0.666822 0.122585 1.80589 
0.597951 0.676906 0.0632233 1.60394 
0.729002 0.659747 0.0439642 1.90592 
0.723428 0.662128 0.0443789 1.89326 
0.723786 0.661836 0.0478557 1.89417 
0.73527 0.65679 0.0463822 1.92023 
0.64103 0.681062 -0.0200576 1.70355 
0.63761 0.680765 -0.0272545 1.69543 
0.721874 0.660806 -0.0523414 1.88846 
0.71886 0.662588 -0.048595 1.88186 
0.717993 0.661978 -0.0551568 1.87949 
0.70971 0.665285 -0.054233 1.86076 
0.640611 0.682294 -0.00290429 1.70356 
0.662263 0.680953 0.0142163 1.75429 
0.669681 0.679879 0.0188311 1.7715 
0.673887 0.679213 0.0184586 1.78122 
0.672821 0.679386 0.01465 1.77865 
0.668234 0.680011 0.0104284 1.76789 
0.683335 0.677108 0.025488 1.80294 
0.693321 0.67406 0.0322884 1.82551 
0.692252 0.674855 0.0279841 1.82337 
0.688131 0.676065 0.0254471 1.814 
0.678261 0.676227 0.0423128 1.79018 
0.670909 0.677858 0.0386573 1.77333 
0.66997 0.678507 0.0340054 1.77142 
0.801263 0.613951 0.00182013 2.06848 
0.803531 0.611633 0.00125655 2.07332 
0.802339 0.612909 0.0033141 2.07082 
0.803321 0.611859 0.00276985 2.07288 
0.709649 0.666808 0.0560196 1.86217 
0.717235 0.6639 0.0585411 1.87953 
0.88318 0.513207 0.00973361 2.25009 
0.885573 0.499356 0.0977745 2.25513 
0.878362 0.513354 0.0896301 2.2395 
0.872841 0.529048 0.0360493 2.22765 
0.868035 0.532543 0.0732153 2.2171 
0.876451 0.519636 0.0702328 2.2354 
0.880688 0.514801 0.0525742 2.24465 
0.840788 0.574502 0.0286402 2.15787 
0.835902 0.580253 0.0306463 2.14713 
0.833955 0.5834 0.0145057 2.14302 
0.831262 0.58628 0.0192433 2.13704 
0.832117 0.584911 0.0264342 2.13884 
0.871389 0.502902 0.184937 2.22509 
0.862514 0.515887 0.180866 2.20539 
0.817274 0.570143 0.186747 2.1051 
0.824305 0.56208 0.191153 2.12126 
0.85725 0.52206 0.187771 2.19371 
0.849893 0.532262 0.190635 2.1779 
0.813329 0.603374 0.039979 2.09682 
0.808723 0.608005 0.0329961 2.08643 
0.812628 0.604463 0.0332689 2.09526 
0.840156 0.562259 0.121474 2.15597 
0.854618 0.5529 0.0667497 2.18787 
0.849655 0.560732 0.0570503 2.17707 
0.862904 0.541854 0.0610578 2.20599 
0.864604 0.541209 0.0427338 2.20976 
0.856092 0.554167 0.0334192 2.19127 
0.850141 0.561651 0.0410577 2.17823 
0.772747 0.633967 0.0679324 2.00562 
0.775625 0.632333 0.0637655 2.01205 
0.762552 0.640931 0.063943 1.98251 
0.757545 0.644313 0.0589596 1.97107 
0.756953 0.644438 0.0623041 1.96981 
0.785737 0.625655 0.0546118 2.03472 
0.780673 0.629432 0.0540076 2.02327 
0.789545 0.62306 0.0493387 2.04322 
0.786319 0.625668 0.046346 2.03586 
0.780967 0.629497 0.0487994 2.02381 
0.798262 0.615355 0.0586619 2.06299 
0.795687 0.618001 0.0521095 2.05713 
0.793918 0.619131 0.0563924 2.0532 
0.797163 0.615831 0.0636192 2.06056 
0.79179 0.619071 0.0750791 2.04857 
0.794217 0.615465 0.0878657 2.05407 
0.800667 0.609799 0.0887776 2.06849 
0.804977 0.606826 0.0823285 2.07811 
0.800759 0.610996 0.0793069 2.06868 
0.795381 0.615235 0.082283 2.05665 
0.696282 0.668253 0.0882419 1.83232 
0.698084 0.668272 0.0834446 1.83636 
0.719907 0.659366 0.0954053 1.88635 
0.704405 0.664963 0.0951535 1.851 
0.714017 0.661272 0.0980775 1.87297 
0.728658 0.656332 0.0902747 1.90618 
0.730917 0.65586 0.0856256 1.91124 
0.719081 0.660323 0.0903388 1.8844 
0.710093 0.664283 0.0848521 1.86382 
0.68293 0.674424 0.0552213 1.80102 
0.69283 0.671821 0.0583071 1.82379 
0.677258 0.675862 0.0508274 1.7879 
0.691216 0.6727 0.0504219 1.81991 
0.697503 0.670667 0.055868 1.83442 
0.68163 0.675187 0.0469979 1.79789 
0.676562 0.676181 0.047609 1.78625 
0.71319 0.664394 0.0724148 1.87064 
0.723286 0.66015 0.076037 1.89371 
0.723618 0.659514 0.0811225 1.89456 
0.706438 0.666527 0.0748002 1.85529 
0.712471 0.663915 0.0803286 1.86916 
0.728667 0.65841 0.0696909 1.90582 
0.721917 0.661475 0.0670286 1.8904 
0.723319 0.661139 0.0637692 1.89352 
0.764021 0.638036 0.0842837 1.98615 
0.775668 0.630994 0.077529 2.01233 
0.7776 0.628972 0.0831491 2.01674 
0.770466 0.633509 0.0867352 2.00071 
0.768052 0.636253 0.076845 1.99515 
0.763297 0.638963 0.0801404 1.98447 
0.705739 0.658419 0.133694 1.85452 
0.692145 0.665154 0.118339 1.82323 
0.699408 0.662668 0.120571 1.83987 
0.701488 0.661357 0.125217 1.84471 
0.696582 0.662347 0.125266 1.83336 
0.690931 0.664488 0.122056 1.82037 
0.710249 0.655966 0.13691 1.86478 
0.728552 0.645086 0.15454 1.90661 
0.728815 0.652181 0.118305 1.90688 
0.725843 0.652415 0.124415 1.90019 
0.771037 0.630518 0.10516 2.00216 
0.597317 0.678404 0.0500141 1.60218 
0.622396 0.680288 0.0472801 1.66077 
0.606686 0.681245 -0.00666254 1.62443 
0.615823 0.682132 -0.000211697 1.64595 
0.613751 0.681748 0.00579079 1.64088 
0.598791 0.680267 -0.00540344 1.60578 
0.604958 0.680847 0.00302692 1.6201 
0.766462 0.630777 -0.0823878 1.98687 
0.76226 0.633709 -0.0877214 1.97804 
0.750446 0.640783 -0.0838559 1.95094 
0.7529 0.639227 -0.0882602 1.95675 
0.76748 0.632001 -0.0739313 1.98975 
0.766126 0.633537 -0.0708897 1.98693 
0.762909 0.634398 -0.0784334 1.97944 
0.756185 0.638545 -0.0792526 1.96431 
0.76295 0.63578 -0.0700482 1.97985 
0.749846 0.643199 -0.0738501 1.95021 
0.750671 0.641993 -0.0772352 1.95178 
0.754836 0.640872 -0.0701961 1.96162 
0.759785 0.637961 -0.0692787 1.97279 
0.594154 0.678462 0.0343677 1.59448 
0.584912 0.677189 0.0272761 1.57256 
0.547372 0.667821 0.00848487 1.48274 
0.54522 0.666835 0.0115931 1.47776 
0.532886 0.66165 -0.0364368 1.44782 
0.545254 0.667235 -0.029444 1.47841 
0.553764 0.669506 -0.0325845 1.49861 
0.520504 0.657032 -0.0243041 1.41752 
0.503041 0.648937 -0.0321157 1.37523 
0.520683 0.657695 -0.0209909 1.4185 
0.517457 0.656008 -0.0216171 1.41025 
0.508563 0.649016 -0.0680065 1.38899 
0.515913 0.653585 -0.0581754 1.40716 
0.526859 0.658877 -0.0504655 1.43374 
0.52702 0.658971 -0.0445683 1.43374 
0.512316 0.652764 -0.0492143 1.39839 
0.53499 0.662285 -0.0504155 1.45366 
0.547642 0.666872 -0.0424395 1.48377 
0.775828 0.626276 -0.0731609 2.00855 
0.777847 0.624262 -0.0765164 2.01304 
0.779233 0.624604 -0.0681142 2.01639 
0.782694 0.620221 -0.0766078 2.02362 
0.790512 0.616079 -0.0654988 2.04172 
0.785702 0.620129 -0.0647926 2.03101 
0.791076 0.614782 -0.0701139 2.04275 
0.787698 0.616647 -0.0745802 2.0349 
0.694531 0.610857 -0.124191 1.80543 
0.696352 0.612466 -0.118176 1.81032 
0.853987 0.473306 -0.144583 2.17531 
0.844304 0.440201 -0.160461 2.14159 
0.854195 0.445358 -0.153069 2.16562 
0.704746 0.611862 -0.106816 1.83061 
0.712422 0.631315 -0.110641 1.86451 
0.716512 0.607803 -0.101251 1.85897 
0.710096 0.618922 -0.106141 1.84431 
0.711812 0.639451 -0.123682 1.86248 
0.714752 0.629109 -0.103712 1.85826 
0.710892 0.627151 -0.111037 1.85206 
0.706153 0.632097 -0.112903 1.84967 
0.701313 0.627937 -0.120164 1.82895 
0.700282 0.613949 -0.108962 1.82002 
0.697302 0.613778 -0.116476 1.81227 
0.700223 0.630435 -0.115903 1.82737 
0.707313 0.654732 -0.107823 1.8528 
0.707218 0.662079 -0.0880875 1.85466 
0.717354 0.656538 -0.092572 1.87734 
0.729672 0.651876 -0.09062 1.90507 
0.730607 0.650574 -0.0852864 1.90576 
0.716533 0.660168 -0.0710014 1.87536 
0.726961 0.655696 -0.0701683 1.89886 
0.734287 0.651615 -0.0736252 1.9152 
0.732225 0.65189 -0.0776706 1.91031 
0.660752 0.679594 -0.0123836 1.74917 
0.666185 0.678616 -0.0151524 1.76152 
0.668742 0.677942 -0.0207364 1.76727 
0.827118 0.568991 -0.0707167 2.12185 
0.833557 0.546466 -0.0694156 2.12997 
0.819813 0.575843 -0.0834427 2.10442 
0.845418 0.490747 -0.133386 2.14711 
0.845743 0.488864 -0.146703 2.15657 
0.855665 0.478602 -0.0801203 2.17254 
0.847047 0.488014 -0.0896411 2.15545 
0.853824 0.48366 -0.0618408 2.16997 
0.847004 0.506067 -0.0661748 2.15918 
0.845091 0.517126 -0.0826594 2.15672 
0.747384 0.641768 -0.0927949 1.94498 
0.735132 0.644239 -0.0986754 1.91526 
0.736977 0.646739 -0.0937147 1.92129 
0.743085 0.639708 -0.101569 1.93394 
0.750577 0.635561 -0.0982904 1.94978 
0.792124 0.607574 -0.0925675 2.04486 
0.804572 0.594679 -0.0900422 2.07111 
0.799437 0.601908 -0.0881019 2.06133 
0.675835 0.66935 0.116594 1.78637 
0.681102 0.668008 0.115228 1.79778 
0.682644 0.668083 0.113949 1.80135 
0.690038 0.667178 0.108667 1.81828 
0.685797 0.667901 0.110491 1.80855 
0.670755 0.672337 0.100435 1.77383 
0.661368 0.673484 0.101234 1.75218 
0.663314 0.673909 0.0974589 1.75663 
0.641771 0.67854 0.071952 1.70636 
0.608528 0.678117 0.0635412 1.62869 
0.586009 0.674531 0.0578323 1.57475 
0.704473 0.667758 -0.0494003 1.84912 
0.695938 0.671458 -0.0391104 1.83003 
0.706229 0.668017 -0.0421581 1.85345 
0.709959 0.66619 -0.0467187 1.86173 
0.686277 0.673141 -0.0492672 1.80773 
0.668645 0.677025 -0.0453408 1.76732 
0.652217 0.679392 -0.0358518 1.72915 
0.692528 0.671778 -0.0463965 1.82207 
0.687358 0.673595 -0.0404591 1.81034 
0.651372 0.681921 0.00514255 1.7288 
0.658557 0.68131 0.00910029 1.74555 
0.661525 0.680868 0.00752111 1.75229 
0.657078 0.681119 0.00187544 1.74171 
0.649845 0.681653 -0.00209736 1.72484 
0.647234 0.682003 -0.000296992 1.71897 
0.650133 0.682125 0.010475 1.72611 
0.647486 0.682268 0.0060418 1.71987 
0.637163 0.682719 0.00704642 1.69592 
0.646087 0.682346 0.0118792 1.7167 
0.635744 0.682668 0.00067866 1.6925 
0.641041 0.682498 0.00122109 1.70479 
0.677333 0.677823 0.0298633 1.7888 
0.683279 0.676698 0.0298279 1.80256 
0.676702 0.677352 0.034668 1.78698 
0.689259 0.674819 0.0341456 1.81601 
0.691624 0.673513 0.0394218 1.82103 
0.688517 0.673986 0.0422081 1.81376 
0.681498 0.67581 0.0399364 1.79773 
0.801711 0.613465 0.000662507 2.06941 
0.802866 0.612255 0.000533868 2.07185 
0.703353 0.669256 0.049344 1.84764 
0.709423 0.667053 0.0529433 1.86157 
0.704199 0.669197 0.0458034 1.84954 
0.710951 0.666893 0.0458012 1.86491 
0.717786 0.664203 0.0487413 1.88053 
0.924384 0.424024 0.0810647 2.33941 
0.893963 0.493334 0.0243114 2.27337 
0.891842 0.495187 0.0503009 2.26873 
0.906794 0.460329 0.0970946 2.30144 
0.896299 0.482829 0.080134 2.27835 
0.840375 0.57581 0.0120333 2.15711 
0.838092 0.578441 0.0160563 2.15208 
0.84443 0.57054 0.0173678 2.16593 
0.84126 0.574308 0.021877 2.15897 
0.82845 0.562396 0.175362 2.13025 
0.844211 0.539324 0.182633 2.16475 
0.850297 0.535759 0.171465 2.17826 
0.831241 0.556672 0.183758 2.1365 
0.836859 0.549451 0.186677 2.14883 
0.816744 0.573331 0.183168 2.10448 
0.820304 0.570859 0.176236 2.11215 
0.805316 0.610739 0.0378198 2.07874 
0.797188 0.617229 0.0445927 2.06042 
0.801599 0.613988 0.0359312 2.07029 
0.797444 0.617267 0.0393618 2.06091 
0.828242 0.571463 0.142793 2.12972 
0.836441 0.563757 0.135064 2.14781 
0.76314 0.640972 0.0580514 1.98371 
0.764894 0.640087 0.0543698 1.98759 
0.770709 0.636388 0.0531016 2.00071 
0.766465 0.638669 0.0610743 1.9913 
0.772996 0.63437 0.0607948 2.00606 
0.775389 0.633029 0.0563396 2.01137 
0.808731 0.607286 0.044648 2.08647 
0.80728 0.608061 0.0516928 2.08322 
0.802249 0.612329 0.0540262 2.07193 
0.800066 0.614474 0.0504099 2.06699 
0.80108 0.613915 0.0458534 2.06923 
0.805031 0.61071 0.0426877 2.07812 
0.805401 0.608497 0.0651904 2.07904 
0.800569 0.612658 0.0663034 2.06821 
0.797757 0.614445 0.0721598 2.06194 
0.801709 0.61076 0.0744224 2.07079 
0.806125 0.607231 0.070709 2.08066 
0.787586 0.622752 0.0719523 2.0391 
0.780246 0.628188 0.0729865 2.0226 
0.77787 0.63028 0.0691424 2.01719 
0.790265 0.621205 0.0663464 2.04507 
0.785682 0.625058 0.0631123 2.03472 
0.780422 0.628841 0.0646556 2.02289 
0.728775 0.658782 0.0642178 1.90594 
0.739156 0.653704 0.06728 1.92959 
0.733188 0.656519 0.0678035 1.91605 
0.730392 0.658867 0.0505433 1.90926 
0.730856 0.658503 0.0537263 1.91041 
0.742221 0.653142 0.0518086 1.93616 
0.736214 0.656217 0.0494497 1.92246 
0.720162 0.662845 0.0570898 1.88616 
0.725804 0.660506 0.0574736 1.89902 
0.725828 0.66067 0.0543569 1.89899 
0.719389 0.663415 0.0521628 1.88427 
0.715835 0.664712 0.0535118 1.87621 
0.747285 0.650173 0.0577671 1.9478 
0.742071 0.653037 0.0553597 1.93591 
0.736461 0.655768 0.0561206 1.9232 
0.746299 0.650474 0.0613263 1.94565 
0.698571 0.660781 0.134729 1.83833 
0.693327 0.663519 0.12691 1.8264 
0.695448 0.662812 0.128236 1.83088 
0.7202 0.651444 0.145094 1.88776 
0.72108 0.649686 0.146912 1.88938 
0.723544 0.649354 0.150183 1.89557 
0.714757 0.653471 0.145244 1.87533 
0.706388 0.656835 0.139717 1.85566 
0.751375 0.638153 0.131931 1.95806 
0.764083 0.634336 0.110209 1.98655 
0.743381 0.646475 0.109972 1.93981 
0.753488 0.641295 0.10735 1.96263 
0.74282 0.645426 0.118094 1.93862 
0.753277 0.638494 0.124409 1.9623 
0.820885 0.579724 0.142328 2.11346 
0.801749 0.608045 0.0941613 2.07092 
0.809496 0.600728 0.0951673 2.08818 
0.766697 0.630368 0.123024 1.99252 
0.770162 0.629232 0.116411 2.00027 
0.735869 0.641845 0.155594 1.92314 
0.734225 0.643207 0.153429 1.91962 
0.77495 0.623269 0.130047 2.01109 
0.601091 0.678041 0.0490013 1.61045 
0.563431 0.67208 0.0211837 1.52143 
0.658683 0.674953 0.0942009 1.74594 
0.638864 0.67828 0.0762607 1.69971 
0.634904 0.678082 0.0799506 1.69066 
0.652012 0.676663 0.0850175 1.73037 
0.661379 0.675214 0.0890002 1.75209 
0.655563 0.675897 0.0888618 1.73867 
0.650808 0.677809 0.0744521 1.7274 
0.651414 0.67726 0.0800907 1.72894 
0.660371 0.67587 0.0844042 1.7497 
0.562707 0.672382 0.0211583 1.51978 
0.563374 0.672572 0.0211947 1.52136 
0.558337 0.671292 0.0138096 1.50945 
0.573765 0.674736 0.0167994 1.5457 
0.580554 0.675939 0.0244645 1.56186 
0.564885 0.673195 0.0200176 1.52526 
0.580144 0.676104 0.0276279 1.56117 
0.562594 0.67275 0.0102968 1.51963 
0.552284 0.669883 0.00669726 1.49503 
0.53944 0.664516 0.00417728 1.46335 
0.551935 0.668964 0.010197 1.49375 
0.496634 0.64414 -0.0650764 1.36038 
0.508877 0.65082 -0.0527256 1.3899 
0.503627 0.647667 -0.0610166 1.37722 
0.571665 0.639584 -0.0967244 1.51631 
0.562496 0.634781 -0.113411 1.49489 
0.473198 0.629979 -0.0790779 1.30294 
0.485766 0.6394 -0.0531902 1.33354 
0.471259 0.630328 -0.060155 1.29744 
0.480573 0.636068 -0.055974 1.32053 
0.511519 0.653337 -0.0308381 1.39622 
0.470511 0.628366 -0.0757695 1.29586 
0.597198 0.653027 -0.112918 1.58547 
0.708833 0.641837 -0.119495 1.85155 
0.711117 0.643895 -0.116817 1.85957 
0.554612 0.668871 -0.0444762 1.50041 
0.548896 0.666616 -0.0519337 1.48673 
0.564895 0.672092 -0.0393715 1.52503 
0.566116 0.672092 -0.0445203 1.52788 
0.558102 0.669192 -0.0526206 1.50861 
0.734724 0.637307 -0.114043 1.91317 
0.744401 0.633857 -0.110447 1.93413 
0.75537 0.626837 -0.11135 1.95875 
0.473297 0.631361 -0.0593804 1.30268 
0.734052 0.627188 -0.12007 1.90968 
0.714209 0.625549 -0.109 1.86505 
0.721215 0.615325 -0.108691 1.87079 
0.715924 0.626899 -0.111745 1.86286 
0.713744 0.635594 -0.113065 1.86023 
0.701497 0.62562 -0.119363 1.83126 
0.586815 0.670638 -0.0695723 1.57289 
0.699345 0.659655 -0.0997696 1.83514 
0.695359 0.659417 -0.105517 1.82574 
0.530256 0.659256 -0.0604348 1.44185 
0.539429 0.663019 -0.0591302 1.46419 
0.517438 0.653709 -0.0681852 1.41127 
0.580176 0.667621 -0.0818291 1.55674 
0.660329 0.666306 -0.10104 1.74358 
0.710959 0.65992 -0.0831776 1.86195 
0.721738 0.655985 -0.0827277 1.88662 
0.723388 0.655981 -0.0784966 1.89047 
0.705015 0.663668 -0.0778995 1.84928 
0.71502 0.659996 -0.0754156 1.87167 
0.648398 0.680444 -0.0217872 1.72047 
0.651611 0.680453 -0.0164988 1.72803 
0.657565 0.679732 -0.0174027 1.74168 
0.663356 0.678703 -0.0224666 1.75488 
0.669871 0.677469 -0.0288096 1.76988 
0.670555 0.677179 -0.0339471 1.77152 
0.656461 0.679186 -0.0310584 1.73894 
0.840808 0.544777 -0.0935579 2.15175 
0.833475 0.542691 -0.0858565 2.1294 
0.83508 0.537742 -0.108541 2.13725 
0.838397 0.493628 -0.15788 2.14158 
0.831792 0.458319 -0.164001 2.11368 
0.839423 0.467998 -0.16217 2.13328 
0.667606 0.67093 0.113828 1.76659 
0.673739 0.670119 0.113361 1.78092 
0.667751 0.671808 0.107722 1.76721 
0.66833 0.672139 0.106501 1.76825 
0.662932 0.672739 0.106173 1.75593 
0.65661 0.674966 0.0969054 1.74118 
0.653486 0.675249 0.101102 1.73439 
0.669419 0.671946 0.104568 1.7708 
0.677708 0.669698 0.11048 1.78998 
0.672846 0.67045 0.109445 1.77869 
0.670458 0.671269 0.106526 1.77311 
0.678686 0.669891 0.107768 1.79219 
0.674232 0.671229 0.104591 1.78191 
0.68498 0.669277 0.102682 1.8066 
0.688836 0.668703 0.100213 1.81542 
0.67066 0.673301 0.093573 1.77354 
0.674798 0.671888 0.09888 1.78314 
0.593029 0.674978 0.0739096 1.59222 
0.644514 0.676311 0.0854882 1.71281 
0.609207 0.676886 0.0732294 1.62915 
0.649449 0.67711 0.0746854 1.72368 
0.626677 0.678058 0.0730179 1.67069 
0.621165 0.678677 0.0702604 1.65845 
0.607262 0.676933 0.0783332 1.62595 
0.637913 0.678445 0.0726701 1.69732 
0.62787 0.678495 0.0725905 1.67387 
0.920932 0.432374 0.0289214 2.33049 
0.904747 0.472482 0.0135798 2.29661 
0.809734 0.580464 0.18354 2.08901 
0.818168 0.57723 0.163113 2.1075 
0.81585 0.577295 0.171463 2.10238 
0.802702 0.590147 0.1722 2.07322 
0.808979 0.5832 0.175158 2.08714 
0.847731 0.542252 0.161251 2.17253 
0.855123 0.536374 0.147578 2.18897 
0.851194 0.544314 0.137476 2.18028 
0.842608 0.55459 0.140998 2.16136 
0.772161 0.614931 0.176788 2.00537 
0.778082 0.610848 0.174263 2.01847 
0.736168 0.65574 0.0589582 1.92261 
0.730512 0.658317 0.0596526 1.90978 
0.73157 0.657651 0.0625188 1.91225 
0.738329 0.654358 0.0639895 1.92764 
0.740706 0.65334 0.0616851 1.93298 
0.781648 0.60711 0.176735 2.02612 
0.727423 0.646774 0.147474 1.90386 
0.733344 0.643716 0.149751 1.91732 
0.723834 0.649087 0.144126 1.89566 
0.732967 0.647958 0.131042 1.91642 
0.742368 0.642714 0.133899 1.93772 
0.788983 0.609739 0.142591 2.04254 
0.780956 0.61548 0.145397 2.02462 
0.817209 0.58549 0.134269 2.10531 
0.807383 0.594606 0.137266 2.08352 
0.78111 0.621889 0.113329 2.02482 
0.779968 0.623925 0.106394 2.02223 
0.786584 0.619732 0.100933 2.03703 
0.794889 0.612958 0.100868 2.05562 
0.586556 0.676411 0.0513237 1.57675 
0.578776 0.675541 0.0318722 1.55808 
0.581464 0.676636 0.0309571 1.56469 
0.61747 0.679728 0.0535407 1.64955 
0.615384 0.679046 0.0589902 1.64447 
0.601552 0.678909 0.0491445 1.61248 
0.614199 0.679355 0.0660653 1.64262 
0.620248 0.679079 0.0664087 1.65625 
0.604836 0.677999 0.0616614 1.61987 
0.611305 0.678528 0.0614945 1.63496 
0.652642 0.675026 0.094343 1.7317 
0.65088 0.674992 0.0959605 1.72775 
0.656476 0.675347 0.0959327 1.74095 
0.658083 0.677029 0.0757599 1.74428 
0.670838 0.675296 0.0754591 1.7737 
0.658718 0.677342 0.0714677 1.74566 
0.485187 0.634324 -0.0864446 1.33181 
0.479468 0.633515 -0.0786848 1.31835 
0.488586 0.638988 -0.0733647 1.34057 
0.492844 0.640564 -0.0777744 1.35156 
0.49646 0.643223 -0.0742398 1.36018 
0.4624 0.623314 -0.084717 1.2768 
0.460771 0.621371 -0.0864049 1.27212 
0.45968 0.621254 -0.0837179 1.26966 
0.454094 0.616351 -0.0908004 1.2549 
0.452379 0.615967 -0.0867621 1.25122 
0.494758 0.64439 -0.040585 1.35497 
0.518259 0.656161 -0.0300157 1.41239 
0.509246 0.65161 -0.0341729 1.3901 
0.504615 0.649746 -0.0417702 1.37957 
0.512863 0.653282 -0.035991 1.39906 
0.489167 0.640308 -0.0637316 1.34201 
0.481869 0.635789 -0.0663586 1.32372 
0.493997 0.643017 -0.0578283 1.35343 
0.492226 0.642922 -0.0538816 1.34954 
0.488276 0.640163 -0.054149 1.33919 
0.463626 0.624896 -0.0694642 1.27923 
0.453722 0.617885 -0.074627 1.25449 
0.764759 0.563533 -0.163266 1.96785 
0.761369 0.577414 -0.163522 1.96645 
0.76214 0.626666 -0.10565 1.97631 
0.765312 0.626958 -0.0953309 1.98301 
0.758446 0.630621 -0.0995497 1.96796 
0.77385 0.620562 -0.0963742 2.00251 
0.773365 0.619872 -0.102684 2.00208 
0.790781 0.606052 -0.0988189 2.04052 
0.781711 0.611341 -0.104748 2.01925 
0.800291 0.594752 -0.0982975 2.05989 
0.801523 0.590772 -0.106015 2.0639 
0.701576 0.633087 -0.127902 1.83871 
0.703967 0.627488 -0.122405 1.83555 
0.707733 0.628456 -0.121947 1.84376 
0.81882 0.522547 -0.138245 2.09344 
0.836596 0.503362 -0.135871 2.12873 
0.830888 0.50669 -0.124881 2.11983 
0.82312 0.515221 -0.127675 2.10175 
0.565703 0.631821 -0.0854299 1.49508 
0.449562 0.61392 -0.0897399 1.24458 
0.453278 0.615594 -0.091389 1.25276 
0.712404 0.646087 -0.118401 1.86614 
0.710111 0.632086 -0.117647 1.85365 
0.712082 0.628596 -0.115915 1.85663 
0.710435 0.625626 -0.113468 1.85454 
0.70597 0.626408 -0.117824 1.84404 
0.711133 0.634793 -0.114345 1.85286 
0.704973 0.631502 -0.11795 1.8389 
0.708858 0.629191 -0.115044 1.84878 
0.70751 0.629513 -0.116717 1.8434 
0.706756 0.627477 -0.11318 1.84139 
0.70268 0.62764 -0.115228 1.83519 
0.634886 0.675865 -0.0743365 1.688 
0.634582 0.671339 -0.0836411 1.68392 
0.688706 0.665208 -0.0953671 1.8119 
0.671827 0.673027 -0.0836559 1.77481 
0.692657 0.666789 -0.0892048 1.822 
0.64682 0.651982 -0.114072 1.70266 
0.588488 0.660697 -0.0964094 1.57065 
0.661068 0.660404 -0.109883 1.74184 
0.704906 0.652137 -0.112135 1.84564 
0.709427 0.650908 -0.114045 1.85863 
0.708686 0.644051 -0.116642 1.85205 
0.797332 0.515661 -0.168018 2.03746 
0.802559 0.50568 -0.170828 2.04841 
0.796699 0.594276 0.175489 2.05977 
0.796455 0.594446 0.181381 2.05969 
0.790311 0.600582 0.173626 2.04563 
0.790054 0.597793 0.183638 2.04501 
0.785998 0.604186 0.178375 2.03647 
0.804704 0.58394 0.188665 2.07803 
0.798459 0.59011 0.183775 2.06344 
0.831563 0.560948 0.166943 2.137 
0.83942 0.553246 0.160708 2.15435 
0.837814 0.557922 0.15102 2.15079 
0.825627 0.569829 0.159977 2.12393 
0.829451 0.567742 0.152097 2.13243 
0.766182 0.619517 0.172384 1.99144 
0.71971 0.653271 0.133367 1.88631 
0.7275 0.64976 0.134709 1.90405 
0.73026 0.64742 0.139812 1.91032 
0.717636 0.65341 0.137435 1.88169 
0.724063 0.65003 0.141295 1.89635 
0.804203 0.595555 0.14612 2.07648 
0.795875 0.602538 0.1483 2.05793 
0.811659 0.58721 0.150417 2.09301 
0.810724 0.585939 0.158735 2.09094 
0.802336 0.592742 0.163872 2.07237 
0.774368 0.61779 0.156226 2.00989 
0.781638 0.613104 0.153197 2.02618 
0.773438 0.616773 0.162933 2.00783 
0.779624 0.61101 0.167845 2.02176 
0.787517 0.604595 0.167552 2.03928 
0.793455 0.601183 0.161854 2.05256 
0.790828 0.605179 0.155288 2.04672 
0.824307 0.584822 0.100235 2.12105 
0.820913 0.583899 0.123859 2.11352 
0.833284 0.574379 0.102227 2.14088 
0.832219 0.572905 0.116242 2.1385 
0.807757 0.600799 0.104685 2.08432 
0.814512 0.593533 0.108584 2.09933 
0.812488 0.593603 0.118736 2.09484 
0.798253 0.608914 0.107729 2.06314 
0.791093 0.613688 0.115074 2.04717 
0.76635 0.624425 0.152049 1.99189 
0.75904 0.628735 0.153817 1.97545 
0.758209 0.628108 0.159083 1.97365 
0.76451 0.622781 0.163891 1.98783 
0.756402 0.626939 0.169599 1.96977 
0.762998 0.623286 0.16901 1.98474 
0.740156 0.639284 0.158252 1.93325 
0.745749 0.635989 0.156209 1.94552 
0.751799 0.631625 0.159258 1.9591 
0.610782 0.679069 0.0520655 1.63354 
0.618236 0.67935 0.0537518 1.65079 
0.586661 0.676433 0.0425791 1.5766 
0.60951 0.679717 0.0518351 1.63102 
0.570486 0.673829 0.0299855 1.53844 
0.582977 0.67589 0.0431569 1.56805 
0.5863 0.676185 0.0418041 1.57532 
0.653496 0.676538 0.085429 1.73393 
0.625426 0.678132 0.0877184 1.66929 
0.648561 0.677137 0.0856397 1.72245 
0.642024 0.677065 0.087611 1.70744 
0.646512 0.677019 0.0849812 1.71764 
0.650612 0.676406 0.0855912 1.72697 
0.685959 0.671059 0.0870496 1.80865 
0.67671 0.673565 0.0822274 1.78733 
0.688242 0.669848 0.0925717 1.81396 
0.668447 0.675015 0.0820788 1.7683 
0.668547 0.674585 0.0858726 1.76859 
0.683076 0.670855 0.0941224 1.80212 
0.674907 0.672862 0.0912417 1.7833 
0.447613 0.61312 -0.08534 1.23983 
0.472194 0.631127 -0.0565563 1.29997 
0.483865 0.638091 -0.0506682 1.32859 
0.492811 0.643392 -0.0415975 1.35024 
0.506567 0.650494 -0.0308913 1.38367 
0.508905 0.651744 -0.0313281 1.38939 
0.497872 0.64645 -0.041471 1.36311 
0.496266 0.645289 -0.0415722 1.35875 
0.482867 0.637751 -0.0496145 1.32603 
0.482368 0.637339 -0.0511537 1.32467 
0.486773 0.640185 -0.0505828 1.33604 
0.497117 0.645295 -0.0440316 1.3606 
0.461238 0.623114 -0.0704531 1.27253 
0.474859 0.632438 -0.0602487 1.30632 
0.461653 0.623924 -0.0679954 1.27405 
0.471862 0.630511 -0.0626866 1.29911 
0.464854 0.625611 -0.0709087 1.28197 
0.475448 0.63295 -0.0626475 1.30831 
0.478832 0.634593 -0.0633138 1.31643 
0.469391 0.628547 -0.0739467 1.29379 
0.466884 0.626775 -0.0720027 1.28706 
0.456203 0.618893 -0.0828069 1.26072 
0.456149 0.619313 -0.0773015 1.26021 
0.454804 0.618564 -0.0789885 1.25752 
0.456813 0.619338 -0.0804853 1.26186 
0.754653 0.571301 -0.163179 1.94461 
0.749995 0.577184 -0.15983 1.93468 
0.77097 0.548871 -0.167604 1.97945 
0.769236 0.568085 -0.166443 1.98261 
0.780482 0.607582 -0.113429 2.01591 
0.791004 0.597351 -0.115494 2.04068 
0.723028 0.605222 -0.146093 1.87654 
0.764288 0.580399 -0.15798 1.97243 
0.749707 0.618337 -0.123323 1.94279 
0.770665 0.601406 -0.125638 1.98912 
0.758563 0.622831 -0.118406 1.96791 
0.770194 0.613658 -0.11952 1.99394 
0.764005 0.61257 -0.1384 1.98121 
0.762881 0.606789 -0.130279 1.97228 
0.753898 0.6136 -0.129629 1.95233 
0.733068 0.63273 -0.118121 1.90738 
0.739886 0.623059 -0.122458 1.91982 
0.728443 0.615579 -0.140025 1.88957 
0.810687 0.529943 -0.13839 2.07508 
0.820913 0.542494 -0.125595 2.10313 
0.827259 0.557051 -0.117826 2.12233 
0.812509 0.545131 -0.131661 2.08235 
0.807639 0.566958 -0.133888 2.07683 
0.80618 0.571337 -0.124454 2.07008 
0.822792 0.522395 -0.14935 2.0982 
0.829049 0.508261 -0.160287 2.12194 
0.830151 0.511444 -0.149975 2.11464 
0.811449 0.520195 -0.169635 2.07718 
0.801419 0.601184 0.132762 2.07025 
0.803002 0.601603 0.123919 2.07376 
0.791424 0.609253 0.135789 2.04798 
0.78551 0.615438 0.129277 2.03474 
0.793102 0.610664 0.122194 2.05169 
0.760033 0.631976 0.136637 1.9776 
0.758644 0.631579 0.142547 1.97451 
0.766203 0.625855 0.146301 1.99153 
0.769751 0.625611 0.13645 1.99945 
0.773631 0.621516 0.142719 2.00819 
0.752024 0.633899 0.14993 1.95962 
0.737229 0.643477 0.142823 1.92615 
0.744106 0.640395 0.140688 1.9417 
0.751743 0.635344 0.144333 1.95897 
0.738387 0.641805 0.14823 1.92885 
0.74535 0.637289 0.151545 1.94454 
0.74396 0.635504 0.162688 1.94149 
0.750854 0.630903 0.164599 1.95682 
0.750205 0.632989 0.162491 1.95591 
0.593563 0.677695 0.0395099 1.59284 
0.577396 0.675635 0.0293047 1.55488 
0.606375 0.679307 0.0462657 1.62329 
0.589281 0.677179 0.0435298 1.58303 
0.580601 0.676551 0.0294577 1.56264 
0.599022 0.678927 0.0392846 1.60606 
0.598264 0.678943 0.0365865 1.60423 
0.734514 0.610699 -0.143183 1.90335 
0.778822 0.555676 -0.168329 2.00235 
0.72835 0.593454 -0.151149 1.88521 
0.726506 0.608018 -0.149313 1.88931 
0.731732 0.605759 -0.147262 1.90118 
0.772539 0.569125 -0.16287 1.99528 
0.773541 0.575825 -0.157898 1.99057 
0.77836 0.562971 -0.164597 2.00892 
0.769507 0.602489 -0.140057 1.9923 
0.766198 0.577279 -0.141735 1.97472 
0.719158 0.636536 -0.117969 1.87478 
0.72502 0.632167 -0.119221 1.88683 
0.715163 0.643743 -0.121804 1.87204 
0.709234 0.624242 -0.124073 1.84938 
0.713593 0.622894 -0.121993 1.85724 
0.721263 0.612725 -0.145292 1.87751 
0.720864 0.614387 -0.141249 1.87679 
0.811495 0.564183 -0.113935 2.08015 
0.821981 0.554792 -0.109677 2.10431 
0.810253 0.579496 -0.104964 2.0832 
0.818516 0.573399 -0.0943818 2.10206 
0.825111 0.551879 -0.0953239 2.11042 
0.823584 0.501714 -0.167728 2.10262 
0.816194 0.501899 -0.168935 2.08222 
0.824864 0.469422 -0.167393 2.09799 
0.747226 0.589656 -0.158906 1.93418 
0.739935 0.583997 -0.157051 1.9113 
0.736212 0.600734 -0.150209 1.91288 
0.735758 0.589026 -0.153089 1.90242 
0.735201 0.599031 -0.152982 1.90644 
0.738174 0.601651 -0.139708 1.91391 
0.740509 0.611313 -0.13497 1.9215 
0.749644 0.621341 -0.136393 1.94874 
0.754521 0.604987 -0.138456 1.95492 
0.780079 0.541622 -0.167745 2.00063 
0.784768 0.533538 -0.171157 2.01043 
0.797971 0.536582 -0.169762 2.04686 
0.791369 0.544531 -0.170476 2.03261 
0.778715 0.601749 -0.137749 2.0135 
0.779316 0.59347 -0.128209 2.00864 
0.796497 0.578918 -0.127193 2.04771 
0.78942 0.585806 -0.122895 2.03106 
0.777746 0.569841 -0.150874 2.00263 
0.77481 0.568529 -0.142951 1.99395 
0.796436 0.559904 -0.138498 2.04584 
0.79204 0.586071 -0.138519 2.04334 
0.783188 0.587652 -0.140299 2.02166 
0.72491 0.610367 -0.132662 1.8832 
0.718297 0.614983 -0.129496 1.86922 
0.734346 0.621072 -0.132767 1.91023 
0.734868 0.631032 -0.128579 1.91295 
0.727205 0.636908 -0.12612 1.89641 
0.719617 0.625298 -0.12574 1.87441 
0.711868 0.62772 -0.129563 1.85208 
0.71616 0.623878 -0.132904 1.86168 
0.703625 0.627056 -0.130081 1.84035 
0.702032 0.61833 -0.13062 1.82866 
0.714881 0.602958 -0.143468 1.85491 
0.74906 0.591904 -0.15442 1.93989 
0.76086 0.589541 -0.154027 1.96142 
0.759132 0.584565 -0.145726 1.96034 
0.745904 0.600308 -0.150411 1.92855 
0.751286 0.588705 -0.140909 1.9416 
0.745311 0.598996 -0.144297 1.93005 
0.801202 0.540887 -0.164958 2.05948 
0.809175 0.532695 -0.163995 2.07663 
0.815556 0.530926 -0.155791 2.08234 
0.808383 0.537323 -0.147699 2.0696 
0.786922 0.559712 -0.161428 2.02209 
0.79124 0.552075 -0.163937 2.03517 
0.786923 0.562373 -0.152765 2.02209 
0.800084 0.54725 -0.160423 2.04977 
0.793252 0.550068 -0.145631 2.03668 
0.801881 0.546031 -0.151306 2.05481 
0.713229 0.6162 -0.141493 1.85699 
0.715548 0.616912 -0.139072 1.86657 
0.713143 0.61949 -0.136185 1.86018 
0.710199 0.607239 -0.136771 1.84459 
0.70513 0.614865 -0.135619 1.83503 
0.710448 0.620173 -0.137448 1.85199 
