550 8 -1
3 48 20
205 3 -3
2 1 4
190 -3 3
37 6 171
5 505 38
-3 494 206
-1 0 209
243 67 251
238 11 277
10 678 271
532 266 239
16 827 14
15 -2 13
117 14 342
281 13 -2
184 139 -3
143 138 892
1593 191 20
1 23 19
999 1595 22
1592 23 21
22 20 51
144 147 419
150 32 488
1579 162 1605
1571 917 28
452 163 27
562 31 30
169 1058 29
170 29 174
25 1612 34
179 2475 449
32 35 985
34 2478 180
504 37 587
36 5 512
173 6 510
507 447 172
47 41 1369
40 44 42
253 1367 41
79 44 45
41 46 43
539 43 46
44 518 45
519 40 76
51 1 203
495 1000 50
998 51 49
50 23 48
-3 215 493
214 -3 1050
-1 210 -3
1740 1044 569
1749 222 220
58 229 1251
234 57 657
246 68 244
713 250 611
614 66 62
68 237 61
1117 64 65
63 249 67
66 609 63
274 65 61
64 9 68
59 62 67
1216 2827 1545
228 602 661
72 240 680
245 71 679
641 1131 2151
276 697 683
691 676 694
77 47 3297
192 76 193
671 201 -1
80 43 199
252 79 241
286 82 -2
81 85 280
356 283 84
83 85 822
84 82 728
734 842 339
88 -1 2320
288 87 290
730 90 291
89 360 354
93 94 296
93 297 298
91 92 99
91 304 95
96 346 94
306 757 95
106 1431 100
2352 101 1430
93 301 763
97 101 312
100 98 2342
311 771 313
-2 104 309
103 303 314
1426 106 760
105 97 317
295 108 791
107 748 320
792 319 329
111 328 321
113 110 112
322 1196 111
767 111 795
338 115 -2
114 348 335
-2 117 337
116 15 343
-1 383 119
120 740 118
846 119 852
122 376 -2
378 121 774
772 310 377
133 126 127
128 387 132
124 384 -1
128 124 -1
125 127 385
1519 389 2660
1494 131 393
130 855 132
133 125 131
124 132 856
404 408 2411
873 405 403
407 3415 400
-3 139 138
18 137 140
137 17 141
141 895 138
160 140 139
1563 -1 427
18 426 -3
430 24 145
418 431 144
421 147 439
146 24 901
440 432 1580
937 167 461
25 938 1613
157 1600 152
153 159 151
1570 152 1599
156 189 155
1594 157 154
186 154 157
155 151 156
160 185 159
152 161 158
161 141 158
159 3480 160
465 26 898
28 457 947
961 473 470
928 477 957
227 168 487
149 489 926
166 480 925
30 170 491
31 496 169
5 173 990
173 39 995
38 172 171
1001 31 175
177 501 174
563 178 177
446 175 176
176 994 448
33 509 180
506 35 179
989 226 513
-3 183 184
182 188 186
185 17 182
158 184 186
183 156 185
188 -3 190
183 187 189
154 188 191
187 4 191
19 189 190
517 77 195
77 194 195
193 2262 1003
196 192 193
1663 195 1007
977 520 521
527 976 972
200 79 542
242 199 533
78 202 545
265 547 201
204 48 205
497 203 206
203 2 206
7 204 205
1046 552 570
-3 556 1052
210 8 211
212 54 209
551 559 209
-3 210 557
1048 561 214
215 53 213
216 52 214
490 215 560
225 218 572
217 987 567
-1 223 220
56 -1 219
222 1067 554
-1 56 221
219 1070 1747
515 226 573
226 217 1745
224 181 225
486 166 581
231 70 229
57 233 228
2126 231 232
230 603 228
230 233 2124
232 229 234
233 58 235
719 2125 234
608 273 605
62 248 612
10 1324 247
242 12 240
71 244 239
80 242 243
241 200 239
244 9 241
240 59 243
246 72 247
59 245 248
238 248 245
247 237 246
64 250 251
249 60 253
9 249 252
253 80 251
250 42 252
255 830 1513
256 835 254
402 255 622
642 258 1236
257 653 259
260 1234 258
651 1149 259
263 658 1350
264 2236 1254
261 264 2080
263 2238 262
270 202 672
12 269 267
268 681 266
270 2122 267
536 270 266
265 268 269
11 677 673
615 1315 274
236 274 3087
273 66 272
276 684 689
74 275 700
693 10 674
606 721 2085
281 -2 280
82 283 279
16 279 282
283 1474 281
280 83 282
286 -2 285
-1 727 284
81 284 729
-1 288 725
287 88 818
1417 806 737
88 1403 292
89 292 733
291 819 290
743 324 837
323 744 295
1421 107 294
297 91 751
92 296 784
301 92 325
326 327 300
307 301 299
300 99 298
303 -2 755
104 302 779
306 94 764
759 306 765
96 304 305
2335 300 332
770 -2 309
103 316 308
123 311 775
102 2343 310
100 313 317
312 102 315
316 104 776
769 316 313
315 309 314
777 106 312
741 322 320
109 320 321
319 108 318
322 110 319
112 321 318
324 294 789
783 293 323
326 298 2345
299 325 786
299 793 333
110 331 329
330 109 328
333 787 329
768 332 328
331 307 333
327 330 332
756 -2 335
115 345 334
338 -2 337
116 802 336
114 336 798
807 86 1460
811 358 341
1466 1453 340
15 826 343
814 117 342
758 345 346
344 335 348
95 344 347
349 750 346
345 115 349
797 347 348
353 752 801
815 824 352
363 353 351
352 809 350
820 90 355
2364 357 354
357 83 821
355 2362 356
340 361 359
360 1469 358
90 359 2365
2366 358 362
812 363 361
362 352 825
371 832 2374
1442 366 838
365 4401 1464
843 1397 2376
3403 369 841
839 844 368
374 829 1487
828 364 372
2372 2378 371
374 735 845
1497 370 373
-2 376 -1
375 121 380
378 123 848
122 377 380
-1 380 847
379 376 378
390 1520 851
-1 384 383
118 382 853
382 126 857
128 859 386
1855 388 385
125 388 394
386 389 387
388 129 392
392 381 391
396 393 390
394 389 390
391 130 394
387 392 393
396 1511 397
1495 391 395
831 1496 395
1551 1198 3758
3416 866 1482
867 136 2371
2375 836 869
870 256 413
135 868 412
405 134 406
407 135 404
865 407 404
136 405 406
1524 134 409
874 410 408
1558 411 409
410 860 2414
403 413 871
412 402 623
1933 416 875
416 627 880
414 1929 415
1183 631 3714
891 145 1567
24 421 1568
-1 1569 422
419 146 423
423 433 420
441 422 421
427 -1 425
-3 426 424
425 143 429
142 424 428
427 429 888
428 426 893
144 431 903
430 145 2470
148 902 899
422 443 -1
436 -1 442
-1 436 909
435 434 437
438 436 444
1585 437 907
146 440 441
148 445 439
443 423 439
434 443 444
442 433 441
445 437 442
1581 444 440
177 448 502
39 1588 448
446 178 447
912 33 450
2473 913 449
454 460 466
28 916 459
455 454 921
453 451 918
460 453 464
468 458 463
458 163 459
945 457 456
452 460 457
459 451 455
1620 149 924
920 939 464
456 464 936
463 455 462
162 1611 467
451 467 1610
466 915 465
946 456 931
-1 1637 1625
164 472 956
933 472 3499
471 470 473
472 164 960
2553 1652 968
980 965 964
969 1649 962
165 478 479
482 970 477
981 959 477
168 486 481
482 927 480
484 478 481
522 484 485
483 971 482
486 1696 483
227 485 480
166 489 983
489 25 984
487 167 488
493 216 491
169 499 490
494 -3 493
52 490 492
498 7 492
49 497 496
499 170 495
495 204 498
494 499 497
498 491 496
566 988 993
997 175 502
446 1587 501
506 511 505
505 36 1084
6 504 503
180 503 1083
39 510 508
509 911 507
511 179 508
507 38 511
503 509 510
588 37 513
181 515 512
1077 589 515
513 224 514
1668 538 518
192 1002 519
46 519 516
47 517 518
197 529 1011
967 197 1012
975 483 1697
526 601 598
1702 973 525
974 526 524
525 2572 523
198 1703 529
1010 529 1030
528 520 527
1708 -1 531
-1 1039 530
12 533 536
200 534 532
543 535 533
534 1719 537
537 269 532
546 536 535
516 540 539
542 45 538
1033 541 538
540 1036 544
543 199 539
544 534 542
541 1720 543
201 1021 1037
547 537 1020
1022 202 546
2591 1665 1724
571 552 554
551 0 553
552 211 550
549 207 551
-1 554 550
553 221 549
1733 1049 1045
558 208 557
212 559 556
1047 556 559
557 211 558
216 561 1059
560 213 1055
563 29 1056
564 176 562
992 563 565
1057 1060 564
567 500 1061
1063 218 566
1069 1062 569
568 55 570
207 571 569
570 549 1068
217 1064 1742
224 1074 574
1759 1078 573
1076 2601 576
594 577 575
576 1024 591
580 584 579
2570 581 578
982 578 581
579 227 580
585 583 1085
582 1768 584
578 1081 583
586 582 587
590 585 589
36 588 585
512 589 587
588 514 586
1086 586 1079
1080 577 1088
595 1090 593
1093 1094 592
1097 576 2604
1073 592 1096
1025 1098 1104
1091 1099 1101
1700 523 1111
600 1018 1028
1106 599 1112
523 3595 1113
1258 70 603
231 604 602
1115 2096 603
722 236 3089
608 278 607
1122 610 606
236 606 609
65 608 610
607 1119 609
60 1118 1785
237 1327 614
1314 615 1135
615 61 612
613 272 614
617 1126 1128
1322 616 1140
2132 1142 1796
1152 1206 1147
621 666 1265
1155 1830 620
256 3428 623
624 413 622
4599 623 3699
1177 626 1172
2066 625 2037
415 628 878
1192 629 627
628 1178 1173
876 631 1934
630 417 1912
633 1897 1837
1896 632 1915
635 638 1928
639 634 1194
1922 2023 637
1914 1189 636
634 639 2025
638 635 1917
1133 641 1974
73 2146 640
257 643 1209
2824 642 1237
645 1540 2823
1233 644 1238
1148 1995 1235
649 1240 1230
1241 649 1861
648 647 2069
651 655 1287
260 650 652
1150 651 1823
656 258 1210
656 1211 1273
650 656 1292
653 654 655
58 1250 1257
261 660 659
662 663 658
658 1252 661
70 662 660
1261 659 661
659 1259 2246
1274 665 1271
664 1285 2113
620 1298 667
1301 1263 666
3029 1302 669
4092 1304 668
1282 2227 1303
78 -1 672
2121 265 671
271 1308 674
675 277 673
690 674 676
75 675 1306
1312 271 678
677 11 679
72 680 678
679 71 681
267 1311 680
1307 1310 -1
1316 74 -1
275 1317 5643
1331 686 1320
701 1318 685
688 1127 1323
5642 687 689
1319 275 688
1328 675 691
75 692 690
691 699 1330
277 1329 1325
695 75 -1
-1 698 694
698 -1 697
74 700 696
695 696 699
692 698 701
276 701 697
700 686 699
953 706 703
704 1344 702
705 703 707
1345 1343 704
702 1346 707
708 704 706
5119 707 1339
4365 1351 1226
5207 2167 5804
2294 712 1360
711 1380 1363
1368 60 1786
2274 2282 3344
717 2290 1379
3293 3289 717
1385 715 716
3362 2242 1393
3090 235 720
1256 721 719
720 278 722
605 3091 721
1378 2295 3294
727 -1 725
287 726 724
725 823 728
729 285 724
726 85 729
286 727 728
731 89 733
732 1470 730
805 731 738
291 1404 730
86 1418 1398
373 3423 1399
1402 1409 2327
1412 289 738
732 2324 737
-1 740 1406
739 119 2317
1945 318 746
747 1950 1947
744 293 1478
1420 294 743
1948 747 1526
747 741 748
742 746 745
108 1424 746
753 751 800
347 799 751
749 296 750
350 808 753
785 749 752
-2 756 755
762 302 754
334 758 754
96 761 758
756 344 757
761 305 760
105 778 759
762 757 759
755 761 780
99 1428 764
765 304 763
305 764 1427
767 796 1433
113 766 768
1429 331 767
770 315 771
308 769 773
102 772 769
123 774 771
-2 770 774
772 122 773
310 3386 849
777 314 779
317 776 778
780 760 777
303 780 776
762 778 779
4393 2356 1434
840 783 1443
324 1441 782
297 785 2346
753 1471 784
326 1444 794
330 793 792
794 1446 790
790 323 791
1440 789 788
107 792 789
109 787 791
787 327 794
786 788 793
796 113 1448
766 795 1452
799 349 798
338 802 797
800 750 797
749 799 801
817 350 800
798 337 816
804 1461 1454
807 803 1467
1468 732 806
289 807 805
339 804 806
1472 752 810
353 812 810
813 808 809
340 1456 812
809 362 811
3392 810 1455
343 815 816
351 817 814
817 802 814
801 816 815
823 288 819
292 820 818
354 821 819
820 356 822
84 823 821
726 818 822
351 826 825
1473 363 824
824 342 827
826 13 1475
371 829 833
828 370 1499
254 835 831
834 397 830
836 364 833
828 834 832
833 1501 831
255 836 830
401 832 835
293 3406 1480
365 839 840
838 369 3404
3407 782 838
368 2377 2383
86 843 1459
367 844 842
843 369 1465
1489 373 1400
120 1488 1401
379 848 1503
847 377 849
775 3388 848
1506 1439 1195
381 1515 1512
1491 120 853
383 857 852
1493 1492 855
856 131 854
133 855 857
853 384 856
1162 859 -1
858 385 -1
411 861 862
860 1557 1552
860 863 3755
862 1553 3759
1525 1422 2425
866 406 2412
399 865 1528
400 869 868
870 403 867
867 401 870
402 868 869
412 2679 873
4594 1554 874
874 135 871
872 409 873
414 883 876
3717 630 875
1186 2433 1181
627 879 880
878 1174 881
884 415 878
879 2067 1535
1529 883 2430
882 875 884
880 885 883
884 1536 2431
1543 1217 1549
1542 2461 3467
428 889 1564
888 894 890
889 3477 891
418 1562 890
893 18 895
894 429 892
889 893 896
140 896 892
3479 894 895
904 2471 3486
3488 162 899
432 900 898
899 905 3487
902 147 903
905 432 901
430 904 901
903 897 905
900 902 904
1634 1608 1572
438 1582 1583
1630 -1 909
435 1586 908
912 914 1591
508 912 1589
449 910 911
914 450 6157
910 913 4454
467 916 1606
915 452 917
916 27 1609
919 454 4450
1615 918 6158
1614 462 921
453 1616 920
928 954 923
932 924 922
923 461 926
926 168 927
167 925 924
481 928 925
165 922 927
943 931 1619
935 1621 931
929 468 930
1618 923 934
934 471 3501
955 933 932
937 930 936
463 939 935
149 935 938
939 150 937
936 462 938
-1 1631 941
951 942 940
941 1638 -1
946 929 1639
1643 948 1640
947 458 946
468 943 945
163 945 948
944 1573 947
1577 2483 950
951 1628 949
941 950 2481
953 4118 2158
702 952 2182
922 957 955
956 934 954
470 955 958
954 165 959
959 963 956
479 958 957
2490 473 4544
1648 164 963
964 476 2539
958 964 961
475 962 963
969 475 967
967 2551 968
521 966 965
474 969 966
476 965 968
979 478 971
484 975 970
973 198 978
524 972 974
975 525 973
522 974 971
198 977 978
197 980 976
979 972 976
970 978 981
977 475 981
479 979 980
986 580 983
487 984 982
983 488 985
34 986 984
1082 982 985
218 989 988
991 500 987
987 181 990
171 991 989
996 988 990
994 564 993
500 996 992
178 992 995
996 172 994
993 991 995
501 1655 1001
999 50 1000
21 998 1654
49 1001 998
174 997 1000
1669 517 1664
1004 194 1364
1006 1008 1003
1366 4375 1006
1009 1004 1005
196 1008 1673
1004 1009 1007
1008 1006 1676
2549 528 1679
520 1681 1012
1682 521 1011
1035 2593 1688
1015 1016 1019
1029 1014 1680
1014 1027 1779
1018 3605 1778
599 1017 1026
1691 1014 1777
1022 546 1717
1041 545 1022
547 1020 1021
1698 1087 1024
577 1025 1023
1024 596 1772
1018 1027 1028
1026 1016 1029
1701 599 1026
1027 1015 1030
528 1704 1029
1032 -1 1710
-1 1031 1714
1715 540 1670
1035 1693 2583
1013 1034 1671
541 1716 1718
545 1038 -1
1037 1040 -1
531 1040 1722
1038 1041 1039
1021 1723 1040
1043 1674 3314
1660 1042 1725
55 1045 1046
555 1054 1044
1047 207 1044
1053 558 1046
1049 213 1050
1054 555 1048
53 1051 1048
1050 -3 1052
208 1053 1051
1047 1054 1052
1053 1045 1049
1059 561 1734
1057 562 1058
565 1056 1735
30 1059 1056
560 1055 1058
565 1732 1061
1736 566 1060
568 1065 1738
567 1737 1064
1065 572 1063
1066 1064 1062
1752 1065 1069
221 1750 1068
1069 571 1067
568 1068 1066
1755 223 -1
1089 1073 1072
1760 1753 1071
595 2605 1071
1762 573 1746
1744 1757 1761
575 1080 1078
1079 514 1078
574 1076 1077
1080 590 1077
591 1079 1076
1085 584 1082
1081 986 1083
506 1084 1082
1083 504 1085
582 1081 1084
590 1088 1769
1023 1766 1088
1086 591 1087
1090 1071 -1
-1 592 1089
-1 597 1092
1102 1093 1091
593 -1 1092
593 1095 1096
1103 1098 1094
1097 595 1094
594 1096 1098
1095 596 1097
1100 597 -1
1713 1099 -1
597 3640 1102
1103 1092 1101
1104 1095 1102
596 1103 1770
3597 1774 3601
3606 600 1109
1110 3636 3607
2606 1110 1114
1110 1106 1112
1107 1109 1108
1112 598 1113
600 1111 1109
601 1114 1111
1113 1699 1108
1781 604 3082
1156 1264 1782
1118 63 1119
1121 611 1117
610 1120 1117
1123 1121 1119
1120 1124 1118
1123 607 2086
1788 1120 1122
1121 1789 1784
1132 1126 2152
1125 616 1127
687 2150 1126
616 1129 1130
1128 1790 1800
1795 1139 1128
73 1133 1132
1791 1125 1131
1131 640 1794
1792 2817 1801
613 1136 1137
1135 1326 1802
1138 1313 1135
1803 1143 1137
1130 1142 1140
1141 617 1139
1143 1806 1140
1139 618 1143
1138 1141 1142
1145 1154 1810
1157 1144 3655
1996 1148 1147
1151 619 1146
1146 646 1149
260 1150 1148
1149 652 1151
1153 1147 1150
619 1153 3659
1152 1151 1822
1144 1833 1808
621 1156 1832
1116 2615 1155
1831 1145 1825
2726 1851 1838
3663 1160 1845
1159 1835 1854
1167 1164 -1
1856 858 1163
-1 1164 1162
1163 1161 4568
1166 1169 4566
2627 1165 1859
4567 1161 1858
1170 1171 3670
1165 1170 4564
1169 1848 1168
1168 2637 1875
625 1863 1173
1174 629 1172
879 1173 1242
1179 1191 2046
1193 1179 1178
2038 625 1178
629 1176 1177
1175 2039 1176
2666 -1 3683
1182 877 4435
1533 1181 2686
1902 417 1879
1886 1869 1880
1186 1532 1893
877 1185 3721
2710 1873 1883
1909 3723 1916
637 1839 1919
1841 -1 1926
1175 1193 2738
1193 628 1930
1191 1176 1192
635 1932 1911
1510 850 2751
112 1946 1450
1952 1953 1943
398 1559 1955
2799 1202 2813
2814 1793 2797
1202 2800 1978
1199 1201 1203
1202 1204 2000
1203 1979 2809
1206 3787 2002
619 1205 1991
1245 1270 1208
1213 2992 1207
642 2009 1210
1211 653 1209
654 1210 1212
1213 1269 1211
1208 1212 2008
1217 1541 1215
1214 2057 1222
1218 69 1217
886 1214 1216
1216 1219 2828
1218 1223 4669
4668 1223 1985
1232 1986 2988
1223 1215 2987
1219 1222 1220
1977 1976 1225
5335 1983 1224
1227 709 4726
4364 1226 5413
2024 2670 3695
2040 3960 2950
647 3009 3000
4005 1999 1988
2808 1221 2989
2054 645 2048
259 1235 1236
646 2050 1234
1237 257 1234
1238 643 1236
645 1237 2049
3008 1240 2953
1239 647 1241
1240 648 2063
1174 1865 2068
2077 1247 2071
3003 2072 2993
1277 1207 1246
2994 1247 1245
1246 1243 1248
1247 1249 1275
1248 2078 2076
2082 657 1251
1250 57 1252
660 2081 1251
1255 1390 2084
2079 262 1255
2244 1253 1254
3023 720 1257
657 3021 1256
602 2097 1262
2088 663 1261
1262 2095 2089
1259 662 1262
1258 1260 1261
667 3030 1265
1116 1265 2093
1264 620 1263
2231 1267 2104
1266 2101 3055
1276 1271 1270
1212 1270 1273
1269 1207 1268
1268 664 1272
1291 1273 1271
1272 654 1269
664 1276 3077
1277 1248 3078
1274 1268 1277
1245 1275 1276
1305 1279 1282
1278 4090 1280
1279 3041 1281
2232 1283 1280
1283 670 1278
1281 1349 1282
2100 2109 3074
2116 665 2111
1828 1827 1295
1288 650 1293
1824 1287 1289
1290 1826 1288
1296 1289 1294
1292 1272 2114
655 1291 1293
1294 1287 1292
1290 1293 2112
1286 1296 1297
1295 1290 2118
1298 1829 1295
1300 666 1297
1300 2117 4941
1298 1299 1301
667 1300 1302
4944 668 1301
670 2092 1305
669 1305 3027
1304 1278 1303
676 1308 -1
1308 682 -1
1306 673 1307
-1 1310 2119
1309 682 1312
1312 681 2123
677 1311 1310
1137 2134 1314
1315 613 1313
2129 272 1314
683 -1 1317
5650 684 1316
1320 686 1319
689 1323 1318
685 1318 1321
1322 1805 1320
617 1321 1323
1319 687 1322
1327 238 1325
693 1334 1324
1136 1327 1333
1326 612 1324
690 1330 1329
1334 693 1328
1328 692 1331
1330 685 1332
1804 1333 1331
1326 1334 1332
1333 1325 1329
2155 1337 2156
4117 1337 2159
1336 1335 2160
5410 5036 4353
708 2190 2210
1342 3523 2169
2174 2188 1342
2505 1340 1341
705 2177 1344
4119 703 1343
705 4253 2178
2191 706 2183
2168 5026 3169
2192 2166 6081
1283 2230 2228
2239 261 2247
709 1352 3840
4359 1354 1351
1358 1392 1354
1352 1355 1353
1354 4358 1356
1377 1359 1355
2257 1391 1358
1357 1353 1359
1356 2255 1358
711 1363 2261
3300 2260 1362
1363 2278 1361
1360 712 1362
1366 1003 2263
3302 2280 1366
1005 1364 1365
1370 42 1368
713 5215 1367
40 1370 3299
1367 5214 1369
3332 1728 2270
2268 5221 3311
1375 1675 4376
1375 4373 3336
1373 1374 3318
1377 3284 2172
1356 1376 2256
1380 723 1379
715 2281 1378
712 1378 2277
1382 1384 4188
1386 1381 2283
1385 3288 1384
1381 2286 1383
717 1383 2288
2287 1382 3334
2083 1390 1388
3359 3357 1387
1390 2243 3361
1253 1389 1387
1357 2311 1392
3842 1353 1391
718 2241 1394
2306 2314 1393
1398 1419 1396
3369 3422 1395
367 1398 3421
734 1395 1397
735 3370 1400
1401 845 1399
846 1400 2318
736 2322 -1
1404 290 2321
2325 733 1403
1410 -1 1406
739 1407 1405
1406 2316 1411
-1 1410 1409
736 1408 2330
1405 1411 1408
1410 1407 2331
737 1414 1413
1415 1416 1412
1412 2328 1415
2329 1413 1414
1413 3375 1417
289 1416 1418
1419 734 1417
1395 1418 3374
744 1423 1421
295 1420 1424
864 1425 1423
1420 1476 1422
1425 748 1421
1527 1424 1422
2332 105 1427
765 1428 1426
1427 763 2336
768 1433 2334
98 1431 1432
1430 97 2333
1433 1451 1430
1429 766 1432
1436 781 2349
1438 1436 3402
1435 3376 1434
2337 1438 -1
1437 1435 2339
850 -1 3379
1441 790 1447
1443 783 1440
1445 365 1443
782 1441 1442
1446 786 2344
1442 1447 4402
788 1444 1447
1445 1440 1446
1449 795 1450
2354 1448 2347
1196 3395 1448
1432 1452 2353
796 2355 1451
1456 341 1454
803 1458 1453
813 1456 1457
1455 811 1453
1455 1458 4398
1457 1454 1463
842 1465 1460
1461 339 1459
1463 803 1460
4400 1463 1464
1462 1458 1461
1465 366 1462
1459 844 1464
1467 341 1469
1468 804 1466
805 1467 1470
359 1470 1466
731 1468 1469
3390 785 1472
808 3393 1471
825 1475 2367
282 2363 1475
1473 827 1474
1423 1478 1477
1479 2424 1476
1476 743 1480
1484 1477 1481
837 1481 1478
1480 2368 1479
1486 399 1483
2422 1484 1482
1483 1479 1485
1486 1484 2369
1482 1485 3417
370 2379 3424
1489 846 1491
845 1488 1490
1492 1498 1489
852 1492 1488
1491 854 1490
1500 854 1494
130 1495 1493
396 1496 1494
1495 397 1502
374 1498 1499
1490 1500 1497
1501 829 1497
1493 1502 1498
834 1499 1502
1500 1496 1501
847 1505 -1
-1 1505 2384
1504 1503 3389
850 1508 -1
2389 -1 1508
1506 2778 1507
1510 1942 2780
1195 1509 2779
395 1512 1513
851 3425 1511
3427 254 1511
2405 1871 2395
1517 851 1516
1518 2393 1515
2394 2402 1515
2397 1516 1520
1520 129 1523
1518 381 1519
2663 2404 1522
2662 1521 1523
2399 1519 1522
408 2415 2410
864 3748 1527
745 1527 3746
1526 1425 1525
866 4422 2423
3718 882 1530
2432 1531 1529
1530 2434 3722
1185 1533 3710
1532 1182 2687
2445 2428 1536
1536 881 2447
885 1535 1534
5316 3449 3470
2453 2822 1540
1540 2053 2457
644 1539 1538
1214 1544 2056
1543 887 2459
886 1542 1544
2456 1541 1543
69 1546 1550
1545 2825 1547
5260 1548 1546
1550 1547 2460
2462 886 1550
1545 1548 1549
398 1553 3472
1553 861 1555
863 1552 1551
872 2465 1558
1556 1552 1557
3473 1555 4439
861 1558 1555
1557 410 1554
2467 1198 3474
1561 -1 1563
1566 1560 1562
1564 891 1561
1560 142 1564
888 1562 1563
-1 1566 1569
1565 1561 1567
1566 418 1568
419 1569 1567
1568 420 1565
2469 153 3484
1572 27 1573
1574 906 1571
948 1575 1571
1576 1572 1575
1573 1642 1574
1633 1574 1578
1578 949 1629
1641 1577 1576
1580 26 1603
1581 148 1579
1582 445 1580
1604 907 1581
907 1584 1585
1583 1607 1635
1586 438 1583
1632 909 1585
1590 502 1588
1587 447 1589
911 1591 1588
1659 1587 1591
1589 910 1590
1593 22 1596
19 1592 1594
1601 155 1593
21 1656 1596
1597 1592 1595
1602 1596 1598
3490 1597 1657
153 1600 3482
1599 151 1601
1594 1602 1600
1601 1597 3491
1604 1579 1605
1582 1603 1607
26 1606 1603
915 1609 1605
1584 1604 1608
906 1607 1609
1606 917 1608
466 1611 4451
1610 465 3489
2479 32 1613
150 1614 1612
920 2476 1613
1616 919 2474
2477 921 1615
1618 2486 1619
932 1617 1620
929 1621 1617
461 1618 1621
1619 930 1620
1623 2480 -1
1624 1622 -1
4465 1623 1625
1624 469 1626
2484 1627 1625
1626 4483 4464
950 1631 1629
1633 1577 1628
908 1632 1631
1628 940 1630
1586 1635 1630
1576 1629 1634
906 1633 1635
1632 1584 1634
-1 1638 1637
469 1636 2485
1636 942 2482
1640 943 2487
944 1639 4471
4487 1578 1642
1575 1643 1641
1642 944 2493
2494 3522 1647
2495 1647 1646
2510 3554 1645
1644 2509 1645
961 2540 4545
476 1650 2537
1653 2535 1649
3619 2530 3563
1653 474 2559
1730 1650 1652
999 1655 1656
1654 997 1659
1657 1595 1654
1598 1656 1658
4453 1657 1659
1655 1590 1658
1662 1043 1661
1666 1664 1660
1672 1660 1663
1664 196 1662
1661 1002 1663
548 1667 1666
1669 1661 1665
2592 1671 1665
516 1669 1670
1002 1666 1668
1671 1033 1668
1035 1670 1667
1674 1662 1673
1007 2541 1672
1042 1672 2543
1373 3320 1676
2542 1009 1675
2548 1679 2547
1680 1692 2546
1677 1010 1680
1015 1678 1679
1682 1011 2550
1012 1681 2552
1685 2545 1684
1694 1689 1683
2554 1683 1687
3613 3572 1687
1685 1689 1686
1689 1013 3612
1687 1684 1688
1691 2582 1693
1019 1690 1692
1678 1691 1694
1034 1694 1690
1693 1684 1692
4554 2588 2609
485 2569 1697
2573 522 1696
1023 1773 3592
1114 3596 1771
598 1701 1702
1028 1704 1700
524 1700 1703
1704 527 1702
1701 1030 1703
1706 1709 -1
-1 2577 1705
2578 -1 1708
1707 530 4558
1705 1711 1710
2581 1031 1709
1709 2579 2580
1714 3609 3638
3641 1100 1714
1032 1712 1713
1033 2584 1716
3646 1036 1715
2585 1020 1719
1036 2587 1720
535 1720 1717
544 1718 1719
2589 4557 1722
1039 1723 1721
1722 1041 2586
2590 548 1725
1043 3313 1724
1727 3305 1728
2496 1726 2276
1371 2275 1726
3623 2594 4527
1653 2595 2531
3629 2533 2556
1739 1060 1735
1734 555 1741
1735 1055 1733
1057 1734 1732
1061 1739 1737
1738 1063 1736
1062 1737 1740
1732 1741 1736
55 1738 1741
1739 1733 1740
572 1743 1745
1751 1744 1742
1075 1746 1743
1746 225 1742
1744 1074 1745
223 1748 1749
1758 1751 1747
1750 56 1747
1752 1067 1749
1748 1743 1752
1066 1750 1751
1072 1754 -1
1756 -1 1753
1070 1756 1758
1755 1754 1764
1075 1758 1763
1757 1748 1755
574 1762 2602
1072 2603 1764
1762 1075 1763
1074 1761 1759
1757 1764 1761
1763 1756 1760
2574 1767 1766
1769 1087 1765
1765 2571 1768
583 1769 1767
1086 1766 1768
1104 2608 1772
1699 1773 2607
1773 1025 1770
1771 1698 1772
1776 1105 1775
3600 2610 1774
3604 1774 1778
2611 1019 1779
1779 1017 1776
1016 1778 1777
2094 1781 1782
1115 3085 1780
1783 1116 1780
2617 1782 3084
1124 2613 1785
611 1784 1786
1787 713 1785
2265 1786 2612
1123 4385 1789
3367 1124 1788
1129 1791 1792
1132 1794 1790
1793 1134 1790
1200 1792 1794
1791 1133 1793
1130 1800 1796
618 1795 1797
1798 1815 1796
2620 1797 1799
1801 2820 1798
1795 1129 1801
1134 1799 1800
1803 1136 1804
1138 1802 1806
1802 1332 1805
1321 1806 1804
1141 1803 1805
1818 1812 2618
1154 2616 1811
1812 1814 1820
1821 1144 1811
1808 1812 1810
1811 1807 1809
1815 2621 1814
1809 1818 1813
1797 1813 1816
1817 2133 1815
2131 1816 1819
1814 1807 1819
4099 1817 1818
1821 1809 2619
1810 1820 2622
3658 1153 1823
652 1824 1822
1823 1288 1826
1827 1157 3657
1289 1827 1824
1826 1286 1825
1831 1286 1829
1297 1830 1828
621 1832 1829
1157 1828 1833
1155 1833 1830
1832 1154 1831
2632 -1 1836
1160 1836 -1
1835 3664 1834
1839 632 1838
1158 1843 1837
1840 1189 1837
1924 1839 1842
2636 1190 1842
1840 1843 1841
1842 1838 2646
1846 2722 2635
1159 2657 2634
2725 1844 2658
1848 2626 1849
1170 1847 2638
2623 1850 1847
1849 2633 2639
2645 1158 2649
-1 1853 2654
1852 2641 2653
2656 1160 -1
386 1856 2661
1162 5311 1855
-1 1860 1859
1859 1167 -1
1166 1858 1857
1857 2664 2625
648 1864 1862
1863 2065 1861
1865 1172 1862
2070 1865 1861
1864 1242 1863
2668 3728 -1
4574 3696 2669
3697 3681 2676
1184 2692 1870
1871 1881 1869
2691 1514 1870
3704 1885 1873
1187 1874 1872
1873 1892 3707
1171 2693 2408
1877 1884 1887
1894 1876 1878
1895 1877 1879
1888 1183 1878
2699 1184 1881
1870 2698 1880
1886 2703 1884
1884 1187 1885
1876 1883 1882
1872 1886 1883
1184 1882 1885
1888 1876 2706
1879 1887 1905
2707 1898 1904
2640 1891 2702
1899 2705 1890
1874 2709 3680
2715 1185 2713
2711 1877 1895
1894 1878 2714
1897 633 3725
632 1896 2727
1889 1899 2718
1898 1891 1901
2723 2719 2728
2720 1899 2732
1183 1905 1903
1907 1913 1902
1905 1889 1906
1888 1904 1902
2716 1907 1904
1908 1903 1906
1913 1907 1909
1188 1910 1908
1909 1918 1911
1194 1938 1910
1937 631 1913
1903 1908 1912
637 1917 1915
633 1914 1916
1918 1188 1915
1914 639 1918
1910 1916 1917
1189 1920 1922
1919 1925 1921
3732 1923 1920
1923 636 1919
1921 2671 1922
1925 1840 1926
1920 1924 2737
1190 2736 1924
2739 1931 1928
1927 634 2969
416 1935 1930
1931 1192 1929
1927 1930 1932
1936 1194 1931
1935 414 1934
630 1937 1933
1936 1929 1933
1932 1935 1938
1912 1938 1934
1937 1911 1936
2740 3738 -1
2774 1941 2385
1940 1962 2783
1509 2750 1943
1944 1197 1942
3398 1943 2752
741 1947 1946
4404 1196 1945
1945 742 4406
1950 745 2756
2757 1954 1952
742 1948 1951
1952 3397 1950
1197 1951 1949
1197 1954 1960
1949 2759 1953
1198 1956 3760
1955 1958 2761
2832 3768 1958
1956 2468 1957
2826 2831 2466
1953 3753 2781
1962 2769 2418
1941 1961 1963
2419 1964 1962
1963 2417 2782
2785 1967 2789
1969 1968 1967
1965 1966 3779
1966 2765 2793
1970 1966 2787
2766 1969 1973
2786 2746 1972
4635 1973 1971
1972 2416 1970
640 1975 2798
2790 2802 1974
5338 1224 2801
1978 1224 1980
1979 1201 1977
1204 1978 1981
1982 1981 1977
1980 2807 1979
1986 1980 1983
1225 1984 1982
1983 3795 1985
1220 1986 1984
1985 1221 1982
1998 1990 1988
2806 1231 1987
1991 2003 1993
1994 1987 1992
1206 1989 1992
1990 1997 1991
2001 1994 1989
2810 1990 1993
2052 646 1996
1995 1146 1997
1992 1998 1996
1997 1987 1999
1231 2051 1998
1203 2001 2811
2000 1993 2004
2003 1205 2006
1989 2002 2004
2005 2001 2003
2812 2004 2007
2007 2002 3785
2005 2006 2816
1213 2009 2990
2008 1209 3789
-1 2012 3820
2844 2852 2849
2010 2853 3803
3880 4765 2869
2870 -1 4799
2021 2017 2880
2017 2019 2883
2015 2016 2887
4766 2882 2889
2016 2021 2890
2021 2878 5989
2015 2020 2019
3796 2841 2850
2025 636 2024
1228 2027 2023
638 2023 2026
2028 2042 2025
2024 3692 2028
2043 2026 2027
2030 -1 2906
2907 2029 2917
2905 3907 2918
2925 -1 2922
4847 2034 3902
4838 2929 2033
2036 3918 3944
3923 2035 3949
2957 626 2038
1177 2039 2037
2038 1179 2954
2968 1229 2949
2962 2938 2967
2026 2044 2970
2044 2028 2678
2976 2042 2043
2948 2956 2966
2955 1175 2984
3966 2947 3006
4008 1233 2049
1238 2050 2048
2049 1235 2052
2052 1999 4007
1995 2051 2050
1539 2054 2055
1233 4009 2053
2056 2455 2053
1541 2055 2057
1215 2056 2986
2059 2061 2060
3005 2058 4016
2449 4017 2058
2058 2062 2440
2061 3004 2991
2064 1241 2065
2958 2063 2066
1862 2066 2063
626 2064 2065
881 2068 2996
1242 2997 2067
2070 649 3001
2998 1864 2069
1243 2072 3011
2071 1244 2073
2074 2072 3002
4032 2073 6012
4031 2108 2076
1249 3013 2075
2078 1243 3012
3014 1249 2077
1254 3016 2080
263 2079 2081
2082 1252 2080
1250 2081 3020
2084 1387 3365
3017 1253 2083
278 3024 2086
4386 1122 2085
2234 2088 2091
1259 2089 2087
2088 1260 2090
3028 2092 2089
2092 3267 2087
2090 1303 2091
1264 3026 2094
2096 1780 2093
1260 2097 3025
2097 604 2094
2095 1258 2096
4074 2099 4910
2098 3059 3037
1284 6055 2102
1267 3040 3044
2100 4061 3043
3047 4349 2104
1266 3049 2103
3036 3060 4920
5622 3034 3070
4088 3065 3069
2075 5616 3079
1284 3081 2110
3076 2109 2111
4942 1285 2110
1294 2114 2118
665 2116 2114
2112 1291 2113
2116 4940 2117
1285 2115 2113
1299 2118 2115
2117 1296 2112
1309 2123 2120
2121 -1 2119
672 2120 2122
268 2121 2123
2119 1311 2122
232 2125 2127
2124 235 3092
3083 230 2127
2124 2128 2126
2127 4093 3094
1315 2130 3088
2129 2135 3086
2137 1817 4100
2134 618 2133
1816 2137 2132
2135 1313 2132
2130 2134 2136
2137 4105 2135
2131 2136 2133
3096 2144 4111
3100 2143 2140
2141 4631 2139
3745 2140 2745
2744 2143 -1
2142 2139 2145
2138 -1 2145
2143 3101 2144
2147 641 2149
2148 2791 2146
2147 2149 5327
2148 2146 3103
2152 1127 5640
3105 73 2152
1125 2150 2151
4136 4132 4975
3109 2155 4137
2154 1335 3113
1335 4115 2162
2184 2158 5302
2157 952 2159
1336 2161 2158
2161 1337 3108
5303 2159 2160
2156 2163 3114
2162 3118 3120
3119 3116 -1
-1 3124 4123
1348 -1 3133
710 4180 4175
5022 1347 3163
1340 2170 3147
3153 2169 3524
3143 3152 4505
3159 1376 3155
3162 2189 2174
2173 1341 2175
3146 3165 2174
3170 3262 3198
3174 1343 3179
1345 2179 3180
2178 4251 2180
5113 2181 2179
2180 3184 3178
953 2184 2183
2185 1346 2182
2182 2157 2508
2186 2183 2507
2191 2185 2187
2504 2188 2186
2187 1341 2189
2173 2190 2188
2189 1339 2191
1346 2186 2190
1348 5102 -1
4229 2194 2197
2193 4219 2195
2199 2198 2194
5091 4230 3185
2193 2198 4224
2197 2195 3193
3192 2195 2200
4217 5114 2199
2202 2203 3203
2207 2201 3200
2201 5108 3195
5107 2207 2205
2206 5084 2204
3261 2205 3199
2204 2202 3197
3167 5121 2210
2210 3161 3166
1339 2209 2208
3208 -1 2213
2213 4263 3210
2222 2212 2211
-1 3209 3216
2218 3226 -1
3181 3220 2217
2218 -1 2216
2215 2217 2221
4231 4256 2220
2221 3219 2219
2218 2220 3225
3235 2213 -1
3234 -1 3227
4276 4215 3249
4327 6122 2226
4309 4329 2225
3268 670 2228
1349 2229 2227
2228 3270 3264
3269 1349 2232
2233 1266 4348
2230 1281 2233
3039 2231 2232
2248 2087 3266
2249 2237 3280
262 2238 2237
2235 2245 2236
264 2239 2236
1350 3281 2238
2305 2241 2251
2240 1393 2242
2241 718 2243
1389 2244 2242
2243 1255 2245
2237 2252 2244
663 2248 2247
3279 1350 2246
2234 3276 2246
2252 2235 2250
3271 2310 2249
2240 2252 2309
2251 2245 2249
3140 5209 4355
3295 2255 3290
2254 1359 2256
1377 3287 2255
1357 3296 2259
2300 2259 3292
2258 2313 2257
2261 1361 3654
1360 2260 2297
194 3298 2263
4369 1364 2262
3653 4371 2265
5216 1787 2264
3331 2269 2268
2268 2272 3326
1372 2267 2266
2266 2270 4548
2269 1371 3309
2273 3312 3317
2267 2273 3319
2272 2271 3324
714 3330 3335
2276 1728 3341
1727 2275 3347
1380 2281 2278
1362 2277 2279
2280 3301 2278
1365 2279 4377
2277 1379 3351
714 2283 2284
1382 4191 2282
2285 3342 2282
5696 2284 4190
2288 1384 2287
1386 2289 2286
1385 2286 2290
2287 3337 3352
3353 715 2288
3291 2295 2292
2293 2301 2291
2296 2292 2294
2295 711 2293
2291 723 2294
2299 2293 2297
2261 2298 2296
2297 3651 3355
2302 2296 3356
2303 2258 2301
2292 2302 2300
2301 2299 3360
2315 2300 3363
3358 4387 3366
2306 2240 2308
1394 2305 3844
3847 2308 4757
2307 2305 2309
2251 2310 2308
2309 2250 2860
2312 1391 2313
3845 2311 2314
2259 2315 2311
1394 2312 2315
2313 2303 2314
1407 2317 3372
2316 740 2318
1401 3368 2317
-1 2322 2320
2321 87 2319
2323 1403 2320
2319 1402 2323
2326 2321 2322
2328 738 2325
1404 2326 2324
2325 2323 2327
2326 736 2328
1414 2324 2327
3371 1415 2330
1409 2331 2329
2330 1411 3373
1426 2336 2333
2334 1431 2332
1429 2333 2335
307 2334 2336
2332 1428 2335
3377 1437 -1
-1 2339 2341
2338 1438 2340
3401 3381 2339
3380 -1 2338
2343 101 2350
3387 311 2342
3394 1444 2345
2344 325 2346
784 3391 2345
1449 4410 2348
2357 2347 2349
3400 1434 2348
2351 2342 2352
3384 2350 2360
2350 98 2353
1451 2361 2352
2355 1449 2357
2361 1452 2354
781 2358 2357
2354 2348 2356
4395 2359 2356
3385 2360 2358
2351 2361 2359
2360 2353 2355
357 2364 2363
2367 1474 2362
2362 355 2365
360 2366 2364
361 2367 2365
1473 2363 2366
1481 3405 2369
3413 1485 2368
3418 3412 2373
2375 400 3414
2373 372 2374
2370 2380 2372
364 2375 2372
401 2371 2374
2377 367 3419
2381 841 2376
2379 372 2380
2382 1487 2378
2373 3409 2378
2377 2382 2383
2381 3420 2379
841 2381 3408
1504 5234 -1
1940 2386 2772
2385 3741 2742
2388 2741 -1
2770 2387 2390
-1 1507 2390
2777 2388 2389
2392 2690 2400
2396 2391 2393
2394 1516 2392
1517 2393 2401
1514 2396 2398
2395 2392 2397
1518 2399 2396
2399 2403 2395
1523 2398 2397
2401 2391 3709
2394 2400 5236
1517 4415 3426
2398 2404 2405
2403 1521 2407
2406 1514 2403
2408 2697 2405
2404 3669 2408
1875 2406 2407
2410 2413 3434
1524 2409 2411
134 2410 2412
4420 865 2411
2409 2415 3437
2415 411 3756
2413 1524 2414
1973 2417 2767
2416 1964 2420
2419 1961 3752
1963 2418 2420
2421 2417 2419
2768 2420 3440
2424 1483 2423
1528 2426 2422
1477 2422 2425
2426 864 2424
2423 2427 2425
2426 4423 3441
1534 2429 2431
2437 2436 2428
882 2431 2432
2430 885 2428
2435 1530 2430
877 2434 4437
1531 2435 2433
2432 2436 2434
2435 2429 3446
3447 2429 3453
3454 2443 2439
3792 3459 2438
2061 2441 2450
2440 4014 2442
3791 2443 2441
2442 2438 2451
2452 3452 2445
1534 2448 2444
2995 2449 2447
2448 1535 2446
2452 2445 2447
2446 2060 2450
2440 2451 2449
2450 2443 2452
2444 2448 2451
1538 2454 3458
3461 2453 2458
2055 2456 2457
1544 2459 2455
2458 1539 2455
3466 2454 2457
2456 1542 3465
2463 1548 3475
2684 887 2462
1549 2463 2461
2460 2464 2462
2463 3476 2681
4440 1554 4592
1959 2468 5261
1559 5262 2468
2466 1958 2467
1570 2472 3481
2471 431 3478
2472 897 2470
2469 3485 2471
2474 450 2475
2477 1615 2473
33 2478 2473
2479 1614 2477
1616 2474 2476
35 2479 2475
1612 2476 2478
1622 3494 3493
951 2483 2482
2485 1638 2481
2481 949 3512
3513 1626 2485
1637 2482 2484
1617 3502 2487
4470 1639 2486
3548 5671 4475
3505 2516 5277
960 3504 2491
5278 3500 2490
3509 4491 4469
4490 1643 4472
4503 1644 2495
2494 1645 3551
2498 1727 2497
3516 2499 2496
2500 3304 2496
2497 3519 2500
3615 2498 2499
3521 3518 4496
3526 3529 2503
5824 2514 2502
2505 2187 2506
1342 2504 4519
3531 2504 2507
2185 2508 2506
2507 2184 3528
2512 1647 4514
1646 2512 3545
2512 5292 3541
2509 2511 2510
5295 2514 3542
2513 2503 3537
2520 5273 2516
2489 2518 2515
2522 2521 2518
2516 4479 2517
3549 4474 2520
2515 2521 2519
2520 2517 2525
2525 2517 2523
2526 2524 2522
4529 3553 2523
4522 2521 2522
4526 2523 5285
2530 3621 3557
4546 2538 2529
2536 2530 2528
2529 1651 2527
1730 2534 3562
2533 3630 3564
1731 2532 2534
2531 2599 2533
2537 1650 3560
3561 2529 2538
1649 2535 2539
2528 2540 2536
2540 962 2537
2538 1648 2539
2543 1673 2542
1676 3323 2541
1674 2541 2544
3325 3316 2543
1683 3579 2546
2547 1678 2545
1677 2546 3582
2549 1677 3568
1010 2548 2550
3565 1681 2549
966 2552 2553
1682 3567 2551
2557 474 2551
3580 1685 3570
2563 2556 2567
2555 1731 2600
2553 2558 2559
2557 3566 3590
2596 1652 2557
3571 5225 2561
2565 3577 2560
2566 2565 2563
5306 2555 2562
2565 5217 3585
2561 2564 2562
3578 2562 2567
2555 2568 2566
2567 2598 3586
2576 1696 2570
2569 579 2571
1767 2575 2570
526 2573 3594
1697 2576 2572
2575 1765 3593
2576 2571 2574
2569 2575 2573
1706 2578 2579
1707 3599 2577
1711 2577 3598
2581 1711 3602
1710 2580 3610
1690 3642 2583
2584 1034 2582
3645 1715 2583
1717 2587 2586
2589 1723 2585
2585 1718 3648
1695 2589 3647
1721 2586 2588
1724 5817 2591
548 2590 2592
2593 1667 2591
1013 2592 3611
4499 1729 3618
2599 1730 2596
2559 2597 2595
2596 3591 2598
2568 2600 2597
2534 2595 2600
2598 2556 2599
575 2602 2604
1759 2603 2601
2602 1760 2605
2605 594 2601
2603 1073 2604
3637 1108 2607
1771 2608 2606
2607 1770 3639
2610 1695 3644
2611 1775 2609
1777 2610 3643
1787 2613 3652
2612 1784 2614
4391 3649 2613
2616 1156 2617
2618 1808 2615
2615 1783 4103
1807 2616 4102
3782 1820 2621
2621 1798 3783
1813 2620 2619
1821 4659 3656
2630 1849 2626
2625 3673 2629
1860 2624 2627
1847 2627 2623
2626 1166 2625
3675 2631 2629
2630 2624 2628
2623 2629 3665
2628 -1 2632
2631 1834 3662
1850 3667 2731
1845 2635 3666
2634 1844 2730
1841 2648 -1
2695 1171 2638
1848 2639 2637
2638 1850 2735
2734 1890 2694
1853 -1 2643
2644 2643 -1
2642 2650 2641
2645 2642 2647
1851 2644 2646
2648 1843 2645
-1 2648 2644
2647 2636 2646
2650 1851 2651
2643 2649 2653
2649 2724 2652
2659 2653 2651
2652 1853 2650
1852 2659 2655
2656 -1 2654
1854 2655 2657
2658 1845 2656
1846 2657 2659
2654 2652 2658
129 2661 2662
1855 5309 2660
2663 1522 2660
3668 1521 2662
3672 1860 -1
2926 3685 -1
2667 1180 4572
2668 -1 2666
1866 2667 2673
2674 1867 2670
1228 2671 2669
1923 2672 2670
2671 3733 2673
2668 2674 2672
2673 4573 2669
2933 4585 2676
3687 1868 2675
2973 2678 3689
2677 2043 3693
4595 871 4600
4604 2682 3703
2684 2464 3702
2680 5317 2683
3471 2685 2682
2461 2681 2685
2683 3468 2684
1182 4434 4608
3713 1533 4611
3712 2689 4620
2688 4612 4601
2391 2691 3708
1871 2692 2690
2691 1869 3705
2697 1875 2695
2695 2640 2696
2637 2694 2693
2701 2698 2694
2406 2693 2698
2696 1881 2697
1880 2701 2700
2702 2704 2699
2699 2696 2702
1890 2700 2701
1882 2704 2706
2700 2705 2703
2704 1891 2707
2707 1887 2703
1889 2706 2705
2709 2712 3711
4623 1892 2708
1187 2711 2712
1894 2713 2710
2708 2710 2713
2711 1893 2712
2715 1895 3715
1893 2714 3719
3724 1906 2718
2721 3726 2719
1898 2720 2716
2720 1900 2717
1901 2719 2718
2727 2717 2723
1844 2725 2723
2721 1900 2722
2651 2726 2725
2722 1846 2724
2724 1158 2727
1897 2721 2726
1900 2729 2730
2728 2733 2731
2731 2635 2728
2633 2730 2729
2733 1901 2734
2729 2732 2735
2640 2735 2732
2734 2639 2733
2737 1926 3727
1925 2736 3731
1191 2739 2985
1927 4001 2738
1939 -1 2742
2387 2743 -1
2743 2386 2740
2773 2742 2741
2745 2142 -1
2141 2744 2749
1971 3734 4637
2748 -1 3739
2749 -1 2747
2745 2748 3743
2752 1942 2751
2750 1195 3382
1944 2750 2753
2754 3396 2752
3399 2753 3383
3750 2758 2757
2757 1948 3747
1949 2756 2755
2755 2760 2759
3754 1954 2758
3443 4640 2758
2762 1956 3769
5333 2761 2763
3770 3773 2762
3775 4427 5329
1968 2766 4431
2765 1970 2767
2416 2768 2766
2767 2421 4433
1961 2775 4646
2773 2388 2771
2776 4650 2770
2385 2773 2774
2772 2743 2770
2775 1940 2772
4651 2769 2774
4649 2771 2777
2776 2390 2778
1508 2779 2777
1510 2780 2778
2779 1509 2781
1960 4648 2780
1964 4636 2783
2784 1941 2782
4633 3742 2783
1965 3737 2787
1971 2787 3736
2786 1969 2785
2803 2790 2789
2792 1965 2788
2788 1975 2791
2147 2792 2790
3735 2789 2791
2794 1968 3777
3780 2793 2795
2796 3765 2794
3771 2795 3772
2799 1200 2798
1974 2802 2797
1199 2797 2800
1201 2799 2801
2805 1976 2800
2798 1975 2804
2804 2788 3778
2805 2802 2803
2801 2804 5339
1988 2810 2808
1981 2808 2809
1232 2806 2807
2810 1204 2807
2806 1994 2809
2000 2812 2813
2811 2005 2815
2814 1199 2811
1200 2813 2815
2812 2818 2814
2007 2819 2818
2821 1134 2818
2815 2816 2817
2821 2816 3786
1799 2821 3784
2817 2819 2820
1538 3794 2823
2824 644 2822
643 2823 3790
1546 2827 2826
2833 1959 2825
2825 69 2828
1218 4665 2827
3766 2832 2830
2834 2835 2829
2832 1959 2833
1957 2831 2829
2826 2834 2831
2833 4666 2830
2830 4663 5346
3798 2842 2854
2841 2855 2838
4826 2839 2837
2838 5362 2840
2902 2841 2839
2840 2022 2837
2836 3800 5356
2847 2844 3804
2843 2011 2845
2895 3805 2844
3807 -1 3896
3816 2843 -1
2851 2896 2849
2011 5376 2848
2022 2851 5375
2850 2901 2848
5373 2011 3818
3239 2012 -1
2856 2836 5353
2837 2856 4823
3797 2854 2855
2859 4713 4334
5035 2859 4337
5874 2857 2858
4755 2310 3273
3272 2862 3857
2861 3277 2863
2862 3263 2864
4340 3863 2863
2911 2868 3905
2868 2910 4767
3956 2868 4773
2867 2865 2866
2871 2013 2913
3866 2014 3878
2869 3867 3879
-1 3868 3871
2909 3872 2874
3869 2914 2873
4785 5947 4047
3891 3815 2879
2886 3889 2881
2020 2880 3888
2881 2876 5371
2878 2015 2881
2877 2879 2880
2018 3881 2883
2884 2016 2882
2885 2883 3877
2887 2884 4781
4780 2877 2887
2017 2885 2886
2890 5990 4764
4762 2018 2890
2019 2888 2889
3814 2892 2903
2891 2893 2900
2892 3892 2894
2893 3811 2898
2897 2845 2896
2848 2899 2895
2898 3893 2895
2894 2897 2900
2904 2900 2896
2899 2892 2898
2851 2902 2904
2901 2840 5361
2891 2904 5358
2903 2899 2901
3874 2031 2906
2029 3898 2905
2030 3904 -1
3873 2912 2915
2912 2873 2914
2866 2911 2913
2910 2865 2912
2908 2909 2911
2914 2869 2910
2874 2913 2909
2916 2908 3906
3875 2915 3908
4834 2030 2918
2031 2920 2917
4833 2920 6280
2919 2918 3909
3920 2922 3914
2921 2032 2923
-1 3916 2922
-1 2925 2926
2032 4840 2924
3933 2665 2924
3903 2929 -1
3915 -1 2929
2927 2034 2928
4583 3930 3925
3922 2932 3928
2931 3919 3924
3931 2675 3936
3937 2935 3950
2934 2940 3952
2937 3977 3990
2961 2936 2938
2041 2937 3962
2940 3939 5563
2935 2939 2941
3964 2978 2940
3942 5994 4853
2944 6009 4854
5561 2943 6285
4857 3912 2946
4783 4050 2945
2047 3961 4879
3973 2045 2963
2964 2040 2951
1229 3967 2951
2952 2949 2950
3974 2951 4866
1239 2959 4870
3969 2039 2955
2046 2956 2954
2955 2045 3972
2037 3970 2958
2959 2064 2957
4865 2953 2958
2965 2961 2963
2960 2937 2962
2041 2964 2961
2964 2948 2960
2949 2963 2962
3978 2960 2966
2045 3994 2965
2968 2041 3981
2040 2967 4860
4002 1928 2970
2042 2971 2969
2970 3984 3999
2983 3980 2977
2976 2677 2974
3690 2975 2973
4581 2977 2974
2044 2973 3985
2972 3987 2975
2941 2980 2979
3988 2982 2978
3963 3991 2978
3927 3951 2982
2979 4578 2981
3993 2972 4582
3995 2046 2985
2738 3998 2984
2057 4010 2987
2988 1222 2986
1221 2987 2989
4006 1232 2988
2008 4011 2992
4015 2062 2993
1208 2990 2994
1244 2994 2991
2993 1246 2992
4018 2446 2996
2067 2999 2995
2999 2068 2998
2070 4019 2997
4872 2996 2997
1230 4022 3001
4020 2069 3000
5569 2073 3003
3002 1244 3004
2062 3005 3003
3004 2059 5568
3007 2047 4023
3968 3006 4025
3009 1239 4028
3010 1230 3008
6042 4021 3009
2071 4033 3012
5585 2077 3011
6403 2076 3014
2078 5586 3013
5590 3045 4041
3020 2079 3017
2084 3018 3016
3017 3364 3019
3018 3022 3020
2082 3016 3019
3023 1257 3022
3019 4380 3021
1256 3021 3024
4381 2085 3023
2095 3026 3028
3025 2093 3030
1304 3028 3029
3027 2090 3025
3030 668 3027
3026 1263 3029
4037 3035 4791
3035 4038 3033
3032 3048 3034
2106 6070 3033
3031 3032 6071
3037 2105 4044
4046 2099 3036
4055 5597 4885
3040 2233 3041
3043 2101 3039
1280 3042 3039
3080 3043 3041
2102 3040 3042
2101 4062 3057
3015 3046 3052
3045 4898 3047
2103 3051 3046
3033 4043 4936
3051 2104 3050
3056 3054 3049
3052 3047 3049
3045 3051 3053
3054 4042 3052
4934 3053 3050
3056 1267 3057
4066 3050 3055
3044 4064 3055
4918 3060 3063
2099 4073 3060
3058 2105 3059
4079 4068 3063
3063 4072 4082
3058 3062 3061
4065 3066 3065
2107 3064 4928
3064 4059 3067
6053 3068 3066
3067 4067 4929
3073 2107 4924
3071 2106 4937
4084 3070 3072
3073 4080 3071
3069 3072 4086
3075 1284 3076
3079 6060 3074
3074 2110 3077
1274 3078 3076
3077 1275 3079
2108 3075 3078
3081 3042 4091
4943 2109 3080
3085 1115 3083
2126 3095 3082
1783 3085 3093
3084 1781 3082
4096 2130 4106
273 3088 3089
2129 4097 3087
3091 605 3087
719 3091 3092
3090 722 3089
4095 2125 3090
3084 3095 4098
3095 2128 4108
3093 3083 3094
2138 3098 -1
-1 3098 5646
3097 3096 4109
5326 3104 3102
3101 2139 5324
2145 3100 3102
3099 4110 3101
3104 2149 3105
3099 3103 5637
2151 5635 3103
4120 3173 3107
3117 4116 3106
3112 2160 3109
3108 2154 3110
4974 3111 3109
3112 3110 3132
3108 3111 4521
4135 2155 3114
2162 4121 3113
-1 3116 4126
3115 2164 3118
3118 3107 4125
2163 3117 3116
3120 2164 4127
4122 2163 3119
3122 3126 -1
3123 3121 4113
4138 3122 4130
2165 3125 4948
-1 3126 3124
3125 3121 4139
3129 3130 4968
-1 3129 4142
3128 4960 3127
3127 4958 4150
5297 3132 4155
3131 3111 4971
2166 3134 3171
3133 -1 4953
4174 3137 4172
5023 4195 5029
3135 5042 3138
3139 5048 3137
5044 5028 3138
3141 2253 4179
5208 3140 4181
3149 4187 5689
5046 2171 3144
4506 3145 3143
3144 4492 4184
6320 2175 3147
2169 3151 3146
4176 5677 3150
3152 3142 3150
3148 3151 3149
3150 3147 3153
3153 2171 3149
2170 3152 3151
4361 4178 3156
3157 2172 3285
3157 3154 5692
3155 3156 4186
3286 3159 4189
2172 4193 3158
5054 4246 3161
2209 3162 3160
2173 5056 3161
4196 2168 4199
3168 4247 5052
5057 2175 5005
3167 2209 4245
2208 3166 4204
3164 4201 4243
1347 3170 4200
2176 4244 3169
3133 3172 6083
3171 4954 3177
3106 3174 3176
2177 3175 3173
6084 3177 3174
3177 4124 3173
3175 3172 3176
3180 2181 5066
5067 2177 3180
2178 3178 3179
3183 2216 -1
-1 4221 3183
3186 3181 3182
2181 4218 5064
2196 3223 3187
3222 3183 3188
3188 5093 3185
4222 3187 3186
4254 4232 4227
3191 3202 3196
3192 5117 3190
2199 3191 3194
4237 2198 3194
3192 3196 3193
2203 4238 3196
3194 3190 3195
3199 2207 5061
4242 2176 3199
2206 3197 3198
2202 3203 3201
4250 4203 3200
3190 4249 3203
3200 2201 3202
4265 3228 3205
3206 5079 3204
3232 4260 3205
-1 3217 3242
2211 3210 3209
3211 2214 3208
3208 2212 5127
3214 3209 5128
4293 4268 5733
4267 5736 4270
3216 3211 4271
3217 -1 3216
2214 3214 3215
3207 3215 3218
4269 4296 3217
2220 3220 3221
3219 2216 3222
3223 4234 3219
3186 3223 3220
3222 3185 3221
3225 4257 3229
2221 3224 3226
2215 3225 3227
3230 2223 3226
3232 3204 4274
3230 3224 3231
3227 3229 3236
4258 3232 3229
3206 3228 3231
3235 -1 3234
2223 3236 3233
2222 3233 4273
3230 4275 3234
-1 3244 5147
3239 -1 4290
2853 3238 4681
4297 4301 3242
-1 3242 4303
3241 3207 3240
3246 4295 4311
3237 5746 3245
4300 5144 3244
4302 3243 3247
5159 6104 3246
4298 5160 6108
2224 3250 4326
3249 4216 4322
5180 5189 3254
3254 5187 3257
5183 3254 4284
3253 3251 3252
4328 3256 3257
4308 3258 3255
3258 3252 3255
4285 3257 3256
3260 5725 3261
5027 3259 3262
3259 2206 3262
2176 3260 3261
2863 3265 3264
3268 2229 3263
3278 3266 3263
3265 2234 3267
2091 3268 3266
2227 3264 3267
2230 4347 3270
2229 3269 4341
3273 2250 3282
3283 2861 3274
3275 2860 3271
3860 3275 3272
3853 3273 3274
3279 2248 3278
2862 3283 3278
3276 3265 3277
2247 3276 3281
2235 3281 3282
3280 2239 3279
3283 3271 3280
3272 3282 3277
1376 4356 3285
4362 3155 3284
3287 3158 3288
3290 2256 3286
1383 3289 3286
3288 716 3290
2254 3287 3289
3294 2291 3292
2258 3296 3291
3295 716 3294
723 3291 3293
3296 2254 3293
3292 2257 3295
3298 76 3299
4367 2262 3297
1369 4368 3297
4372 1361 3301
2279 3302 3300
1365 4370 3301
4550 3308 4563
2498 3614 3307
1726 3307 3309
3308 4551 3310
3304 3308 3305
3307 3303 3306
3310 2270 3305
4549 3309 3306
3312 1372 5219
3315 2271 3311
5814 1725 3314
3313 1042 3316
3312 5228 3317
2544 3317 3314
2271 3315 3316
1375 3338 3321
2272 3322 3327
3323 1675 3321
3318 3322 3320
3321 3319 3324
3325 2542 3320
3322 2273 3325
2544 3323 3324
3331 2267 3327
3319 3328 3326
3327 3339 3330
3345 3333 3330
3328 2274 3329
2266 3326 3332
1371 3331 3333
3329 3340 3332
3337 1386 3335
2274 3339 3334
3338 1374 3337
2289 3334 3336
3339 3318 3336
3328 3338 3335
3333 3345 3341
3350 2275 3340
2284 3343 3344
3342 4185 3349
3345 714 3342
3340 3329 3344
3348 3517 3347
2276 3350 3346
4183 3346 3349
3350 3343 3348
3341 3349 3347
4378 2281 3353
3353 2289 4374
2290 3352 3351
4389 3358 3355
3356 2298 3354
2299 3355 3357
1388 3356 3358
3354 2304 3357
1388 3361 3360
3363 2302 3359
3359 1389 3362
3361 718 3363
2303 3360 3362
3018 3365 4379
3364 2083 3366
2304 4383 3365
1789 4382 4392
3372 2318 3370
3370 1396 3374
3368 1399 3369
2329 3373 3375
2316 3368 3373
3371 2331 3372
1419 3375 3369
3374 1416 3371
1436 3377 4394
2337 3378 3376
3377 -1 4397
1439 3380 3382
2341 3381 3379
3380 2340 3383
3383 2751 3379
2754 3382 3381
3387 2351 3385
3384 2359 5232
3388 775 3387
2343 3384 3386
3389 849 3386
5233 1505 3388
1471 3393 3391
3394 2346 3390
3393 813 4399
3390 1472 3392
2344 3391 4403
4411 1450 4405
2753 4409 3398
1951 3398 4407
3397 1944 3396
4414 2754 3401
2349 4412 3402
3399 2340 3402
1435 3400 3401
3404 368 3410
3407 839 3403
3411 2368 3406
3405 837 3407
840 3404 3406
2383 3409 3410
3408 2380 3412
3411 3403 3408
3405 3410 3413
2370 3413 3409
2369 3411 3412
3418 2371 3415
136 3416 3414
399 3417 3415
1486 3418 3416
2370 3414 3417
3420 2376 3421
2382 3419 3424
1397 3422 3419
3421 1396 3423
3422 735 3424
1487 3420 3423
3427 1512 3426
2402 3432 3425
1513 3425 3428
3429 622 3427
3431 3700 3428
3433 3701 3431
3429 3432 3430
3431 3426 4416
4417 4619 3430
4421 2409 5244
3438 4652 4428
4429 5243 3437
2413 3438 3436
3437 3757 3435
5245 4432 3440
2421 5246 3439
2427 3445 3749
4426 3443 3444
3442 2760 3751
3445 4424 3442
3441 4419 3444
4438 2436 3447
2437 3451 3446
3469 3449 3463
3448 1537 3450
4436 3451 3449
3450 3447 3456
2444 3454 3453
3456 2437 3452
3452 2438 3455
3462 3456 3454
3455 3451 3453
3459 3793 3458
2453 3461 3457
2439 3457 3462
3461 3464 3463
2454 3460 3458
3463 3455 3459
3448 3462 3460
3460 3466 3469
3466 2459 3467
2458 3465 3464
887 3468 3465
2685 3471 3467
3470 3448 3464
1537 3469 3471
3468 2683 3470
1551 3473 3474
3472 1556 5254
4443 1559 3472
3476 2460 5258
2464 3475 6167
890 3479 3478
3481 2470 3477
3477 896 3480
161 3481 3479
2469 3478 3480
1599 3483 3484
3492 4447 3482
3485 1570 3482
2472 3484 3486
897 3485 4446
3488 900 4448
898 3487 3489
4449 1611 3488
3491 1598 4452
3492 1602 3490
6151 3483 3491
2480 4457 -1
3495 2480 4466
4458 3494 3497
4981 4459 3497
3495 3498 3496
3497 4463 4467
471 3500 3501
2491 4473 3499
3502 933 3499
4468 2486 3501
3508 5279 4161
3505 2490 3506
2489 3504 4477
4542 4478 3504
5268 3508 3509
3507 3503 4482
3510 2492 3507
4480 3511 3509
3510 3514 4489
3513 2483 4488
2484 3512 3514
3511 4484 3513
4495 3520 3516
3515 2497 3517
3346 4493 3516
3520 2501 4504
2499 3520 4502
3515 3518 3519
3522 2501 4510
4515 1644 3521
3524 1340 4517
5290 2170 3523
4520 3530 3526
2502 5296 3525
5821 3529 3528
3531 2508 3527
2502 3530 3527
3525 3531 3529
2506 3528 3530
3540 3536 3533
4169 4992 3532
3536 3538 6161
5301 4166 3536
3532 3534 3535
3542 2514 3538
3534 3540 3537
3540 4991 3543
3532 3539 3538
3544 2511 3542
2513 3537 3541
3544 3539 4993
3541 3543 3545
2510 3544 3546
4994 4531 3545
4164 3548 4524
3547 2488 3549
2519 4523 3548
3555 4530 3551
3552 2495 3550
4500 3551 4525
4535 2524 3555
1646 4532 3555
3553 3550 3554
3622 4537 3558
4547 2527 3558
3556 3559 3557
3558 5281 4543
3561 2535 3562
2536 3560 3563
2531 3564 3560
1651 3561 3564
3562 2532 3563
2550 3568 3567
2558 3567 3569
3566 2552 3565
3565 2548 3583
3584 3587 3566
3576 2554 3572
3573 2560 3575
1686 3573 3570
5227 3571 3572
3581 3576 3588
3576 3571 3577
3570 3575 3574
2561 3578 3575
2566 3589 3577
3582 2545 3580
2554 3581 3579
3580 3574 3584
2547 3579 3583
3584 3568 3582
3569 3583 3581
5307 2564 5223
3589 2568 3591
3569 3588 3590
3574 3589 3587
3588 3578 3586
3591 2558 3587
2597 3590 3586
1698 3596 3593
3594 2574 3592
2572 3593 3595
3596 601 3594
3592 1699 3595
3600 1105 3598
2579 3599 3597
3598 2578 4556
4555 1775 3597
1105 3604 3602
3603 2580 3601
3608 3602 3606
3601 1776 3605
1017 3606 3604
1106 3603 3605
3608 1107 3609
3610 3603 3607
1712 3610 3607
2581 3608 3609
2593 5813 3612
3613 1688 3611
1686 3612 5810
4561 3304 3615
3614 2500 3616
4501 3618 3615
3626 4560 3618
3616 2594 3617
3621 1651 3620
3631 3625 3619
2527 3619 3622
3624 3556 3621
3626 1729 4538
3622 3625 4539
3624 3620 3627
3627 3617 3623
3625 3634 3626
4562 3633 5827
1731 5825 3632
2532 3632 3631
3634 3620 3630
3629 3633 3630
3632 3628 3635
3627 3631 3635
3633 4559 3634
1107 3637 3638
2606 3639 3636
3641 1712 3636
3637 2608 3640
3639 1101 3641
1713 3638 3640
3645 2582 3643
2611 3644 3642
3643 2609 3647
2584 3642 3646
1716 3645 3648
2588 3648 3644
3647 2587 3646
3652 2614 3650
3649 4390 3651
2298 3654 3650
2612 3649 3653
3654 2264 3652
3651 2260 3653
1145 3656 3657
2622 3661 3655
3658 1825 3655
1822 3657 3660
1152 3660 3788
3658 3661 3659
3660 3656 4661
3665 2632 3664
3664 1159 3666
1836 3663 3662
2630 3662 3667
2634 3667 3663
3666 2633 3665
2663 5310 3669
2407 3668 3670
4565 1168 3669
3672 -1 3674
2664 3671 3673
2624 3672 3675
-1 3675 3671
3674 2628 3673
4618 3677 3678
3676 5240 3679
3680 4626 3676
3677 3706 3680
1892 3678 3679
1868 4575 3682
4569 3935 3681
1180 3684 4571
-1 3685 3683
3684 2665 3686
3934 4570 3685
2676 4586 3688
3689 3694 3687
2677 3688 3690
3691 2974 3689
4587 4580 3690
2027 3695 3693
3694 2678 3692
3688 3693 3697
3692 1228 3696
1867 3697 3695
1868 3694 3696
5320 4597 3699
624 3700 3698
3429 3701 3699
3430 5830 3700
3703 2681 6165
2680 3702 6331
1872 3707 3705
3708 2692 3704
3679 5238 3707
3704 1874 3706
2690 3705 3709
5239 2400 3708
1532 3713 3711
4624 2708 3710
3713 2688 4625
2687 3712 3710
417 3717 3715
3716 2714 3714
3720 3715 3718
876 3718 3714
1529 3716 3717
2715 3720 3721
3719 3716 3722
1186 3719 3722
3720 1531 3721
1188 3724 3725
2716 3726 3723
3726 1896 3723
3724 2717 3725
3730 2736 -1
1866 3733 3729
3730 -1 3728
3727 3729 3731
2737 3730 3732
3733 1921 3731
2672 3732 3728
4630 2746 3736
3737 2792 4629
2786 3737 3734
3736 2785 3735
1939 3741 3739
3740 2747 3738
3744 3739 3742
2386 3742 3738
2784 3740 3741
2749 3744 3745
3743 3740 4634
4639 2141 3743
1526 3748 3747
3750 2756 3746
3746 1525 3749
3441 3751 3748
2755 3747 3751
3749 3443 3750
5247 2418 4643
4645 1960 3754
2759 4642 3753
862 3762 3756
3757 2414 3755
3438 3756 4653
3759 398 3760
3762 863 3758
1955 3761 3758
5334 3763 3760
3763 3755 3759
4654 3762 3761
3765 3767 5347
2795 3764 5344
3768 2829 3767
3764 3771 3766
1957 3766 3769
3770 2761 3768
2763 3769 3771
3767 2796 3770
2796 3777 3773
2763 3772 3774
3775 5332 3773
2764 3774 3776
4430 3775 3777
3772 2793 3776
3781 2803 3779
1967 3780 3778
3779 2794 5345
3778 5342 5340
2619 3783 4660
3782 2620 3784
2820 4657 3783
3786 2006 3787
4658 2819 3785
1205 3788 3785
3659 4662 3787
4013 2009 3790
2824 3794 3789
3792 2442 4012
2439 3791 3793
3457 3792 3794
3790 2822 3793
1984 4655 4667
3797 2022 5377
3798 2856 3796
2836 3797 4685
3802 3800 4670
3799 2842 3801
3821 4675 3800
5357 3799 3822
2012 4682 4690
2843 3805 -1
3804 2845 3895
3809 4777 -1
3808 2846 3810
3809 -1 3807
3806 3808 3812
3897 3811 3807
3810 2894 3813
4779 3809 3813
3811 3890 3812
3815 2891 4684
2876 3814 4683
2847 3819 3818
4691 3818 3820
3817 2852 3816
3816 -1 3820
3819 2010 3817
4689 3801 4686
4697 3802 4671
3827 4304 3825
3825 5390 3826
5170 3824 3823
3827 3824 4701
3823 3826 4698
4707 5498 3876
3837 6126 3830
4325 3835 3829
5089 4333 3832
3833 4323 3831
3834 3832 4331
3835 3833 4715
3830 3834 3838
6128 3837 3849
3836 3829 3838
3835 3839 3837
3838 4716 4723
1351 3842 3841
4737 4728 3840
1392 3843 3840
3846 4738 3842
2306 3847 3845
3846 2312 3844
3848 3843 3845
3844 2307 3848
4739 3846 3847
3836 4724 5185
4732 4753 3851
3852 5431 3850
4743 3851 3855
4754 3275 3854
3861 3855 3853
3854 5463 3852
5462 3861 3858
2861 3863 3860
3859 4744 3856
5403 3858 3862
3861 3274 3857
3856 3854 3860
3864 3859 3863
3857 2864 3862
5401 3862 5193
3868 -1 3866
2870 3867 3865
3866 2871 3869
3869 2872 3865
2874 3868 3867
4797 -1 4778
2872 3872 3899
3871 2873 3873
2908 3875 3872
2905 3900 3875
3873 2916 3874
5366 3828 4793
2884 3881 4795
3879 2870 4796
2871 3878 3880
2013 3879 3881
3877 2882 3880
4812 4804 3884
3885 4763 4806
3882 4802 4809
4760 3883 4801
5518 3887 5974
3886 4808 4813
2878 5372 5985
3891 2877 3890
3813 3892 3889
2876 3889 3892
3890 2893 3891
2897 3897 3895
-1 3895 3896
3894 3805 3893
2846 3894 3897
3893 3810 3896
3900 2906 -1
3871 3900 -1
3899 3874 3898
-1 3904 3903
2033 3903 4831
3902 2927 3901
3901 2907 4832
2865 3957 3906
3911 2915 3905
3909 2031 3908
2916 3911 3907
4836 2920 3907
3911 3955 4835
3906 3910 3908
2945 5998 3913
3959 5547 3912
2921 3916 4837
3916 2928 4839
3914 2923 3915
3919 3921 5541
5538 2035 3919
2932 3917 3918
4841 2921 3921
3917 3922 3920
3921 2931 4842
2036 3927 3924
3925 2932 3923
2930 3924 3926
3927 4576 3925
2981 3926 3923
2931 3930 3929
3931 3932 3928
3928 2930 3931
2933 3929 3930
3929 3936 4843
2926 4844 3934
3935 3686 3933
3682 3934 3936
3932 2933 3935
3939 2934 3938
3945 3941 3937
2939 3937 3940
4852 5565 3939
3938 3947 4851
3943 2942 3948
4850 5993 3942
2035 5543 3945
3947 3938 3944
4849 3948 5544
3941 3945 3948
3946 3942 3947
3951 2036 3950
2934 3952 3949
2981 3949 3952
3950 2935 3951
3958 3954 5549
3953 5535 3955
3910 3957 3954
3957 2867 4856
3955 3905 3956
5995 3953 3959
3913 6000 3958
3961 1229 4861
4859 2947 3960
2938 3963 3982
3962 2980 3964
2941 3965 3963
5564 3983 3964
2047 3968 3967
4867 2950 3966
3966 3007 4868
2954 3972 3970
3971 2957 3969
4864 3970 3974
3969 2956 3973
2948 3974 3972
3973 2952 3971
3978 3996 3979
3980 3992 3977
2936 3978 3976
2965 3975 3977
4004 3980 3975
3979 2972 3976
4863 2967 3982
3962 3983 3981
3982 3965 5562
2971 3985 3986
2976 3987 3984
3987 4003 3984
3985 2977 3986
2979 3991 3989
3993 4579 3988
3991 2936 3992
3988 2980 3990
3976 3993 3990
2983 3989 3992
3996 2966 3995
2984 3997 3994
3975 3994 3997
3995 4000 3996
4000 2985 4001
4002 2971 4003
3997 3998 4004
3998 2739 4002
2969 3999 4001
3986 4004 3999
4003 3979 4000
1231 4006 4007
2989 4010 4005
4008 2051 4005
2048 4007 4009
4010 2054 4008
4006 2986 4009
4015 2990 4013
4013 3791 4014
3789 4012 4011
2441 4015 4012
2991 4011 4014
2059 4017 5566
4016 2060 4018
2995 4873 4017
4871 2998 4020
3001 4874 4019
3010 6039 4022
4876 3000 4021
4024 3006 4878
4026 4023 6303
3007 4026 4027
4025 4024 6041
4869 4025 4028
6043 3008 4027
4030 5575 4056
6031 4029 4886
2075 4887 5615
4033 2074 5581
5583 3011 4032
5501 4035 4790
4034 6050 4036
4040 4792 4035
3031 4040 4038
3032 4037 4043
5593 4041 4040
4037 4036 4039
4039 3015 4042
3053 4043 4041
4042 3048 4038
4901 3036 4045
4921 5578 4044
3037 4899 4054
4050 2875 4816
4908 4052 4817
5551 4050 4051
4049 2946 4047
4049 4052 5553
4051 4048 4907
4054 4904 4905
4046 4053 4911
5560 3038 4056
4029 4884 4055
5554 4906 5596
4061 6052 4059
3066 4060 4058
4063 4062 4059
4062 2102 4058
4060 3044 4061
4064 4060 4065
4066 3057 4063
4063 3064 4089
3056 4064 4087
3068 5610 4926
3061 4923 4919
4912 4070 4075
4069 4821 4932
6064 4083 4072
3062 4073 4071
4072 3059 4074
4073 2098 4075
4069 4076 4074
4075 4933 6065
4822 4078 4930
4077 5516 5522
3061 4082 4081
3072 4081 4084
4080 4925 4079
4079 3062 4083
4071 4085 4082
4085 3071 4080
5623 4084 4083
3073 4938 4088
4066 4089 4935
2107 4086 4089
4087 4065 4088
1279 4092 4091
4939 3080 4090
669 4945 4090
2128 4095 4094
4096 4107 4093
3092 4097 4093
3086 4094 4097
4095 3088 4096
3093 4101 4103
4100 1819 4102
4101 2131 4099
4098 4104 4100
2618 4103 4099
4102 2617 4098
4101 4108 4105
2136 4104 4106
4107 3086 4105
4094 4106 4108
4104 3094 4107
5644 3098 4111
3102 5638 4111
4109 2138 4110
-1 4144 4114
4114 3122 -1
4134 4113 4112
4116 2156 4117
4120 3107 4115
4115 1336 4118
952 4119 4117
1344 4120 4118
3106 4116 4119
4947 3114 4122
3120 4129 4121
4128 2165 4946
3176 4955 4125
4126 3117 4124
3115 4125 4952
4129 3119 -1
4123 4129 -1
4128 4122 4127
3123 4134 4132
4965 4132 4133
4131 2153 4130
4134 4140 4131
4130 4114 4133
3113 4949 4137
4138 2153 4137
2154 4135 4136
4139 3123 4136
4950 3126 4138
4133 4144 4141
4142 4967 4140
3128 4141 4143
4144 -1 4142
4112 4143 4140
4147 4957 -1
4456 4149 -1
4150 4145 4148
-1 4149 4147
4148 4146 4152
3130 4147 4151
4962 4969 4150
4149 4461 4961
4154 4964 4156
4970 4153 4158
3131 4159 5653
4153 4157 4158
4156 4982 4976
4159 4154 4156
4972 4158 4155
4977 4983 5659
3503 4163 5666
4163 5670 4989
4161 4476 4162
5668 3547 4996
4168 4978 5004
3535 4167 4169
4979 4168 4166
4165 4171 4167
4170 3533 4166
4997 4169 4171
4168 5002 4170
5008 3135 5050
4175 4182 4174
3135 5009 4173
2167 4173 5012
4177 3148 5690
5675 4176 5684
3154 5016 5014
5798 3140 5038
4182 2167 4181
3141 5045 4180
4173 4180 5043
4184 3348 4185
6079 3145 4183
3343 6076 4183
3157 5699 4194
5694 3142 5047
4191 1381 4189
3158 4193 4188
2285 4191 4192
4190 2283 4188
4194 5697 4190
4189 3159 4194
4186 4192 4193
3136 4196 5049
3163 5051 4195
5701 4199 4198
4201 4202 4197
4197 3163 4200
3169 4201 4199
4200 3168 4198
4198 5053 5007
3201 4206 5062
3167 5058 4205
4206 5122 4204
4248 4205 4203
5094 5099 5063
4214 5078 5708
5072 4211 4210
4212 5730 4209
4209 5070 5081
4277 4210 5082
5741 4214 5132
4213 4208 5732
4216 2224 5715
3250 4215 5090
4218 2200 4219
5096 3184 4217
2194 5092 4217
4221 -1 5097
3182 4220 4222
5100 3188 4221
4224 4236 5106
2197 4223 4225
4227 4228 4224
5104 4261 4227
3189 4225 4226
4225 4233 4229
4230 2193 4228
4235 2196 4229
4232 2219 4234
4233 3189 4231
4235 4228 4232
3221 4235 4231
4230 4233 4234
4223 4237 4239
3193 4238 4236
4237 3195 4240
4240 5068 4236
5111 4239 4238
5071 5112 5085
3198 5060 4244
3168 4244 4247
4243 3170 4242
5059 3166 4246
3160 4247 4245
3164 4243 4246
4252 4206 4250
4250 3202 5118
3201 4249 4248
2179 4253 5115
4248 5116 5123
4251 1345 5120
4256 3189 4255
4259 4258 4254
4257 2219 4254
3224 4256 4258
4255 3231 4257
4260 4255 4261
3206 4259 4262
4226 6089 4259
6090 5080 4260
2212 4264 5125
4272 4265 4263
4264 3204 4266
5743 5126 4265
5135 3213 5129
4270 3212 4269
3218 4271 4268
3213 4268 4271
4269 3214 4270
4274 4264 4273
3235 4275 4272
4275 3228 4272
4273 3236 4274
4277 2224 5775
5729 4212 4276
4279 5182 4283
5130 4278 4288
4285 4306 4281
4286 4282 4280
4289 4283 4281
4282 4278 4284
3253 4285 4283
4284 3258 4280
5133 4281 5137
5131 4288 5739
4279 4289 4287
4288 4282 5134
5149 3238 4291
-1 4292 4290
4291 5143 5148
4296 3212 4294
4310 4295 4293
4294 3243 4297
3218 4293 4297
4295 3240 4296
4299 3248 5838
4300 6103 4298
3245 4299 5839
4303 3240 4302
3246 6101 4301
3241 4301 5152
3823 4700 4305
5761 5165 4304
4280 4308 4307
5154 5136 4306
4306 3256 4309
4308 2226 5155
4312 4294 5139
3243 4312 5157
4310 5752 4311
5417 4319 4316
5163 4315 4317
4314 5162 5416
4317 4313 5168
4314 4316 4318
5172 5164 4317
4313 5174 4320
5480 5167 4319
5177 4322 4324
4321 3250 4323
3832 4325 4322
4325 5789 4321
3830 4324 4323
3249 5178 5776
2225 4329 5768
4329 3255 5188
4327 2226 4328
4335 4714 4331
3833 4333 4330
5019 4336 4333
4331 3831 4332
4337 2857 4335
4330 4336 4334
4335 4332 4338
2858 4334 5039
4336 5018 5191
4343 5196 4342
5194 2864 4341
3270 4342 4340
4341 4894 4339
4346 4339 4892
4893 5589 4345
4344 5398 4346
4759 4343 4345
4895 3269 4348
4347 2231 4349
2103 4350 4348
4349 4897 4891
5809 5882 4352
4351 4710 4353
1338 4354 4352
4353 5037 4355
2253 6137 4354
4357 3284 4358
5200 4356 5210
4356 1355 4359
4358 1352 4360
4366 5211 4359
3154 4362 5199
3285 5201 4361
5412 6147 4364
4365 1227 4363
709 4364 4366
6144 4360 4365
3298 4368 4369
4367 3299 5212
2263 4367 4370
4372 3302 4369
5213 2264 4372
3300 4370 4371
1374 4376 4374
4378 3352 4373
1005 4377 4376
4373 1373 4375
2280 4378 4375
3351 4374 4377
3364 4383 4380
4381 3022 4379
3024 4380 4386
4384 3367 4385
4379 3366 4384
4388 4382 4383
4382 1788 4386
2086 4381 4385
4388 2304 4389
4392 4384 4387
4387 3354 4390
3650 4391 4389
4390 2614 4392
3367 4388 4391
781 4394 4395
3376 4397 4393
5231 2358 4393
-1 5235 4397
4394 3378 4396
1457 4400 4399
4403 3392 4398
4398 1462 4401
366 4402 4400
1445 4403 4401
3394 4399 4402
1946 4406 4405
4408 3395 4404
4404 1947 4407
3397 4409 4406
4413 4405 4409
4407 3396 4408
4412 2347 4411
3395 4413 4410
4414 3400 4410
4411 4408 4414
3399 4412 4413
4416 2402 5237
4417 3432 4415
3433 4416 5241
4421 4425 4419
3445 4423 4418
2412 4421 4422
3434 4418 4420
4423 1528 4420
4419 2427 4422
3444 4425 4426
4418 5242 4424
5251 3442 4424
2764 4430 4428
4429 3435 4427
3436 4428 4432
4427 3776 4431
2765 4433 4430
3439 4429 4433
4431 2768 4432
4606 2686 4435
4434 1181 4437
4438 3450 5313
2433 4438 4435
3446 4436 4437
1556 4440 4441
2465 4590 4439
4439 4442 5252
4441 4591 6407
3474 4444 5263
4443 5255 4445
5257 5259 4444
3486 4447 4448
4446 3483 6149
5819 3487 4446
3489 5820 4451
6153 918 4451
1610 4449 4450
5264 3490 4453
4452 1658 4454
914 6159 4453
-1 4457 4456
4461 4146 4455
4455 3493 4458
4457 3495 4459
3496 4460 4458
4459 4980 4461
4152 4456 4460
4486 5266 4463
3498 4466 4462
4465 1627 4485
1624 4464 4466
4463 3494 4465
5656 3498 5267
3502 5271 4470
2492 4472 5270
2487 4468 4471
1640 4470 4472
4469 2493 4471
5272 3500 5275
2519 4475 5274
2488 4476 4474
4163 5276 4475
3505 4478 4479
4477 3506 5282
2518 4477 5286
3510 4482 4484
5665 4486 4482
4480 3508 4481
1627 4484 4485
3514 4480 4483
4486 4464 4483
4462 4485 4481
1641 4490 4488
4489 3512 4487
3511 4488 4491
2493 4491 4487
4490 2492 4489
3145 4494 4493
4495 3517 4492
4507 4497 4492
3515 4493 4496
2501 4495 4497
4494 4509 4496
4528 4499 4500
2594 4501 4498
4503 3552 4498
4499 3616 4502
3519 4504 4501
2494 4500 4504
4502 3518 4503
2171 5291 4506
4507 3144 4505
4508 4494 4506
4507 5289 4509
4497 4508 4510
4513 3521 4509
4516 5294 4512
4513 5288 4511
4510 4512 4515
5293 2509 4515
3522 4513 4514
4520 4511 4518
4518 3523 4519
5287 4517 4516
2505 4520 4517
3525 4516 4519
3112 5298 5304
2525 4536 4523
4524 3549 4522
3547 4523 4534
3552 4530 4528
2526 4541 4529
1729 4528 4540
4527 4498 4525
4530 2524 4526
4525 3550 4529
3546 4533 4532
4535 3554 4531
4531 4995 4534
4524 4536 4533
3553 4532 4536
4534 4522 4535
5284 3556 4539
4539 3623 4540
3624 4538 4537
4527 4541 4538
4540 4526 5283
4543 3506 4544
4547 3559 4542
4542 960 4545
1648 4546 4544
2528 4547 4545
3557 4543 4546
2269 4549 5222
4548 3310 4552
4551 3303 5828
3306 4550 4552
4553 4549 4551
5224 4552 5305
1695 4555 4557
3600 4556 4554
4555 3599 4558
1721 4554 4558
4556 1708 4557
3635 4562 4560
4561 3617 4559
3614 4560 4563
4559 3628 4563
3303 4561 4562
1169 4565 4566
3670 5308 4564
4567 1165 4564
1167 4566 4568
5312 1164 4567
3682 4575 4570
4571 3686 4569
3683 4570 4572
4573 2666 4571
2674 4572 4574
1867 4573 4575
4569 3681 4574
3926 4578 4577
4580 4584 4576
4576 2982 4579
3989 4582 4578
3691 4577 4581
4582 2975 4580
4579 2983 4581
4585 2930 4584
4577 4587 4583
4586 2675 4583
4587 3687 4585
3691 4586 4584
6409 4591 4589
4593 4596 4588
4591 4440 4592
4442 4590 4588
4590 2465 4594
4598 4589 4595
872 4595 4592
2679 4593 4594
4589 4598 4613
3698 4614 4599
4596 4593 4600
4600 624 4597
4598 2679 4599
5318 2689 4603
4603 4605 6330
4607 4602 4601
5315 2680 4605
4602 4610 4604
4434 5314 4609
4610 4603 4612
2686 4609 4611
4606 4610 4608
4609 4605 4607
4612 2687 4608
2689 4611 4607
4596 4614 4616
4613 4597 5322
4617 4621 5319
4613 4617 6459
4616 5323 4615
4619 3676 4622
3433 4618 5832
2688 4621 4628
4615 5321 4620
5833 4618 4627
2709 4624 4626
3711 4625 4623
4624 3712 4628
3678 4623 4627
4628 4622 4626
4620 4627 4625
4630 3735 5328
3734 4629 4632
2140 4632 5325
4638 4630 4631
2784 4636 4634
4639 3744 4633
4636 1972 4637
4633 2782 4635
2746 4638 4635
4637 4632 4639
3745 4634 4638
4642 2760 4641
5250 4643 4640
4644 3754 4640
4641 3752 4644
4647 4642 4643
3753 4647 4648
2769 4651 4647
4645 4644 4646
4649 2781 4645
2776 4648 4650
4651 2771 4649
2775 4650 4646
3435 4653 5330
3757 4654 4652
4653 3763 5331
4656 3795 5336
4664 4655 5343
4660 3784 4658
3786 4662 4657
4661 2622 4660
3782 4657 4659
4662 3661 4659
4658 3788 4661
4664 2835 4666
4667 4656 4663
4666 2828 4669
2834 4665 4663
3795 4664 4668
4669 1220 4667
4665 1219 4668
3799 4676 4671
4672 3822 4670
4694 4671 4673
4678 6344 4672
4688 4680 4675
4676 3801 4674
4678 4670 4675
5836 4678 4679
4673 4676 4677
4677 4680 5150
4679 4674 4682
3239 5151 4682
4680 3803 4681
3815 4684 5368
4683 3814 5359
3798 5378 4686
4687 3821 4685
4692 4686 5374
4690 4674 4689
3821 4692 4688
3803 4688 4691
4692 3817 4690
4689 4687 4691
4696 4694 4695
4693 4672 5385
5386 4702 4693
4697 4693 4703
3822 4696 5382
3827 5387 4700
6341 6106 5383
5763 4304 4698
4702 3826 4705
4695 4701 4703
5843 4696 4702
5389 6393 5529
4706 4701 5391
5842 4705 6241
3828 4708 4829
4707 5363 4827
5873 5393 5499
4352 5881 5411
5876 4712 4713
4711 4725 4716
2857 4711 4714
4330 4713 4715
4716 3834 4714
3839 4715 4712
5878 4729 4718
5422 5877 4717
6116 6204 4720
4721 5161 4719
6201 4722 4720
4721 6198 5414
4724 3839 4725
5425 3849 4723
4712 5423 4723
4727 1226 4728
5448 5427 4726
3841 5449 4726
4717 6360 4730
6206 5424 4729
5441 4733 5439
4733 3850 5429
4731 5905 4732
5465 5435 4735
5487 5432 4734
6245 5893 5913
3841 4738 5919
4737 3843 4739
4738 3848 5903
5928 5434 5458
5933 5471 6347
5433 4743 5466
4742 3852 5461
3858 4745 5464
4744 5404 5472
5477 4748 6274
5992 5388 5936
4746 4749 5482
4748 5478 4750
5175 4751 4749
4750 5453 5481
5491 5492 5900
4754 3850 4756
3853 4753 4755
2860 4754 4757
5904 4757 4753
2307 4755 4756
4759 5396 5851
5197 4346 4758
4763 3885 4761
4776 4770 4760
2889 4764 4769
3883 4760 4764
4762 2888 4763
2013 4766 4767
2018 4769 4765
4768 2866 4765
4770 4774 4767
4762 4770 4766
4769 4761 4768
4855 4773 4772
4775 4788 4771
2867 4774 4771
4768 4776 4773
4800 4772 4776
4774 4761 4775
3806 4779 4778
4782 3870 4777
4777 3812 4780
2886 4781 4779
4780 2885 4782
4794 4778 4781
4785 2946 5548
4789 4786 5545
2875 4783 4786
4784 4787 4785
4786 4789 5494
4772 4803 4789
4787 4784 4788
4034 4792 5969
4792 3031 5625
4790 4036 4791
5504 3876 5511
4797 4782 4795
3877 4796 4794
4795 3878 4799
3870 4794 4798
-1 4797 4799
2014 4798 4796
4803 4775 4801
3885 4802 4800
4801 3884 4804
4805 4788 4800
4802 3882 4805
5495 4803 4804
4810 3883 5988
4808 4811 4809
3887 4807 5513
3884 4810 4807
4806 5514 4809
4807 5519 4812
5515 3882 4811
6263 3887 5525
4815 5507 5524
5512 5370 4814
4817 4047 5946
4048 4816 4819
4821 4909 4819
4817 4820 4818
4819 5949 4822
4070 4818 4822
4820 4077 4821
2855 5350 4826
5352 6410 4825
4830 4827 4824
4827 2838 4823
4825 4708 4826
6359 5351 5846
4707 4830 5958
4829 4825 6412
3902 4832 4845
4831 3904 4834
4834 2919 4846
2917 4833 4832
4836 3910 5536
3909 4835 5537
3914 4839 5542
4839 2034 5540
4837 3915 4838
4844 2925 4841
3920 4842 4840
4841 3922 4843
3932 4844 4842
4843 3933 4840
4831 4846 4847
4845 4833 6283
4848 2033 4845
4849 5539 4847
4850 3946 4848
3943 4849 6284
4852 3941 4853
3940 4851 4854
2942 4854 4851
4853 2943 4852
4856 4771 5546
5550 3956 4855
2945 5552 6004
4880 4859 4882
3961 4862 4858
2968 4863 4861
4862 3960 4860
6297 4859 4861
3981 6299 4860
4865 3971 4866
2959 4864 4870
2952 4867 4864
3967 4868 4866
4867 3968 4869
4868 4027 4870
2953 4865 4869
4019 4877 4872
2999 4871 4873
5567 4018 4872
4877 4020 4876
4876 5580 6013
4022 4875 4874
5571 4871 4874
6038 4023 4879
2947 4880 4878
4879 4858 5573
4884 5574 4882
4858 6295 4881
5558 4884 6020
4883 4056 4881
3038 4903 4886
6029 4030 4885
4888 4031 6404
5614 4887 5579
6024 4917 5599
4896 4893 4891
4895 4350 4890
4893 4343 4894
4344 4892 4890
4342 4895 4892
4347 4891 4894
5587 4890 4897
4350 4898 4896
3046 5591 4897
4904 4046 4901
4901 6026 4902
4044 4900 4899
6028 4903 4900
4902 4885 5595
4053 4899 5594
4914 4053 4906
4057 4907 4905
4906 4052 4908
4907 4048 4909
4818 4913 4908
2098 4911 4912
4054 4914 4910
4913 4069 4910
4914 4909 4912
4905 4913 4911
5602 5611 5613
4919 5619 4917
4889 4922 4916
4920 3058 4919
4068 4916 4918
2105 4918 4921
4922 4045 4920
4917 6021 4921
5617 4068 4925
4925 3069 4927
4081 4924 4923
4067 5601 4929
5618 4924 4928
3065 4929 4927
4928 3068 4926
4077 5631 4932
5626 6067 5632
4933 4070 4930
4076 4932 6066
4936 3054 4935
4087 4938 4934
3048 4934 4937
4938 3070 4936
4935 4086 4937
4091 4945 4943
2115 4942 4941
4944 1299 4940
2111 4943 4940
3081 4939 4942
1302 4941 4945
4939 4092 4944
4947 4123 4948
4121 4946 4949
3124 4950 4946
4950 4135 4947
4139 4949 4948
4953 -1 4952
4126 4955 4951
4954 3134 4951
3172 4953 4955
4952 4124 4954
-1 4957 4959
4956 4145 4958
4957 3130 4960
4960 -1 4956
3129 4959 4958
4962 4152 4963
4151 4961 4964
4985 4964 4961
4963 4153 4962
4966 4131 4967
4970 4973 4965
4141 4968 4965
4967 3127 4969
4151 4970 4968
4154 4966 4969
4972 3132 4974
4973 4159 4971
4966 4972 4975
4971 3110 4975
2153 4973 4974
5654 4157 4977
4976 4160 4978
4165 4979 4977
4978 4167 5652
4460 4981 4986
3496 5657 4980
4157 4985 4983
4984 4160 4982
4986 5655 4983
4982 4963 4986
4980 4984 4985
5672 4988 4989
4987 4999 5662
5667 4162 4987
4998 4996 4992
3539 4992 4993
4991 3533 4990
4994 3543 4991
3546 4993 4995
4533 4994 4996
4990 4164 4995
4998 4170 5674
5669 4990 4997
4988 5001 5000
5003 5265 4999
4999 5673 5002
4171 5004 5001
5658 5000 5004
5002 4165 5003
5006 3165 6317
5007 5055 5005
4202 5006 5704
4172 6075 5011
5678 4174 5011
5011 5676 5683
5008 5010 5009
4175 5679 5805
5014 5017 5687
4178 5013 5691
5198 5682 5016
5017 4178 5015
5013 5016 5680
4338 5019 6098
5018 4332 5020
5088 6095 5019
5030 5024 5023
2168 5023 5026
3136 5021 5022
5021 6094 5025
5083 5027 5024
5027 1347 5022
5025 3260 5026
3139 5795 5029
5031 3136 5028
5033 5021 5031
5029 5032 5030
5031 5796 5034
6097 5030 5034
5032 5190 5033
5036 2858 5040
5037 1338 5035
4354 5036 5038
5041 4179 5037
4337 5192 5040
5041 5035 5039
5038 5040 5792
5044 3137 5043
4182 5045 5042
3139 5042 5797
5043 4181 5799
3143 6080 5047
5698 4187 5046
3138 5049 5050
4195 5051 5048
5703 4172 5048
5049 4196 5702
5053 3164 5054
5055 4202 5052
3160 5056 5052
5006 5053 5057
5054 3162 5057
3165 5055 5056
5062 4204 5059
4245 5060 5058
5059 4242 5061
5060 3197 5062
4203 5058 5061
4207 5707 5065
3184 5065 5066
5064 5095 5063
5067 3178 5064
3179 5066 6085
4239 5071 5069
5075 5105 5068
4211 5074 5071
5068 4241 5070
5074 4209 5073
5731 5709 5072
5075 5070 5072
5069 5074 5076
5103 5075 6087
5078 5744 5079
5080 4208 5077
3205 5080 5077
4262 5078 5079
5082 4211 5710
4212 5081 5716
5726 5025 6092
2205 5723 5109
4241 5110 5711
5720 5088 5087
5090 5717 5086
5086 5020 5089
5088 3831 5090
4216 5087 5089
5092 2196 5093
5096 4219 5091
3187 5094 5091
5093 4207 5095
5065 5096 5094
4218 5092 5095
5100 4220 5101
5706 5099 5102
5098 4207 5100
4222 5097 5099
-1 5102 5097
5101 2192 5098
5105 5076 5104
4226 5106 5103
5069 5103 5106
5104 4223 5105
5108 2204 5109
5111 2203 5107
5084 5110 5107
5109 5085 5112
5112 4240 5108
5110 4241 5111
5114 2180 5115
5117 2200 5113
4251 5116 5113
5115 4252 5118
3191 5114 5118
5116 4249 5117
5120 708 5121
5123 4253 5119
2208 5122 5119
4205 5123 5121
4252 5120 5122
5140 5129 5126
4263 5126 5127
5125 4266 5124
5128 3210 5125
3211 5127 5129
5124 4267 5128
5779 4279 5131
5130 4287 5132
4213 5727 5131
4286 5738 5134
5142 4289 5133
4267 5141 5737
4307 5138 5137
5735 4286 5136
5750 5139 5136
5138 4310 5734
5141 5124 5742
5142 5135 5140
5134 5141 5740
4292 5146 5145
3245 5145 5147
5144 5379 5143
5143 -1 5147
5146 3237 5144
5149 4292 5380
4290 5148 5151
4679 5151 5837
5150 4681 5149
4303 6099 -1
5156 5753 5166
4307 5155 5749
5154 4309 5756
5760 5153 5762
4311 5158 5159
5157 5758 5160
5160 3247 5157
5158 3248 5159
4720 5162 5765
4315 5766 5161
5767 4314 5164
4318 5769 5163
4305 5166 5773
5153 6121 5165
4320 5848 5168
5169 4316 5167
5171 5168 5392
5171 3825 5774
5172 5169 5170
4318 5171 5772
5479 5174 5175
5173 4319 5421
5176 4750 5173
5924 5175 5420
5178 4321 5179
5181 4326 5177
5790 5180 5177
3251 5181 5179
5184 5178 5180
4278 5778 5183
5184 3253 5182
5777 5181 5183
3849 5785 5781
5783 5764 5791
3252 5189 5188
6322 4328 5187
3251 6132 5187
5034 5794 5191
5192 4338 5190
5793 5039 5191
5195 3864 5194
4340 5196 5193
5197 5853 5193
5194 4339 5197
4759 5195 5196
5800 5015 5199
4361 5204 5198
5201 4357 5807
5204 4362 5200
5808 5206 5203
5803 5204 5202
5203 5199 5201
5802 5206 5207
5202 6140 5205
710 5205 5208
5209 3141 5207
6139 2253 5208
4357 5211 5806
5210 4360 6143
5213 4368 5214
4371 5212 5216
5212 1370 5215
5214 1368 5216
2265 5213 5215
2564 5218 5223
5226 5220 5217
5220 3311 5221
5218 5229 5219
1372 5222 5219
4548 5224 5221
5224 3585 5217
5222 4553 5223
5226 2560 5227
5230 5218 5225
5225 3573 5811
5815 3315 5229
5220 5230 5228
5226 5812 5229
4395 5235 5232
5233 3385 5231
3389 5232 5234
5235 2384 5233
5231 4396 5234
2401 5239 5237
5241 4415 5236
5239 3706 5240
3709 5238 5236
3677 5241 5238
4417 5237 5240
5249 4425 5244
3436 5245 5244
5242 3434 5243
3439 5248 5243
5248 3440 5247
3752 5250 5246
5249 5245 5246
5242 5248 5251
5247 4641 5251
4426 5249 5250
4441 5253 5254
5252 5256 5255
5255 3473 5252
4444 5254 5253
5253 6336 5257
6168 4445 5256
5259 3475 5260
5263 4445 5258
5258 1547 5261
2466 5262 5260
5261 2467 5263
4443 5259 5262
4452 6160 6152
5000 5660 5663
4462 5664 5267
5661 4467 5266
5269 3507 5270
5272 5280 5268
4469 5271 5268
5270 4468 5272
4473 5269 5271
2515 5274 5277
4474 5276 5273
5280 4473 5278
5274 4476 5279
5278 2489 5273
2491 5277 5275
5276 3503 5280
5269 5275 5279
3559 5284 5282
5286 4478 5281
5284 4541 5285
4537 5283 5281
5283 2526 5286
4479 5282 5285
5290 4518 5288
4512 5289 5287
5288 4508 5291
3524 5287 5291
5289 4505 5290
2511 5293 5295
4514 5294 5292
5293 4511 5296
5296 2513 5292
5294 3526 5295
5298 3131 5300
5299 4521 5297
6163 5298 5301
5651 5301 5297
3535 5299 5300
2157 5303 5822
2161 5304 5302
4521 5823 5303
4553 5829 5307
2563 5307 5826
3585 5305 5306
5312 4565 5310
5310 2661 5311
5308 3668 5309
5309 1856 5312
4568 5308 5311
5314 4436 5316
5315 4606 5313
4604 5314 5317
5313 1537 5317
2682 5315 5316
4601 6169 5319
6461 4615 5318
3698 5831 5322
5834 4621 5323
5323 4614 5320
4617 5322 5321
5326 3100 5325
4631 5328 5324
3099 5324 5327
2148 5326 5328
5325 4629 5327
5332 2764 5330
4652 5331 5329
5330 4654 5334
3774 5329 5333
5334 2762 5332
5331 3761 5333
1225 5338 5336
5337 4655 5335
5341 5336 5340
1976 5339 5335
2805 5340 5338
3781 5337 5339
5343 5337 5342
5341 3781 5345
4656 5341 5346
3765 5347 5345
5342 3780 5344
2835 5343 5347
5344 3764 5346
5349 5844 5351
5354 5348 5350
5352 4823 5349
4828 5352 5348
4824 5350 5351
5354 2854 5356
5355 5349 5353
5381 5354 5357
2842 5357 5353
3802 5355 5356
2903 5361 5359
5360 4684 5358
5506 5359 5365
5358 2902 5364
2839 5363 5364
4708 5366 5362
5365 5361 5362
5360 5364 5367
3876 5367 5363
5503 5365 5366
4683 5369 5371
5368 5505 5370
4815 5372 5369
5372 2879 5368
5370 3888 5371
2852 5374 5376
4687 5378 5373
2850 5376 5377
5375 2849 5373
5378 3796 5375
5374 4685 5377
5145 5840 5380
5835 5148 5379
5845 5355 5382
4697 5841 5381
4699 5387 5384
5385 6343 5383
5386 4694 5384
4695 5385 5387
5383 4698 5386
4747 5389 5938
4704 6179 5388
3824 5392 5391
6243 4705 5390
5169 5849 5390
4709 5856 5394
6051 5500 5393
5397 6186 6180
4758 5397 5850
5399 5395 5396
4345 5400 5399
6188 5397 5398
5398 5588 5855
3864 5402 5403
5852 5405 5401
5404 3859 5401
4745 5403 5405
5402 6346 5404
5868 5859 6227
5408 5485 5929
6426 5534 5407
5930 5459 5931
5875 1338 5411
4710 5880 5410
5883 4363 5413
1227 6418 5412
4722 5415 5416
5414 5419 5417
5417 4315 5414
4313 5416 5415
5419 5493 5420
5415 5418 5421
5176 5421 5418
5420 5174 5419
5423 4718 5424
5425 4725 5422
4730 5885 5422
4724 5423 5887
5427 5446 5888
4727 5426 6419
5892 5884 5890
5430 4732 5431
5898 5429 5432
3851 5433 5429
4735 5430 5433
5431 4742 5432
4740 5436 5435
5489 4734 5434
5456 5437 5434
5436 5451 5488
6383 5443 5901
4731 5899 5442
5443 5445 5917
5902 4731 5442
5439 5443 5441
5442 5438 5440
6246 5906 5445
5440 6382 5444
5426 5448 5447
5922 5450 5446
4727 5449 5446
5448 4728 5921
5447 5909 5916
5437 5452 6221
5451 5457 5454
4751 5925 5454
5452 5455 5453
5454 5457 5484
5457 5436 5927
5452 5456 5455
5459 4740 5467
5409 5458 5460
5473 5932 5459
5470 4743 5463
5463 3856 5464
3855 5462 5461
4744 5476 5462
5467 4734 5466
4742 5470 5465
5468 5458 5465
5474 5467 5469
5470 5475 5468
5461 5469 5466
4741 5473 5472
5476 4745 5471
5460 5474 5471
5473 5468 5475
5469 5476 5474
5475 5464 5472
4746 5937 5478
4749 5477 5479
5480 5173 5478
4320 5479 5934
5482 4751 5484
4748 5481 5486
5484 5926 5485
5455 5483 5481
5407 5486 5483
5485 6276 5482
4735 5489 5896
5489 5437 5490
5435 5488 5487
6220 5491 5488
4752 5897 5490
4752 5943 5939
5418 6199 5944
4787 5495 5948
5494 4805 5951
5497 5510 5498
5971 5496 5954
3828 5957 5496
5960 4709 5500
5394 5501 5499
5500 4034 5968
5978 5973 6251
5506 5367 5504
4793 5508 5503
5369 5506 5507
5505 5360 5503
4814 5505 5508
5504 5509 5507
5508 5511 5984
5496 6256 5511
5509 4793 5510
4815 5527 5986
4808 5514 5526
5513 4810 5987
4812 5521 5952
4078 5950 5520
5975 5634 5518
5519 3886 5517
5521 4811 5518
5516 5521 5522
5520 5515 5519
5633 4078 5520
5983 5525 5524
5527 4814 5523
5523 4813 5526
5513 5527 5525
5526 5512 5524
5530 6395 6193
6174 4704 5530
5528 5531 5529
5530 6356 5847
5953 5533 5972
5532 5865 5964
5408 6269 6277
3954 5996 5536
5537 4835 5535
4836 5536 6281
3918 5541 5543
4848 5544 5540
5542 4838 5539
5538 3917 5542
4837 5540 5541
5544 3944 5538
3946 5543 5539
4784 5548 5546
5550 4855 5545
3913 5549 5548
5545 4783 5547
3953 5550 5547
4856 5546 5549
5552 4049 5553
5555 4857 5551
4051 5554 5551
4057 5557 5553
6002 5552 5556
5559 5555 5557
5554 5598 5556
5560 4883 6018
6001 5556 5560
4055 5558 5559
6007 2944 5997
5576 3983 5564
5564 2939 5565
5562 3965 5563
3940 6010 5563
4016 5567 5568
4873 5572 5566
5570 3005 5566
3002 5570 6011
5568 5572 5569
4877 6014 5572
5570 5567 5571
6037 4880 5574
4881 5575 5573
5574 4029 6035
5562 5577 6300
5576 6006 6017
6027 4045 6022
4888 6455 5607
4875 6040 6015
5582 4032 6016
6305 5584 5581
4033 5584 5585
5582 6315 5583
3012 5583 5586
6316 3014 5585
4896 5592 5589
5400 5589 6046
4344 5587 5588
3015 5593 5591
5592 4898 5590
6047 5587 5591
5590 4039 6049
4904 5595 5596
5594 4903 5597
5598 4057 5594
5595 3038 5598
5557 5596 5597
5600 4889 5620
5603 5605 5599
5621 4926 5602
5601 4915 5603
5609 5600 5602
6023 5605 5606
5600 5609 5604
5607 6044 5604
5579 5606 5608
5612 5607 5609
5605 5603 5608
5611 4067 6054
6058 4915 5610
5614 5608 5613
4915 6057 5612
5615 4888 5612
4031 5614 5616
6056 2108 5615
4923 5618 5619
4927 5621 5617
4916 5617 5620
5621 5599 5619
5601 5620 5618
2106 5623 6068
5622 4085 6062
5630 5979 5966
5967 4791 5629
5628 4931 5627
5980 5630 5626
6069 6063 5626
5630 5625 6072
5624 5629 5627
5632 4930 5633
4931 5631 5981
5522 5634 5631
5633 5517 5982
5637 3105 5636
5641 5639 5635
3104 5635 5638
5639 4110 5637
5636 5645 5638
5641 2150 5642
5648 5636 5640
5640 688 5643
684 5647 5642
4109 5645 5646
5639 5648 5644
3097 5644 5649
5648 5643 5650
5641 5647 5645
5650 -1 5646
1317 5649 5647
5652 5300 5653
5654 4979 5651
4155 5654 5651
4976 5652 5653
4984 5657 5659
4467 5661 5657
5655 4981 5656
5660 5003 5659
4160 5655 5658
5661 5265 5658
5267 5660 5656
5667 4988 5663
5265 5664 5662
5663 5266 5665
5664 4481 5666
4161 5667 5665
4989 5662 5666
4164 5669 5671
4998 5674 5668
4162 5671 5672
5670 2488 5668
5673 4987 5670
5001 5672 5674
5669 4997 5673
5677 4177 5676
5010 6073 5675
6321 3148 5675
5009 5683 5679
5681 5012 5678
5017 5682 5685
5801 5679 5682
5680 5015 5681
5678 5010 5684
4177 5685 5683
5684 5686 5680
5685 5690 5687
5688 5013 5686
5695 5687 5689
3142 5688 5690
5686 4176 5689
5014 5695 5692
5693 3156 5691
5694 5700 5692
4187 5693 5695
5691 5688 5694
6077 2285 5697
4192 5699 5696
5047 6078 5700
5697 4186 5700
5693 5698 5699
5702 4197 5704
5703 5051 5701
5050 5702 5705
5007 5705 5701
5704 6074 5703
5707 5098 6082
6086 5063 5706
4208 6091 5709
6088 5073 5708
5714 5081 5711
5085 5712 5710
5711 5724 5713
5712 5721 5714
5718 5710 5713
5717 4215 5716
5082 5718 5715
5087 5715 5718
5716 5714 5717
5722 6093 5721
6096 5086 5721
5713 5719 5720
5726 5719 5724
5724 5084 5725
5712 5723 5722
3259 5726 5723
5083 5722 5725
5728 5132 5732
5780 5727 5729
4277 5728 5730
4210 5729 5731
5732 5073 5730
5727 4214 5731
3212 5736 5734
5735 5139 5733
5137 5734 5738
5733 3213 5737
5135 5738 5736
5737 5133 5735
4287 5740 5741
5142 5742 5739
5744 4213 5739
5740 5140 5743
5742 4266 5744
5077 5741 5743
-1 6100 5746
6102 3244 5745
5748 5759 5751
5749 5754 5747
5154 5748 5750
5752 5138 5749
5757 5752 5747
5751 4312 5750
5755 5153 5754
5748 5756 5753
6123 5753 5756
5754 5155 5755
5758 5751 5759
5158 5757 6109
5747 5760 5757
5156 6110 5759
4305 5763 5762
6105 5156 5761
4700 6107 5761
5186 6115 6111
5161 5766 6114
5765 5162 5767
5163 6112 5766
4327 6324 6124
5770 5164 6120
6125 6113 5769
5773 6119 5772
5172 5774 5771
5165 5771 5774
5772 5170 5773
5780 4276 5776
4326 5777 5775
5184 5778 5776
5777 5182 5779
5130 5780 5778
5779 5728 5775
5185 5782 6129
5781 6118 5783
5186 6130 5782
5886 5786 5785
5787 5185 5784
5891 5788 5784
6117 5785 5788
5786 6205 5787
4324 6127 5790
6131 5179 5789
6134 5186 6326
5041 5793 5798
5192 5794 5792
5793 5190 5796
5796 5028 5797
5032 5795 5794
5044 5799 5795
4179 5792 5799
5797 5045 5798
5198 5803 5801
5805 5681 5800
5803 5205 5804
5800 5203 5802
5802 710 5805
5012 5801 5804
5210 6142 5807
5808 5200 5806
5202 5807 6141
4351 6138 6148
3613 5813 5811
5812 5227 5810
5816 5230 5811
5810 3611 5818
3313 5815 5817
5228 5816 5814
5812 5818 5815
5818 2590 5814
5816 5813 5817
4448 6150 5820
6154 4449 5819
5824 3527 5822
5302 5823 5821
5822 5304 6164
6162 2503 5821
5827 3629 5826
5306 5829 5825
3628 5825 5828
5829 4550 5827
5826 5305 5828
5831 3701 5832
5834 5320 5830
4619 5833 5830
4622 5834 5832
5321 5831 5833
5380 6338 5837
6342 4677 5837
5150 5835 5836
5839 4298 6170
4300 5838 5840
6339 5379 5839
6175 5382 5843
5843 4706 6177
4703 5842 5841
5348 5845 5846
5381 6176 5844
5847 4828 5844
6173 5531 5846
5849 5167 5935
6244 5392 5848
5396 6182 5851
5853 4758 5850
6183 5402 5853
5195 5851 5852
6048 5856 5855
6189 5400 5854
5854 5393 6185
6226 5860 6192
5859 5962 5866
5406 5858 5860
5861 5857 5859
6354 5860 5864
6414 5863 5955
5862 6353 5864
5861 5866 5863
5533 5956 5866
5864 5858 5865
5963 5868 5872
5406 5871 5867
5870 6184 5873
6229 5869 5871
5868 6225 5870
5873 5961 5867
4709 5872 5869
5876 2859 5875
5410 5880 5874
5877 4711 5874
5878 4718 5876
4717 5877 5879
5880 6196 5878
5875 5411 5879
6197 4710 5882
4351 5883 5881
5412 6364 5882
5428 5886 5885
5887 5424 5884
5884 5784 5887
5425 5885 5886
6363 5426 5889
5915 6210 5888
5895 5428 6207
6211 5786 5892
5428 5895 5891
4736 6214 5894
5895 5911 5893
5890 5894 5892
5487 5897 5898
5896 5491 5900
5899 5430 5896
5901 5439 5898
5897 4752 5901
5438 5899 5900
5441 6215 5905
6217 4739 5904
5903 4756 5905
4733 5902 5904
5444 5907 5908
5914 5909 5906
5910 5918 5906
5907 5450 5910
5923 5908 5909
5894 5912 5913
5911 6208 5915
5914 4736 5911
5916 5907 5913
5912 5889 5916
5450 5914 5915
6216 5440 5918
5908 6219 5917
4737 5920 5921
6218 5923 5919
5922 5449 5919
5447 5921 5923
5920 5910 5922
5925 5176 5945
6222 5453 5924
5483 5927 5929
5926 5456 5928
4740 5930 5927
5930 5407 5926
5409 5929 5928
6427 5409 5932
5460 5933 5931
4741 6238 5932
5480 5937 5935
6240 5848 5934
5937 4747 5938
5934 5477 5936
5388 6239 5936
5492 5940 6384
5939 5941 6367
5940 5943 5942
5944 6200 5941
5941 5492 6223
5493 5942 5945
6224 5924 5944
5949 4816 5947
2875 5948 5946
5494 5951 5947
4820 5946 5950
5952 5516 5949
5948 5495 5952
5515 5950 5951
5956 5532 5954
5497 5957 5953
5862 5956 5959
5955 5865 5953
5954 5498 5958
4829 5959 5957
5958 6413 5955
5499 6248 5961
5872 5960 5963
5858 5963 5964
5962 5867 5961
5965 5533 5962
6388 5964 6247
5967 5624 6250
5625 5966 5970
6249 5501 5969
4790 5970 5968
5967 6254 5969
6255 5497 5972
5532 6389 5971
6268 5502 5976
3886 6266 5975
5976 5517 5974
5977 5975 5973
5982 5976 5978
5977 5502 5979
5624 5980 5978
5979 5627 5981
5632 5982 5980
5981 5634 5977
6262 5523 5984
5509 6257 5983
3888 5986 5989
5512 5987 5985
5986 5514 5988
5987 4806 5990
5990 2020 5985
2888 5989 5988
6374 6190 6271
4747 6275 6394
3943 6279 5994
6286 2942 5993
3958 6288 5996
6290 5535 5995
6003 5561 5999
6000 3912 6005
6287 6000 5997
5999 3959 5998
5559 6292 6002
6004 5555 6001
5997 6005 6294
4857 6002 6005
6003 5998 6004
5577 6010 6008
5561 6008 6009
6007 6293 6006
2943 6007 6010
6006 5565 6009
5569 6014 6012
2074 6011 6016
6014 4875 6015
6011 5571 6013
5580 6016 6013
6015 5581 6012
6298 5577 6019
6019 5558 6020
6291 6018 6017
4883 6296 6018
4922 6024 6022
6025 5578 6021
6024 5604 6045
4889 6023 6021
6030 6022 6311
4900 6027 6028
5578 6030 6026
6029 4902 6026
4886 6028 6033
6027 6025 6034
4030 6033 6032
6302 6036 6031
6029 6034 6031
6033 6030 6301
6037 5575 6036
6032 6440 6035
5573 6035 6038
4878 6037 6304
6040 4021 6309
6306 5580 6039
6043 4026 6400
3010 6043 6310
4028 6041 6042
5606 6456 6045
6312 6023 6044
5588 6047 6048
5592 6049 6046
6051 5854 6046
6047 5593 6050
4035 6051 6049
5394 6048 6050
4058 6055 6053
6054 3067 6052
6059 5610 6053
6052 2100 6061
5616 6057 6060
6056 5613 6058
5611 6059 6057
6054 6061 6058
3075 6056 6061
6059 6055 6060
6063 5623 6064
5628 6062 6067
4071 6065 6062
6064 4076 6066
4933 6067 6065
6066 4931 6063
5622 6069 6070
5628 6072 6068
6071 3034 6068
3035 6070 6072
6069 5629 6071
6319 5676 6075
5705 6318 6075
6073 5008 6074
6079 4185 6077
5696 6078 6076
6077 5698 6080
4184 6076 6080
6078 5046 6079
6082 1348 6083
6086 5706 6081
3171 6084 6081
6083 3175 6085
5067 6086 6084
5707 6082 6085
5076 6088 6089
5709 6091 6087
6090 4261 6087
4262 6089 6091
6088 5708 6090
6093 5083 6094
6096 5719 6092
5024 6097 6092
6098 5020 6096
5720 6093 6095
6094 5033 6098
5018 6095 6097
6100 5152 6101
6102 5745 6099
6099 4302 6104
5746 6100 6103
4299 6102 6104
6101 3247 6103
5762 6107 6110
6107 4699 6172
6105 5763 6106
3248 6109 6171
5758 6110 6108
6109 5760 6105
5764 6112 6327
6111 5767 6113
5770 6325 6112
5765 6115 6116
6114 5764 6118
6117 4719 6114
6118 5787 6116
5782 6117 6115
5771 6121 6120
6125 5769 6119
6119 5166 6123
2225 6124 6123
6121 5755 6122
5768 6125 6122
5770 6120 6124
6127 3829 6128
6136 5789 6126
6126 3836 6129
5781 6130 6128
6129 5783 6135
5790 6136 6132
6133 5189 6131
6134 6323 6132
5791 6133 6135
6136 6130 6134
6127 6135 6131
6138 4355 6139
6146 5809 6137
5209 6140 6137
6139 5206 6141
5808 6142 6140
6141 5806 6145
6145 5211 6144
4366 6147 6143
6146 6142 6143
6138 6145 6148
6144 4363 6148
5809 6146 6147
6150 4447 6151
6156 5819 6149
3492 6152 6149
5264 6155 6151
4450 6154 6158
5820 6156 6153
6156 6152 6160
6150 6155 6154
6159 913 6158
919 6153 6157
6160 4454 6157
6155 5264 6159
6163 3534 6162
5824 6164 6161
6164 5299 6161
6162 5823 6163
6166 3702 6167
6335 6332 6165
3476 6168 6165
5257 6334 6167
6462 5318 6328
6337 5838 6171
6108 6172 6170
6171 6106 6340
5847 6176 6174
5529 6173 6179
5841 6177 6176
6173 5845 6175
6175 5842 6178
6242 6179 6177
6178 5389 6174
6182 5395 6181
6228 6350 6180
6183 5850 6180
5852 6182 6345
5869 6187 6185
6189 5856 6184
5395 6188 6187
6184 6230 6186
5399 6189 6186
5855 6185 6188
5991 6191 6195
6190 6372 6192
5857 6355 6191
6357 5528 6194
6396 6195 6193
6190 6352 6194
5879 6197 6361
5881 6365 6196
6199 4722 6202
6200 5493 6198
5942 6199 6368
4721 6204 6202
6203 6198 6201
6369 6202 6213
6201 4719 6205
5788 6212 6204
4730 6209 6207
6208 5890 6206
5912 6207 6210
6362 6210 6206
6209 5889 6208
5891 6214 6212
6213 6205 6211
6203 6212 6366
6211 5893 6421
6217 5902 6216
5917 6219 6215
5903 6215 6218
6219 5920 6217
6216 5918 6218
6223 5490 6221
5451 6222 6220
5925 6224 6221
6224 5943 6220
5945 6223 6222
5871 6227 6235
6227 5857 6370
6225 5406 6226
6233 6181 6230
6230 5870 6236
6187 6229 6228
6349 6233 6232
6234 6376 6231
6228 6236 6231
6235 6371 6232
6225 6234 6236
6233 6229 6235
6348 6377 6238
6379 5933 6237
6240 5938 6242
5935 6239 6244
4706 6243 6242
6239 6178 6241
5391 6244 6241
5849 6240 6243
4736 6246 6420
5444 6380 6245
5965 6248 6387
6247 5960 6249
5968 6386 6248
6254 5966 6251
5502 6252 6250
6251 6259 6253
6385 6254 6252
6253 5970 6250
5971 6261 6256
6257 5510 6255
6265 5984 6256
6259 6267 6260
6252 6258 6390
6264 6261 6258
6260 6255 6391
5983 6265 6263
4813 6262 6266
6265 6260 6267
6257 6264 6262
6268 5974 6263
6258 6268 6264
5973 6266 6267
6270 5534 6428
6375 6272 6269
6272 5991 6397
6270 6271 6273
6392 6278 6272
6275 4746 6276
6278 5992 6274
5486 6277 6274
5534 6278 6276
6273 6275 6277
6282 5993 6284
2919 6281 6283
5537 6282 6280
6289 6279 6281
6284 4846 6280
4850 6283 6279
2944 6286 6287
5994 6289 6285
6288 5999 6285
6290 5995 6287
6286 6282 6290
5996 6288 6289
6292 6019 6293
6294 6001 6291
6008 6294 6291
6003 6292 6293
6296 4882 6297
6298 6020 6295
4862 6299 6295
6017 6296 6300
6297 4863 6300
5576 6298 6299
6302 6034 6445
6032 6301 6437
4024 6304 6398
6038 6441 6303
5582 6306 6313
6040 6308 6305
6314 6308 6399
6307 6306 6309
6308 6039 6310
6042 6401 6309
6025 6312 6446
6045 6442 6311
6305 6314 6315
6313 6307 6430
6405 5584 6313
5586 6406 6402
6318 5005 6320
6319 6074 6317
6073 6318 6321
3146 6321 6317
5677 6319 6320
5188 6323 6324
6133 6326 6322
6325 5768 6322
6327 6113 6324
6323 5791 6327
6111 6325 6326
6329 6169 6330
6333 6328 6332
6328 4602 6331
3703 6332 6330
6166 6329 6331
6463 6329 6335
6335 6168 6336
6166 6334 6333
6334 5256 6408
6170 6340 6339
6342 5835 6339
5840 6337 6338
6337 6172 6341
6340 4699 6343
5836 6338 6344
5384 6344 6341
4673 6342 6343
6183 6350 6346
5405 6345 6347
6348 4741 6346
6349 6237 6347
6350 6231 6348
6345 6181 6349
6358 6352 6353
6351 6195 6355
5863 6351 6354
6355 5861 6353
6352 6192 6354
5531 6357 6359
6193 6358 6356
6357 6351 6415
4828 6356 6411
6362 4729 6361
6196 6365 6360
6363 6209 6360
5888 6362 6417
6365 5883 6416
6361 6197 6364
6213 6422 6369
6424 5940 6368
6200 6369 6367
6368 6203 6366
6371 6226 6372
6234 6370 6373
6191 6374 6370
6375 6378 6371
5991 6375 6372
6270 6373 6374
6232 6378 6377
6379 6237 6376
6373 6429 6376
6238 6377 6425
6381 6246 6382
6423 6380 6384
6380 5445 6383
6382 5438 6384
5939 6381 6383
6386 6253 6390
6387 6249 6385
6247 6386 6388
6389 5965 6387
6391 5972 6388
6259 6391 6385
6390 6261 6389
6273 6397 6394
4704 6394 6395
5992 6392 6393
5528 6393 6396
6397 6194 6395
6392 6271 6396
6303 6433 6400
6307 6401 6434
6401 6041 6398
6399 6310 6400
6316 6451 6403
3013 6402 6404
6454 4887 6403
6315 6432 6406
6453 6316 6405
6408 4442 6409
6464 6336 6407
6407 4588 6460
4824 6411 6412
6359 6415 6410
6413 4830 6410
5959 6412 6414
6415 5862 6413
6411 6358 6414
6417 6364 6418
6363 6416 6419
6416 5413 6419
5427 6417 6418
6245 6423 6421
6422 6214 6420
6424 6366 6421
6420 6381 6424
6367 6422 6423
6379 6429 6427
5408 6427 6428
5931 6425 6426
6429 6269 6426
6425 6378 6428
6432 6314 6435
6452 6432 6443
6431 6405 6430
6434 6398 6438
6399 6433 6435
6436 6430 6434
6444 6435 6439
6302 6447 6440
6439 6433 6441
6436 6438 6448
6441 6036 6437
6438 6304 6440
6449 6312 6457
6431 6444 6458
6443 6436 6450
6447 6301 6446
6311 6449 6445
6448 6437 6445
6439 6447 6450
6442 6450 6446
6449 6444 6448
6454 6402 6453
6453 6431 6458
6406 6452 6451
6404 6451 6455
6456 5579 6454
6457 6044 6455
6458 6442 6456
6443 6457 6452
4616 6461 6460
6464 6409 6459
5319 6462 6459
6169 6463 6461
6333 6464 6462
6408 6460 6463
