0 0
0 0.0625
0 0.125
0 0.1875
0 0.25
0 0.3125
0 0.375
0 0.4375
0 0.5
0 0.5625
0 0.625
0 0.6875
0 0.75
0 0.8125
0 0.875
0 0.9375
0 1
0.036257 0.72846
0.038605 0.03655
0.038808 0.92588
0.039437 0.40628
0.042453 0.49759
0.042624 0.77344
0.043764 0.16602
0.04444 0.31621
0.045281 0.53472
0.046378 0.27874
0.046831 0.65228
0.046875 1
0.047942 0.079633
0.048066 0.82792
0.049933 0.69566
0.050481 0.35623
0.050929 0.45788
0.055185 0.22041
0.056049 0.59295
0.0625 1.3878e-17
0.062783 0.88162
0.065854 0.12531
0.079125 0.50123
0.081494 0.9387
0.081802 0.6794
0.084375 0.79028
0.084448 0.31742
0.085026 0.041394
0.088383 0.73138
0.091308 0.35864
0.093288 0.54653
0.09372 0.26665
0.09375 1
0.094889 0.40556
0.094918 0.63737
0.09838 0.085493
0.098772 0.83648
0.098986 0.46291
0.099449 0.17259
0.10601 0.22421
0.10978 0.12527
0.11005 0.8888
0.11161 0.59203
0.12396 0.67969
0.125 2.7756e-17
0.12626 0.30107
0.13197 0.35181
0.13431 0.55501
0.13497 0.93805
0.13598 0.44696
0.1373 0.50441
0.13842 0.048683
0.13874 0.17377
0.14062 1
0.14228 0.78329
0.14259 0.20528
0.14436 0.14351
0.14517 0.72151
0.14558 0.85117
0.14577 0.89278
0.14578 0.098635
0.14686 0.25772
0.14777 0.6299
0.15059 0.58675
0.15741 0.40585
0.17137 0.3123
0.17522 0.17438
0.17861 0.55493
0.18078 0.67844
0.1814 0.599
0.18527 0.95948
0.18598 0.45887
0.1875 4.1633e-17
0.1875 1
0.18838 0.89126
0.18892 0.36377
0.189 0.82503
0.18926 0.22078
0.18978 0.068346
0.18996 0.73555
0.19176 0.50974
0.19282 0.63169
0.19409 0.12644
0.19721 0.77972
0.20313 0.27261
0.20522 0.40982
0.22124 0.53997
0.22537 0.65125
0.22624 0.93547
0.2286 0.84743
0.22946 0.59486
0.22954 0.32544
0.23391 0.80277
0.23422 0.17715
0.23438 1
0.23485 0.75496
0.23589 0.44273
0.23619 0.37831
0.23683 0.094239
0.23718 0.044493
0.23751 0.13277
0.23793 0.23786
0.23832 0.49388
0.23893 0.41077
0.23949 0.69992
0.2476 0.28152
0.24857 0.8887
0.25 5.5511e-17
0.26547 0.54424
0.27089 0.78011
0.27247 0.21512
0.27472 0.94134
0.27488 0.46071
0.27519 0.41344
0.27725 0.64752
0.27825 0.35936
0.2784 0.73742
0.28006 0.07295
0.28077 0.31096
0.28084 0.03183
0.28125 1
0.28305 0.83257
0.2836 0.12986
0.28753 0.18037
0.28842 0.26008
0.2891 0.69541
0.29213 0.58963
0.29273 0.88864
0.29312 0.50116
0.3125 6.9389e-17
0.31493 0.96244
0.31567 0.54508
0.31714 0.21675
0.31936 0.72221
0.31988 0.77233
0.32075 0.089672
0.32077 0.29696
0.32217 0.33946
0.32377 0.38919
0.32423 0.045134
0.32588 0.91841
0.32812 1
0.32965 0.62329
0.32977 0.45311
0.33103 0.16975
0.33186 0.86631
0.33408 0.67665
0.33578 0.58053
0.33646 0.50777
0.33824 0.82034
0.34203 0.12428
0.34357 0.26128
0.36172 0.36212
0.36539 0.95764
0.36705 0.59882
0.36738 0.31352
0.36868 0.7264
0.37086 0.49173
0.3723 0.63927
0.37313 0.8975
0.37433 0.40681
0.3747 0.54708
0.37471 0.078525
0.37494 0.11873
0.375 8.3267e-17
0.375 1
0.37568 0.15456
0.3763 0.84494
0.38004 0.21309
0.38125 0.78983
0.38152 0.67967
0.38815 0.26918
0.38926 0.45367
0.40788 0.12333
0.41068 0.65191
0.41298 0.60404
0.41497 0.82616
0.41638 0.30269
0.41844 0.36042
0.4187 0.93048
0.41935 0.49602
0.4196 0.87125
0.41999 0.16745
0.42115 0.74972
0.42175 0.42099
0.42188 1
0.42489 0.044646
0.4254 0.69538
0.42584 0.45691
0.42827 0.088846
0.42992 0.79264
0.43252 0.20858
0.43468 0.2555
0.4375 9.7145e-17
0.43793 0.55115
0.45397 0.64496
0.45853 0.40072
0.46028 0.72824
0.46169 0.17976
0.4651 0.77136
0.46531 0.95977
0.4656 0.90022
0.46661 0.12812
0.46718 0.83134
0.46748 0.45346
0.46756 0.071264
0.46816 0.031232
0.46875 1
0.47034 0.51165
0.47054 0.59496
0.4717 0.31124
0.47376 0.22054
0.47449 0.36367
0.48197 0.553
0.48202 0.26185
0.48225 0.68936
0.5 1.1102e-16
0.50229 0.93452
0.50248 0.79061
0.5047 0.4877
0.50696 0.088592
0.50799 0.40155
0.50808 0.74128
0.51093 0.043969
0.51128 0.18054
0.51542 0.52882
0.51545 0.34823
0.51562 1
0.51649 0.31456
0.51786 0.28262
0.51832 0.57643
0.51844 0.23624
0.51852 0.87867
0.51853 0.8264
0.51866 0.63756
0.52615 0.45183
0.52795 0.6943
0.53053 0.12588
0.54621 0.93818
0.54714 0.49513
0.55079 0.79001
0.55469 0.84177
0.55471 0.4183
0.55638 0.26248
0.55757 0.37463
0.55779 0.5962
0.5582 0.073157
0.56015 0.16152
0.56126 0.31572
0.56248 1.249e-16
0.5625 1
0.56594 0.54662
0.56623 0.6739
0.56731 0.72907
0.56994 0.21218
0.57226 0.88414
0.57342 0.4563
0.57348 0.63144
0.58066 0.12207
0.59361 0.49847
0.59646 0.77323
0.59873 0.35676
0.6014 0.69719
0.60202 0.93471
0.60562 0.83193
0.60623 0.087091
0.60765 0.41016
0.60938 1
0.61073 0.6545
0.61081 0.88301
0.61105 0.16474
0.61142 0.045063
0.61217 0.26763
0.61349 0.32046
0.61396 0.46094
0.61409 0.59353
0.61604 0.53668
0.62021 0.7351
0.62277 0.21309
0.62426 0.11958
0.62478 1.3873e-16
0.64049 0.78071
0.64473 0.69226
0.64705 0.44563
0.64713 0.30773
0.64771 0.4935
0.65355 0.35867
0.65513 0.9569
0.65625 1
0.65647 0.88442
0.6569 0.0333
0.65946 0.54943
0.66023 0.8237
0.66043 0.41086
0.66092 0.081314
0.66117 0.18703
0.6619 0.13854
0.66242 0.6405
0.66295 0.23526
0.6653 0.27639
0.66779 0.73765
0.6682 0.59299
0.68622 1.5237e-16
0.68959 0.78512
0.69059 0.31305
0.69617 0.39544
0.69984 0.64894
0.70005 0.449
0.70309 0.92769
0.70312 1
0.70328 0.51429
0.70336 0.69023
0.70336 0.038328
0.70346 0.61413
0.70403 0.88367
0.70449 0.16258
0.70642 0.21027
0.70662 0.56801
0.70802 0.83973
0.70868 0.11575
0.71108 0.74505
0.7115 0.26392
0.71313 0.35622
0.71796 0.074542
0.73394 0.64521
0.74342 0.18497
0.74529 1.6549e-16
0.74637 0.72629
0.74716 0.59815
0.74796 0.35809
0.748 0.4455
0.74811 0.40154
0.74819 0.48462
0.74912 0.31495
0.74958 0.88619
0.7496 0.14293
0.74972 0.83693
0.74976 0.95616
0.75 1
0.75029 0.78581
0.75305 0.2714
0.75462 0.043843
0.75734 0.54122
0.75886 0.22987
0.76069 0.093374
0.76076 0.68331
0.77893 0.63622
0.78167 0.35954
0.78784 0.50177
0.78906 0.12875
0.79123 0.83975
0.79427 0.2767
0.795 0.88417
0.79503 0.4501
0.79581 0.92819
0.79684 0.17837
0.79688 1
0.79933 1.7749e-16
0.80107 0.32303
0.80134 0.39763
0.80185 0.056548
0.80204 0.72948
0.8022 0.58463
0.80292 0.67336
0.80492 0.78831
0.80571 0.53659
0.80621 0.096591
0.80781 0.23123
0.82689 0.63442
0.83207 0.12938
0.83211 0.49944
0.83579 0.3608
0.84163 0.9576
0.84199 0.88659
0.84214 0.30789
0.84262 0.76912
0.84332 0.81777
0.84375 1
0.84377 0.41335
0.84392 0.25979
0.84447 1.8751e-16
0.84448 0.080522
0.8454 0.68136
0.84608 0.21306
0.84609 0.54967
0.84742 0.03251
0.84977 0.17094
0.84985 0.4563
0.85307 0.59466
0.86463 0.72908
0.86648 0.38636
0.86671 0.33634
0.86837 0.11112
0.86893 0.23934
0.86909 0.28642
0.86983 0.48441
0.86989 0.51616
0.8703 0.14276
0.8705 0.43336
0.87181 0.19363
0.87221 0.057172
0.87337 0.56982
0.87887 0.63529
0.87902 1.9518e-16
0.88061 0.26321
0.88183 0.36283
0.88208 0.93667
0.88296 0.17041
0.88371 0.31234
0.88409 0.84368
0.88432 0.084055
0.88502 0.2184
0.88569 0.54397
0.88647 0.40962
0.88815 0.38563
0.88842 0.43287
0.88844 0.45639
0.88882 0.10548
0.89062 1
0.89088 0.47904
0.89109 0.031105
0.89134 0.33784
0.89154 0.59207
0.89177 0.49846
0.89205 0.24334
0.89439 0.52011
0.89446 0.56615
0.89498 0.68516
0.895 0.15066
0.89507 0.12569
0.89573 0.28624
0.89639 0.059336
0.89663 0.19375
0.89666 0.78342
0.90362 0.89225
0.90638 0.43237
0.90641 2.0126e-16
0.90716 0.10195
0.90851 0.55195
0.90852 0.21238
0.90913 0.30466
0.90951 0.72786
0.91041 0.23279
0.91075 0.61428
0.91092 0.32572
0.91096 0.35113
0.91174 0.53206
0.91183 0.4807
0.91231 0.38343
0.91295 0.50822
0.91296 0.26174
0.91357 0.076624
0.91381 0.14345
0.91426 0.57145
0.91474 0.41166
0.91517 0.17098
0.91774 0.59197
0.91775 0.19685
0.91784 0.02129
0.91883 0.28779
0.91964 0.047655
0.91965 0.45364
0.92208 0.12261
0.92911 0.24179
0.93075 0.64414
0.93106 0.52116
0.93121 2.0677e-16
0.93163 0.33677
0.9318 0.95109
0.93369 0.40339
0.93422 0.21677
0.9344 0.19109
0.93492 0.097098
0.93522 0.54809
0.93578 0.49843
0.93616 0.84314
0.93618 0.43005
0.93638 0.57827
0.9367 0.35984
0.93707 0.60555
0.93733 0.30856
0.9375 1
0.93771 0.25778
0.93782 0.45108
0.93803 0.2782
0.93888 0.068037
0.94063 0.14661
0.94096 0.47102
0.94108 0.048295
0.94157 0.17366
0.94177 0.026955
0.94304 0.69515
0.94324 0.1199
0.94479 0.38404
0.94628 0.79406
0.94824 0.89873
0.94968 0.74755
0.95075 0.24087
0.95345 2.1171e-16
0.95519 0.45061
0.95519 0.56572
0.95689 0.51923
0.95779 0.10521
0.95809 0.26299
0.95821 0.40802
0.95881 0.36572
0.95959 0.16682
0.95975 0.58801
0.96044 0.49064
0.96061 0.19421
0.96067 0.28681
0.96103 0.082501
0.96114 0.22201
0.96165 0.33804
0.96341 0.050443
0.96341 0.43168
0.96349 0.12604
0.9653 0.4689
0.96638 0.6171
0.96696 0.30884
0.96706 0.020716
0.9673 0.54639
0.96823 0.3846
0.96879 0.14826
0.97174 2.1577e-16
0.97672 0.93435
0.97719 0.77852
0.97771 0.56912
0.97855 0.27035
0.97932 0.40094
0.97956 0.50377
0.98004 0.21521
0.98107 0.24263
0.98257 0.42067
0.98264 0.36405
0.98342 0.81833
0.98432 0.48103
0.98438 1
0.98459 0.29166
0.98462 0.15016
0.98466 0.013079
0.98482 0.45015
0.98516 0.1701
0.98523 0.13211
0.98527 0.051236
0.98534 0.070588
0.98538 0.65732
0.98543 0.10281
0.98576 0.59234
0.98654 2.1906e-16
0.98811 0.032761
0.98834 0.52638
0.98849 0.19678
0.98859 0.34192
0.98874 0.38537
0.98983 0.71082
0.99005 0.55067
0.99029 0.31825
0.99253 0.75027
0.99272 0.87846
0.99616 0.0071669
0.99879 0.01729
0.99986 0.616
1 2.2204e-16
1.0003 0.14787
1.0005 0.40303
1.0036 0.3553
1.0054 0.24244
1.0056 0.29686
1.0057 0.59355
1.0059 0.051685
1.0065 0.26803
1.0066 0.21836
1.0074 0.50087
1.0074 0.42713
1.0074 0.47091
1.008 0.57055
1.0088 0.33565
1.0092 0.18776
1.0093 0.54085
1.0093 0.5222
1.0099 0.37746
1.0099 0.10215
1.0102 0.12343
1.0103 0.16575
1.0114 0.081057
1.0122 0.025805
1.0126 0.44908
1.0127 0.0051962
1.016 0.31494
1.0161 0.78344
1.023 0.14771
1.0253 0.010238
1.0257 0.4824
1.0264 0.94626
1.0264 0.039203
1.0267 0.35328
1.0274 0.59803
1.0278 0.24064
1.0283 0.023964
1.0285 0.33146
1.0285 0.54968
1.0295 0.63504
1.0297 0.22001
1.0302 0.29316
1.0305 0.20101
1.0307 0.83055
1.031 0.73897
1.0312 0.46149
1.0312 1
1.0313 0.52275
1.0313 0.080159
1.0315 0.060662
1.0316 0.40395
1.0325 0.43586
1.0326 0.49889
1.0333 0.17313
1.0333 0.10148
1.0346 0.37641
1.0348 0.12831
1.036 0.31564
1.038 0.015127
1.038 0.26658
1.0391 0.56946
1.0393 0.68475
1.0395 0.02949
1.0409 0.04368
1.0484 0.148
1.0487 0.88427
1.0487 0.36101
1.05 0.076954
1.0501 0.5044
1.0502 0.48123
1.0506 0.019864
1.0508 0.19101
1.0512 0.30632
1.0524 0.61321
1.0527 0.035274
1.0527 0.33362
1.0532 0.5435
1.0532 0.2187
1.0533 0.24797
1.0543 0.054033
1.0548 0.42257
1.0556 0.40398
1.0559 0.26535
1.0564 0.58749
1.0571 0.52049
1.0574 0.45033
1.0575 0.3839
1.0579 0.28394
1.0593 0.12141
1.06 0.096703
1.0607 0.17015
1.062 0.56491
1.0633 0.024453
1.0639 0.066499
1.067 0.040299
1.0713 0.35865
1.0727 0.23828
1.0728 0.7257
1.0732 0.78288
1.0736 0.84133
1.0737 0.26161
1.0737 0.93013
1.074 0.64107
1.0743 0.43154
1.0745 0.52781
1.0747 0.056823
1.075 0.078843
1.0754 0.30709
1.0755 0.19171
1.0759 0.028894
1.0767 0.50118
1.0769 0.47044
1.0769 0.60438
1.0781 1
1.0788 0.40603
1.079 0.54867
1.0795 0.14692
1.0798 0.12445
1.0801 0.17006
1.0806 0.28332
1.0811 0.042373
1.0814 0.37906
1.0814 0.44898
1.082 0.10426
1.083 0.5751
1.0842 0.33468
1.0843 0.2186
1.0883 0.051862
1.0886 0.033189
1.0919 0.064593
1.0924 0.043112
1.0939 0.68666
1.0946 0.26919
1.0957 0.88335
1.0965 0.4809
1.0972 0.24455
1.0975 0.1995
1.0982 0.31551
1.0983 0.59389
1.0987 0.43218
1.0993 0.38731
1.0996 0.12289
1.0998 0.45937
1.1 0.61794
1.1004 0.55427
1.1013 0.03734
1.1013 0.084687
1.102 0.050734
1.102 0.52642
1.1021 0.17247
1.1021 0.10355
1.1025 0.29172
1.1026 0.35966
1.1053 0.49862
1.1061 0.33308
1.1062 0.14522
1.1086 0.40687
1.1092 0.21892
1.11 0.57462
1.1101 0.064529
1.1139 0.041348
1.1157 0.052204
1.1166 0.26607
1.1182 0.82835
1.1184 0.19629
1.1192 0.78331
1.1194 0.44798
1.12 0.9393
1.1218 0.12994
1.1227 0.34012
1.1231 0.38483
1.1232 0.60154
1.1239 0.1034
1.1239 0.076332
1.124 0.31405
1.1241 0.47599
1.125 1
1.1254 0.73598
1.1258 0.058622
1.126 0.50697
1.1262 0.52689
1.1266 0.045215
1.1266 0.40433
1.1272 0.64691
1.1273 0.28666
1.1273 0.54942
1.1281 0.42416
1.1284 0.23899
1.1289 0.17711
1.1297 0.15295
1.1302 0.21455
1.1308 0.57608
1.1313 0.6896
1.1329 0.35929
1.139 0.064444
1.1392 0.048941
1.1412 0.88054
1.142 0.19573
1.1433 0.082562
1.145 0.31486
1.1453 0.33441
1.1453 0.44857
1.1459 0.4014
1.1464 0.37769
1.1468 0.29651
1.1471 0.56619
1.1477 0.26571
1.1483 0.49409
1.1486 0.12663
1.1487 0.10118
1.1488 0.24254
1.1488 0.61478
1.1493 0.52353
1.1494 0.58832
1.1501 0.068039
1.1504 0.14917
1.1515 0.47207
1.1517 0.22126
1.1519 0.052528
1.152 0.42455
1.1523 0.17024
1.1537 0.54876
1.1548 0.96421
1.1574 0.35816
1.1582 0.089097
1.1583 0.075908
1.1588 0.064213
1.1619 0.79032
1.1628 0.83955
1.1642 0.31392
1.1646 0.055977
1.1668 0.50425
1.1675 0.24272
1.1677 0.45948
1.1683 0.41122
1.1685 0.068657
1.1696 0.19571
1.1698 0.1036
1.1702 0.083065
1.1704 0.14837
1.1706 0.33772
1.1707 0.28759
1.1719 1
1.1726 0.53943
1.1729 0.60194
1.1732 0.6358
1.1733 0.51978
1.1734 0.56849
1.1734 0.4824
1.1736 0.38336
1.174 0.43617
1.1745 0.12558
1.1746 0.68921
1.1746 0.92174
1.1749 0.22033
1.1753 0.26484
1.1757 0.17136
1.1764 0.74263
1.1772 0.059289
1.1779 0.35735
1.1807 0.87325
1.181 0.073238
1.1839 0.30473
1.1839 0.088364
1.1843 0.11359
1.1847 0.20789
1.1847 0.13665
1.1849 0.15942
1.1849 0.32237
1.1853 0.18352
1.1859 0.23427
1.186 0.27752
1.1864 0.25043
1.1896 0.10161
1.1898 0.50498
1.1899 0.062466
1.1902 0.52676
1.1904 0.12483
1.1905 0.19576
1.1907 0.9647
1.1909 0.29052
1.1911 0.22011
1.1913 0.14799
1.192 0.46039
1.1933 0.17059
1.1942 0.26526
1.1943 0.36509
1.1944 0.31263
1.1947 0.41214
1.1949 0.34232
1.1951 0.54674
1.1956 0.15881
1.1958 0.077626
1.1965 0.61558
1.1966 0.091103
1.1968 0.58959
1.1968 0.48319
1.1973 0.11312
1.1973 0.1354
1.1978 0.23014
1.1979 0.18435
1.198 0.20794
1.1982 0.30218
1.1983 0.43753
1.1983 0.2535
1.1985 0.242
1.1995 0.27954
1.2002 0.56759
1.2006 0.15301
1.202 0.32289
1.2025 0.065509
1.2032 0.12427
1.2042 0.31129
1.2052 0.10081
1.2053 0.38393
1.2058 0.14516
1.2059 0.22043
1.2064 0.17593
1.2065 0.25969
1.2066 0.18515
1.2071 0.19534
1.2071 0.24935
1.2072 0.29205
1.2076 0.16063
1.2077 0.23404
1.2078 0.13343
1.2078 0.24204
1.208 0.27079
1.2081 0.075562
1.2083 0.087123
1.2092 0.30373
1.2093 0.20836
1.2096 0.89226
1.2104 0.11369
1.211 0.49713
1.2113 0.28097
1.2118 0.72617
1.2135 0.83511
1.2136 0.095528
1.2139 0.77045
1.2144 0.45093
1.2146 0.25425
1.215 0.18384
1.2152 0.068418
1.2154 0.12522
1.2156 0.52363
1.216 0.31444
1.2169 0.1373
1.217 0.26365
1.2171 0.33283
1.2173 0.24293
1.2175 0.20354
1.2178 0.35809
1.2182 0.17183
1.2183 0.55424
1.2184 0.21435
1.2185 0.14924
1.2185 0.079137
1.2187 0.57889
1.2188 1
1.219 0.42953
1.2191 0.47416
1.2193 0.22824
1.2193 0.3003
1.2197 0.60498
1.2199 0.27475
1.2202 0.11549
1.2208 0.10361
1.221 0.090288
1.2211 0.64511
1.2219 0.2873
1.2219 0.19376
1.2226 0.16042
1.2241 0.13062
1.2243 0.25474
1.225 0.12238
1.2253 0.23632
1.2256 0.40367
1.2262 0.942
1.2273 0.37974
1.2274 0.69287
1.2278 0.071194
1.2279 0.21943
1.2283 0.18115
1.2284 0.26625
1.2286 0.15189
1.229 0.16904
1.2291 0.14044
1.2297 0.32167
1.2297 0.30839
1.2303 0.11424
1.2306 0.20595
1.2307 0.29618
1.2308 0.08235
1.2319 0.24373
1.232 0.28779
1.232 0.49835
1.2326 0.10485
1.2327 0.23
1.2328 0.27871
1.2329 0.19254
1.2338 0.094844
1.2341 0.16017
1.2342 0.12703
1.2363 0.56669
1.2363 0.25679
1.2373 0.11005
1.2385 0.21831
1.2386 0.14963
1.2394 0.30227
1.2396 0.18518
1.2397 0.42408
1.2402 0.26817
1.2405 0.073838
1.241 0.58864
1.2418 0.17174
1.2423 0.33739
1.2423 0.45069
1.2423 0.28964
1.2424 0.13816
1.2427 0.23663
1.2429 0.104
1.2431 0.11654
1.2432 0.22681
1.2432 0.31503
1.2433 0.085038
1.2433 0.5177
1.2439 0.1586
1.2439 0.20879
1.2439 0.61407
1.2439 0.47898
1.244 0.1964
1.2441 0.27758
1.2443 0.36513
1.2444 0.54345
1.2448 0.24791
1.2457 0.094399
1.2459 0.12793
1.2464 0.38831
1.2482 0.25929
1.2484 0.40815
1.2496 0.88782
1.2504 0.30158
1.2505 0.23048
1.2507 0.18404
1.2514 0.27022
1.2521 0.16296
1.2524 0.21854
1.253 0.09958
1.2532 0.076351
1.2533 0.23957
1.2535 0.14909
1.2535 0.28127
1.2537 0.13558
1.2539 0.20444
1.2541 0.10951
1.2546 0.32243
1.2547 0.79378
1.2554 0.29165
1.2558 0.19369
1.2561 0.31094
1.2563 0.088995
1.2565 0.25037
1.2566 0.12302
1.2567 0.17297
1.2571 0.49869
1.258 0.56958
1.2588 0.14106
1.2597 0.26168
1.26 0.22974
1.2616 0.14406
1.262 0.20987
1.2626 0.27325
1.2637 0.73506
1.264 0.16223
1.264 0.42536
1.2642 0.11354
1.2645 0.19932
1.2647 0.24044
1.2647 0.28533
1.2655 0.67545
1.2656 1
1.2656 0.10067
1.2657 0.30028
1.2658 0.078734
1.2659 0.37589
1.266 0.1843
1.266 0.35195
1.2662 0.17264
1.2662 0.52336
1.2663 0.21899
1.2663 0.33135
1.2665 0.31608
1.2668 0.14944
1.267 0.39905
1.267 0.13612
1.268 0.08828
1.2681 0.6334
1.2683 0.47358
1.2685 0.25209
1.2687 0.12239
1.2693 0.59755
1.2703 0.44918
1.2712 0.93346
1.2713 0.26418
1.2716 0.22936
1.2723 0.20799
1.2727 0.54885
1.2734 0.84003
1.2747 0.15731
1.275 0.27645
1.2752 0.09256
1.2758 0.28875
1.2761 0.19593
1.2763 0.11228
1.2775 0.17107
1.2777 0.30915
1.2781 0.2182
1.2781 0.24034
1.2782 0.13682
1.2784 0.10072
1.2784 0.32181
1.2785 0.14623
1.2785 0.080988
1.2788 0.2981
1.2798 0.18508
1.2798 0.12708
1.2811 0.26641
1.2812 0.25455
1.282 0.22798
1.2823 0.28243
1.2828 0.57192
1.2849 0.092583
1.2852 0.38695
1.2853 0.20608
1.2867 0.15723
1.2869 0.30288
1.2878 0.24449
1.2878 0.13824
1.2879 0.19348
1.288 0.14758
1.2881 0.1172
1.2882 0.27471
1.2884 0.36485
1.2885 0.49995
1.2886 0.47801
1.289 0.46008
1.2892 0.28968
1.2896 0.10483
1.2897 0.43688
1.2897 0.33667
1.2899 0.21916
1.2904 0.26185
1.2908 0.31499
1.2909 0.53126
1.2911 0.083112
1.2913 0.16857
1.2916 0.23304
1.2917 0.40959
1.2918 0.18094
1.2918 0.25214
1.2931 0.12685
1.2935 0.20035
1.2941 0.59022
1.2947 0.5534
1.2966 0.093783
1.2973 0.89089
1.2973 0.30147
1.2973 0.61473
1.2976 0.24358
1.2977 0.16109
1.2981 0.13568
1.2981 0.20829
1.2987 0.14799
1.2988 0.2677
1.3006 0.27862
1.3017 0.1028
1.3017 0.19379
1.3018 0.6974
1.3019 0.11563
1.302 0.18239
1.3022 0.25558
1.3024 0.3219
1.3028 0.17207
1.3028 0.23432
1.3029 0.12792
1.3032 0.31058
1.3034 0.22209
1.3038 0.085109
1.3038 0.29042
1.308 0.45059
1.3082 0.13691
1.3083 0.79237
1.3085 0.095209
1.3087 0.1592
1.3088 0.51897
1.309 0.47481
1.3097 0.30106
1.3098 0.5719
1.31 0.24267
1.3103 0.65257
1.311 0.28154
1.3118 0.38461
1.3118 0.40671
1.3119 0.10583
1.312 0.35404
1.3121 0.23094
1.3122 0.18253
1.3125 1
1.3127 0.12572
1.3127 0.26811
1.3133 0.59571
1.3137 0.20815
1.3138 0.14751
1.3141 0.33188
1.3147 0.25371
1.3151 0.11556
1.3152 0.22163
1.3152 0.42758
1.3152 0.19423
1.3153 0.29049
1.3155 0.31398
1.3156 0.54275
1.3158 0.95129
1.3165 0.086978
1.3165 0.16926
1.3178 0.23692
1.3178 0.84793
1.3186 0.49949
1.3207 0.097846
1.3225 0.1567
1.3226 0.28055
1.3227 0.14703
1.3227 0.13667
1.3228 0.18806
1.323 0.21752
1.3232 0.29958
1.3235 0.10937
1.3235 0.24439
1.3238 0.28979
1.3248 0.22964
1.3252 0.73536
1.3252 0.1221
1.3254 0.25833
1.3254 0.17779
1.3267 0.19859
1.3269 0.26943
1.3271 0.20955
1.3278 0.16701
1.328 0.31005
1.3289 0.32254
1.3291 0.088719
1.33 0.61545
1.3303 0.40645
1.3306 0.12987
1.3309 0.52088
1.3315 0.14723
1.332 0.48168
1.3325 0.36487
1.3333 0.11382
1.3334 0.58673
1.3335 0.28885
1.3342 0.21867
1.3344 0.10169
1.3344 0.56192
1.3351 0.18767
1.3351 0.45458
1.3355 0.27628
1.3357 0.34137
1.3357 0.23872
1.336 0.25082
1.336 0.15872
1.3365 0.13641
1.3366 0.19717
1.3368 0.229
1.3371 0.31339
1.3375 0.30198
1.3377 0.20616
1.3383 0.12405
1.3385 0.26362
1.3391 0.17255
1.3395 0.42691
1.3396 0.54044
1.3418 0.090335
1.3422 0.5012
1.3428 0.38522
1.3432 0.22409
1.3441 0.32307
1.3441 0.282
1.345 0.11169
1.3453 0.68952
1.346 0.25475
1.3463 0.24501
1.3465 0.20656
1.3467 0.10005
1.3468 0.21542
1.3469 0.23343
1.347 0.1472
1.3471 0.30994
1.3472 0.19739
1.3477 0.27254
1.3477 0.3011
1.3483 0.13198
1.3483 0.29191
1.3483 0.16145
1.3488 0.18353
1.349 0.12178
1.3515 0.22478
1.3517 0.57524
1.3519 0.26235
1.3531 0.17217
1.3544 0.091824
1.3545 0.15503
1.3546 0.20831
1.3546 0.89324
1.355 0.48053
1.3551 0.94653
1.3551 0.11525
1.3554 0.28046
1.3556 0.24086
1.3565 0.82866
1.3569 0.40918
1.357 0.25159
1.357 0.55362
1.3574 0.31683
1.3574 0.33336
1.3576 0.19087
1.3578 0.10446
1.3579 0.30229
1.3588 0.23167
1.3593 0.12449
1.3594 1
1.3595 0.13725
1.3596 0.50079
1.3597 0.26989
1.3599 0.21967
1.36 0.4367
1.3602 0.52317
1.3606 0.59955
1.3609 0.35989
1.3612 0.20072
1.3614 0.14923
1.3615 0.18112
1.3616 0.26074
1.3617 0.17219
1.3619 0.45855
1.3619 0.16259
1.3627 0.28936
1.3637 0.64236
1.3643 0.11384
1.3645 0.21049
1.3653 0.38625
1.3671 0.093188
1.3671 0.72485
1.3672 0.77275
1.3676 0.25457
1.3683 0.24257
1.3687 0.13003
1.3687 0.32289
1.3691 0.27754
1.3697 0.31031
1.3698 0.19189
1.3699 0.22947
1.3705 0.17379
1.3708 0.18273
1.3709 0.12066
1.3713 0.26481
1.3715 0.29771
1.372 0.11314
1.3721 0.10495
1.3727 0.57274
1.3727 0.21826
1.3728 0.15384
1.3731 0.1405
1.3738 0.28726
1.3741 0.20568
1.3743 0.16402
1.3761 0.23605
1.3761 0.4724
1.3772 0.27187
1.3779 0.25386
1.3784 0.33561
1.3788 0.49637
1.3791 0.40067
1.3797 0.094426
1.3802 0.31812
1.3803 0.11362
1.3807 0.42251
1.381 0.12703
1.3812 0.54808
1.3814 0.18369
1.3818 0.30507
1.382 0.24274
1.3821 0.14824
1.3822 0.17099
1.3826 0.19748
1.3826 0.27949
1.383 0.29264
1.3832 0.10337
1.3839 0.20596
1.384 0.22955
1.3842 0.21459
1.3842 0.85753
1.3846 0.44985
1.3847 0.1592
1.385 0.26573
1.3859 0.59055
1.3862 0.61374
1.3872 0.35411
1.3872 0.1387
1.388 0.37855
1.3885 0.17672
1.3904 0.11825
1.3907 0.31218
1.3914 0.94577
1.3914 0.32396
1.3916 0.10825
1.3916 0.25265
1.3917 0.1926
1.392 0.52282
1.3922 0.24083
1.3924 0.09554
1.3928 0.28666
1.3932 0.14956
1.3942 0.15892
1.3948 0.20558
1.3949 0.18259
1.3954 0.16913
1.3955 0.29997
1.3961 0.22073
1.3962 0.26309
1.3965 0.12824
1.3967 0.27458
1.3975 0.73847
1.3976 0.13946
1.3977 0.57049
1.3981 0.47511
1.399 0.23319
1.4004 0.10425
1.4016 0.43135
1.4023 0.11492
1.4023 0.40604
1.4024 0.33673
1.4025 0.25653
1.4035 0.14611
1.4036 0.69025
1.4037 0.15714
1.4039 0.31546
1.4039 0.24565
1.4046 0.19292
1.4051 0.096529
1.4054 0.26565
1.4059 0.28682
1.4062 1
1.4068 0.17883
1.4069 0.21479
1.4074 0.50052
1.4075 0.36021
1.4077 0.54554
1.4077 0.82036
1.408 0.22612
1.4082 0.13602
1.4083 0.27492
1.4085 0.16784
1.4085 0.20465
1.4085 0.12463
1.4095 0.63595
1.4097 0.23598
1.4102 0.30117
1.4107 0.1058
1.4116 0.59809
1.4123 0.77239
1.4129 0.45223
1.4138 0.25676
1.414 0.14782
1.4141 0.38246
1.4144 0.26821
1.4164 0.22066
1.4165 0.16023
1.4165 0.52326
1.4166 0.88711
1.4168 0.31078
1.4168 0.11634
1.4173 0.24367
1.4177 0.18647
1.4177 0.097394
1.418 0.19886
1.4181 0.12858
1.4182 0.21082
1.4185 0.13808
1.4188 0.29189
1.419 0.27851
1.4198 0.32361
1.4198 0.17316
1.4199 0.23131
1.421 0.30212
1.4211 0.10607
1.4235 0.15279
1.4239 0.14426
1.424 0.26566
1.4258 0.40073
1.4266 0.12288
1.4266 0.42539
1.4267 0.36565
1.4272 0.56821
1.4273 0.47902
1.4273 0.24032
1.4276 0.28634
1.4277 0.1821
1.428 0.34418
1.4282 0.25216
1.4288 0.13454
1.4289 0.19236
1.4289 0.11243
1.4291 0.2203
1.4293 0.29666
1.4296 0.31007
1.4296 0.16204
1.4304 0.098134
1.4304 0.20574
1.431 0.23228
1.4317 0.50655
1.4319 0.54046
1.4319 0.17384
1.4333 0.14805
1.4335 0.27554
1.4341 0.52351
1.4343 0.26283
1.436 0.59151
1.4362 0.21329
1.4369 0.38258
1.4373 0.73745
1.4376 0.28886
1.4378 0.32436
1.4385 0.10861
1.4387 0.22864
1.4387 0.6167
1.4388 0.19707
1.4392 0.45225
1.4393 0.12269
1.4398 0.30089
1.4401 0.24123
1.4401 0.25476
1.4406 0.1572
1.4407 0.1837
1.4412 0.13712
1.4414 0.16843
1.4421 0.21964
1.4422 0.31186
1.443 0.098751
1.4441 0.20775
1.4456 0.26594
1.4457 0.14799
1.4462 0.95191
1.4465 0.28038
1.4468 0.13049
1.447 0.3614
1.4489 0.29296
1.4494 0.40366
1.4497 0.22974
1.4499 0.1955
1.4506 0.11099
1.4509 0.47204
1.4514 0.30519
1.4516 0.49439
1.4521 0.25163
1.4524 0.31864
1.4525 0.55374
1.4525 0.17422
1.4527 0.24002
1.4528 0.65496
1.4528 0.12431
1.4531 0.15918
1.4531 1
1.4534 0.78574
1.4534 0.57798
1.4536 0.14842
1.4536 0.21725
1.4539 0.52385
1.4539 0.13785
1.4541 0.59906
1.4543 0.1853
1.4548 0.33779
1.455 0.4308
1.4551 0.70027
1.4557 0.099245
1.4564 0.2735
1.4572 0.26281
1.4573 0.38002
1.4575 0.28517
1.4576 0.20526
1.4578 0.23439
1.461 0.29701
1.4614 0.10684
1.4618 0.14859
1.4619 0.16874
1.4621 0.12838
1.463 0.2267
1.4635 0.84512
1.4636 0.17939
1.4636 0.31005
1.4637 0.45432
1.4637 0.1167
1.4639 0.19279
1.4644 0.89918
1.4646 0.32309
1.4647 0.24144
1.4648 0.27871
1.4649 0.25506
1.4656 0.21361
1.4673 0.15956
1.4675 0.1377
1.4679 0.26795
1.4684 0.099615
1.4684 0.20335
1.4687 0.28813
1.4703 0.41412
1.4703 0.10753
1.4704 0.61733
1.4716 0.24908
1.472 0.59145
1.4721 0.54347
1.4723 0.50456
1.4725 0.17101
1.4729 0.12602
1.4736 0.2199
1.4741 0.47976
1.4742 0.1489
1.4744 0.39197
1.4747 0.27905
1.4754 0.18347
1.4757 0.23066
1.4758 0.30056
1.4759 0.31628
1.4764 0.33279
1.4769 0.36048
1.4771 0.11387
1.4771 0.19586
1.4775 0.25699
1.4782 0.56826
1.4784 0.20866
1.4787 0.2885
1.4797 0.24355
1.48 0.16088
1.4805 0.13702
1.481 0.099861
1.4814 0.26982
1.4819 0.43478
1.4826 0.52447
1.4843 0.45831
1.4858 0.3015
1.4858 0.2201
1.4866 0.1737
1.4867 0.30992
1.4869 0.29378
1.4871 0.12344
1.4875 0.28178
1.4877 0.18777
1.4877 0.32217
1.4877 0.11011
1.488 0.25175
1.488 0.23249
1.4884 0.19942
1.4884 0.14981
1.4889 0.6835
1.49 0.26186
1.4901 0.93459
1.4903 0.20919
1.4909 0.16217
1.4919 0.40924
1.4921 0.2719
1.493 0.13666
1.4932 0.24271
1.4937 0.099985
1.494 0.54672
1.4945 0.30207
1.4949 0.22505
1.4968 0.7381
1.4971 0.19306
1.4974 0.47381
1.4979 0.29108
1.498 0.33614
1.4983 0.1689
1.4988 0.38438
1.499 0.23323
1.499 0.1456
1.4992 0.12722
1.4994 0.20299
1.4998 0.1138
1.4998 0.2156
1.4999 0.31536
1.4999 0.50128
1.5 0.5974
1.5 1
1.5004 0.25369
1.5006 0.27921
1.5006 0.80323
1.5007 0.18146
1.5014 0.15719
1.5015 0.26719
1.5015 0.84201
1.5031 0.64229
1.5036 0.22491
1.5039 0.528
1.504 0.56762
1.504 0.42678
1.5042 0.1368
1.505 0.24164
1.5059 0.45077
1.5063 0.099985
1.5066 0.30156
1.5073 0.88317
1.5077 0.35983
1.5087 0.14714
1.5091 0.19395
1.5096 0.23169
1.5107 0.28865
1.5111 0.20727
1.5117 0.32418
1.5122 0.16943
1.5124 0.12537
1.5125 0.11061
1.5127 0.15632
1.5128 0.26142
1.5129 0.31175
1.5133 0.27497
1.5134 0.13854
1.5134 0.18291
1.5136 0.22027
1.5136 0.24908
1.5148 0.23928
1.519 0.099861
1.52 0.18984
1.5204 0.37889
1.5204 0.15998
1.5207 0.52051
1.5207 0.13487
1.5212 0.19978
1.5216 0.1474
1.5217 0.43317
1.5218 0.23082
1.5221 0.47709
1.5223 0.40607
1.5224 0.27591
1.5225 0.28445
1.5228 0.30074
1.5228 0.26786
1.5232 0.21112
1.5234 0.59768
1.5235 0.31803
1.5235 0.54706
1.524 0.24258
1.5246 0.57878
1.5247 0.12674
1.5248 0.11398
1.525 0.6167
1.5251 0.3383
1.5251 0.16766
1.5253 0.17945
1.5254 0.22062
1.5255 0.25545
1.5272 0.50218
1.5292 0.36146
1.5301 0.15825
1.5304 0.13589
1.5305 0.1923
1.5309 0.45194
1.5314 0.27587
1.5316 0.099615
1.5317 0.23546
1.532 0.26489
1.5323 0.68685
1.5327 0.20398
1.5333 0.31103
1.5336 0.9404
1.5337 0.22578
1.5338 0.28921
1.5341 0.21502
1.5349 0.12411
1.5353 0.32267
1.5359 0.14706
1.5368 0.24528
1.537 0.8377
1.5371 0.16933
1.5372 0.25713
1.5381 0.30127
1.5389 0.11146
1.5392 0.18353
1.5404 0.15715
1.5414 0.28095
1.5423 0.23289
1.5424 0.20884
1.5437 0.26797
1.5437 0.197
1.5439 0.13501
1.544 0.37965
1.5443 0.099245
1.5444 0.43091
1.5458 0.54528
1.5458 0.22
1.546 0.60009
1.5465 0.52245
1.5468 0.30228
1.5469 1
1.5469 0.29213
1.5469 0.12165
1.5469 0.31331
1.547 0.492
1.5472 0.33159
1.5475 0.35234
1.5479 0.46732
1.548 0.44951
1.5483 0.25302
1.5483 0.14861
1.5485 0.24094
1.5491 0.17611
1.5497 0.18693
1.5503 0.56708
1.5509 0.16246
1.5512 0.10994
1.5515 0.27985
1.5522 0.78295
1.5527 0.64037
1.5537 0.20868
1.5538 0.40571
1.5538 0.26212
1.5539 0.1292
1.5543 0.72926
1.5546 0.27068
1.5555 0.30221
1.5556 0.21901
1.5563 0.19545
1.5567 0.23009
1.557 0.098751
1.5571 0.13892
1.5581 0.2439
1.5584 0.17154
1.5588 0.32305
1.5593 0.88653
1.5595 0.11964
1.5601 0.31202
1.5603 0.25488
1.5603 0.18322
1.5613 0.10792
1.5615 0.29032
1.5619 0.15177
1.5622 0.16336
1.5622 0.27706
1.5629 0.13037
1.5629 0.26576
1.5648 0.20394
1.565 0.21708
1.5653 0.545
1.5656 0.19381
1.566 0.50399
1.5661 0.23788
1.5668 0.38728
1.5674 0.44866
1.5676 0.42424
1.5678 0.36546
1.5685 0.24754
1.5691 0.30436
1.5696 0.098134
1.5699 0.33822
1.5701 0.15975
1.5701 0.31887
1.5701 0.25805
1.5702 0.11212
1.5706 0.26535
1.5709 0.22895
1.5711 0.17236
1.5712 0.27255
1.5714 0.1244
1.5718 0.13896
1.5718 0.61322
1.572 0.58742
1.5723 0.28318
1.5727 0.47955
1.5727 0.18728
1.573 0.20951
1.5733 0.15139
1.574 0.1994
1.574 0.29364
1.5754 0.56478
1.576 0.23948
1.5766 0.52386
1.5776 0.21887
1.5778 0.10584
1.5785 0.26503
1.5786 0.40519
1.5798 0.31224
1.5801 0.2519
1.5809 0.18164
1.5811 0.27648
1.5813 0.14741
1.582 0.11563
1.5823 0.097394
1.5824 0.16003
1.5824 0.12881
1.5824 0.3239
1.5827 0.20789
1.5828 0.30161
1.5829 0.22996
1.5836 0.17278
1.5846 0.13894
1.5846 0.28862
1.585 0.19388
1.5867 0.10533
1.5869 0.2411
1.5873 0.26057
1.5875 0.26951
1.5883 0.3556
1.5883 0.50213
1.5899 0.21934
1.5905 0.38071
1.5914 0.12207
1.5915 0.16871
1.5932 0.83633
1.5933 0.79143
1.5934 0.27883
1.5935 0.18115
1.5935 0.13277
1.5936 0.25144
1.5938 1
1.5941 0.14754
1.5943 0.31367
1.5944 0.45961
1.5944 0.5767
1.5945 0.28828
1.5946 0.42884
1.5946 0.29764
1.5948 0.16025
1.5949 0.096529
1.595 0.60254
1.5951 0.75191
1.5952 0.11054
1.5952 0.54753
1.5954 0.68929
1.5955 0.24196
1.5956 0.23243
1.5958 0.94218
1.5958 0.63463
1.5964 0.20577
1.5964 0.33488
1.5965 0.19322
1.5969 0.88607
1.597 0.26534
1.5982 0.48266
1.599 0.52115
1.5994 0.40332
1.601 0.10275
1.6014 0.1878
1.6031 0.16846
1.6033 0.15645
1.604 0.25596
1.6041 0.22106
1.6042 0.12249
1.6042 0.275
1.6047 0.1365
1.6052 0.23185
1.6052 0.24286
1.6055 0.28833
1.6059 0.30383
1.606 0.31307
1.6063 0.3219
1.6066 0.10865
1.6071 0.18155
1.6076 0.09554
1.6084 0.14742
1.6087 0.19532
1.6092 0.20901
1.6093 0.26552
1.6109 0.1302
1.6133 0.56716
1.614 0.11474
1.6152 0.25453
1.6154 0.15824
1.6157 0.27678
1.6157 0.23135
1.616 0.44658
1.6161 0.17198
1.6163 0.35856
1.6163 0.38908
1.6167 0.14793
1.6168 0.42961
1.6168 0.10486
1.617 0.12404
1.617 0.2179
1.6172 0.58915
1.6173 0.29838
1.6174 0.53052
1.6176 0.31374
1.6176 0.33181
1.6177 0.24372
1.6178 0.41293
1.6179 0.47119
1.6179 0.13741
1.6182 0.50171
1.6183 0.2877
1.6188 0.61514
1.6195 0.19481
1.62 0.26542
1.62 0.18482
1.6203 0.094426
1.6206 0.55108
1.6208 0.20489
1.6224 0.16549
1.6229 0.22426
1.6236 0.25829
1.6249 0.14849
1.6253 0.11352
1.6255 0.23916
1.626 0.27292
1.6264 0.29276
1.6266 0.10223
1.6269 0.28277
1.6275 0.25032
1.6284 0.15925
1.6284 0.12624
1.6285 0.23027
1.6288 0.31381
1.6289 0.32298
1.6292 0.1941
1.6296 0.17237
1.63 0.30397
1.6307 0.21781
1.6308 0.18351
1.6314 0.26354
1.6325 0.20525
1.6326 0.13817
1.6329 0.093188
1.6341 0.79294
1.6351 0.52081
1.6354 0.45635
1.6356 0.37831
1.6357 0.27622
1.6359 0.11732
1.6362 0.17878
1.637 0.15001
1.6372 0.2401
1.6377 0.88325
1.6377 0.54114
1.6378 0.10522
1.6382 0.40032
1.6382 0.22851
1.6382 0.8369
1.6386 0.29083
1.6389 0.42973
1.6393 0.31603
1.6397 0.56919
1.6402 0.16216
1.6406 1
1.6407 0.33666
1.6408 0.18646
1.6409 0.25398
1.641 0.19912
1.6411 0.73551
1.6416 0.30388
1.6417 0.21033
1.6421 0.12706
1.6423 0.60338
1.6432 0.17407
1.6434 0.64523
1.6444 0.36064
1.6446 0.2211
1.6448 0.50519
1.645 0.48038
1.6454 0.14019
1.6456 0.26768
1.6456 0.091824
1.6456 0.27998
1.6457 0.11463
1.6488 0.69206
1.6492 0.24561
1.6494 0.20455
1.6496 0.2984
1.65 0.23311
1.6509 0.15266
1.6511 0.32169
1.6513 0.30929
1.6515 0.1657
1.6518 0.18135
1.6518 0.17353
1.6523 0.21374
1.6523 0.2887
1.6526 0.10388
1.6529 0.19404
1.6533 0.12109
1.654 0.13192
1.654 0.11295
1.6546 0.2571
1.6548 0.22304
1.6554 0.26688
1.6554 0.54923
1.656 0.27656
1.656 0.14185
1.6576 0.52621
1.6582 0.090335
1.6583 0.40928
1.6583 0.45329
1.6584 0.94688
1.6593 0.20562
1.6604 0.17382
1.6608 0.18535
1.6617 0.12538
1.6617 0.28681
1.6619 0.16102
1.6624 0.31521
1.6625 0.29974
1.6628 0.33003
1.6631 0.24431
1.6632 0.2293
1.6632 0.38128
1.6634 0.11305
1.6636 0.099782
1.6638 0.25562
1.6641 0.21711
1.6641 0.14885
1.6644 0.35033
1.665 0.56487
1.6655 0.26659
1.6659 0.13581
1.6659 0.58706
1.6663 0.27911
1.6669 0.5002
1.6672 0.19575
1.6682 0.61459
1.6693 0.20751
1.6693 0.42894
1.6709 0.088719
1.6711 0.16881
1.6715 0.12427
1.6715 0.182
1.6717 0.28887
1.6721 0.22415
1.6724 0.3095
1.6727 0.25514
1.6729 0.15721
1.673 0.10282
1.6738 0.3204
1.6741 0.47475
1.6754 0.23437
1.6763 0.27744
1.6763 0.24572
1.677 0.54598
1.677 0.14483
1.6771 0.13301
1.6772 0.11369
1.6772 0.30007
1.6777 0.21517
1.6779 0.19211
1.6781 0.20269
1.679 0.17455
1.6796 0.26551
1.6805 0.096312
1.6809 0.16488
1.681 0.22512
1.6811 0.40563
1.6824 0.15507
1.6825 0.67408
1.6826 0.10503
1.6833 0.33297
1.6835 0.12395
1.6835 0.18356
1.6835 0.086978
1.6843 0.24151
1.6857 0.31225
1.6858 0.52095
1.686 0.28959
1.6861 0.30072
1.6863 0.76952
1.6864 0.83718
1.6868 0.56969
1.6869 0.25419
1.6872 0.44934
1.6875 0.2084
1.6875 1
1.6876 0.13559
1.6876 0.71641
1.6877 0.23232
1.6884 0.17308
1.6884 0.26508
1.6889 0.27501
1.6891 0.11251
1.6892 0.19587
1.6896 0.14786
1.6907 0.90458
1.6911 0.22018
1.6914 0.35912
1.6919 0.16061
1.6922 0.42488
1.6922 0.38514
1.6924 0.098715
1.6935 0.28334
1.6937 0.49364
1.6942 0.59874
1.6944 0.24233
1.6948 0.30054
1.6952 0.18323
1.6957 0.47092
1.6962 0.085109
1.6962 0.63772
1.6969 0.32188
1.6978 0.2659
1.6983 0.12403
1.699 0.15142
1.6991 0.23139
1.6992 0.29009
1.6994 0.31034
1.6996 0.17144
1.7002 0.1394
1.7004 0.10927
1.7009 0.27862
1.7012 0.19287
1.7014 0.95595
1.7016 0.20722
1.7018 0.25326
1.7022 0.10108
1.7034 0.2214
1.7041 0.1603
1.7043 0.09337
1.7053 0.13122
1.7057 0.27122
1.7067 0.2418
1.7068 0.33491
1.7086 0.11526
1.7089 0.083112
1.7089 0.28691
1.7089 0.57523
1.7092 0.31686
1.7094 0.18197
1.7095 0.1691
1.7095 0.54548
1.7097 0.45695
1.7098 0.3004
1.7101 0.14883
1.7101 0.51359
1.7111 0.23046
1.7112 0.19558
1.7115 0.1251
1.7117 0.49595
1.7118 0.40424
1.712 0.43503
1.712 0.10294
1.712 0.27728
1.7122 0.26407
1.7125 0.25127
1.7125 0.13654
1.7133 0.37462
1.7138 0.091
1.7148 0.21759
1.7153 0.20527
1.7154 0.16021
1.716 0.35304
1.7164 0.6138
1.7165 0.47817
1.7169 0.18905
1.717 0.14379
1.7189 0.59226
1.7194 0.1714
1.7199 0.32334
1.7204 0.11557
1.7208 0.25522
1.7213 0.27383
1.7213 0.31017
1.7215 0.080988
1.7217 0.22842
1.7217 0.24207
1.7219 0.13903
1.722 0.29977
1.7221 0.12926
1.7224 0.28788
1.7225 0.094595
1.723 0.18265
1.7236 0.10448
1.724 0.14943
1.7244 0.19599
1.7251 0.20984
1.7256 0.16204
1.726 0.2643
1.7267 0.22039
1.7274 0.8796
1.7284 0.49872
1.7301 0.33589
1.7302 0.11066
1.7308 0.088692
1.731 0.25374
1.7316 0.13724
1.7318 0.3178
1.732 0.38438
1.7325 0.68228
1.7326 0.5217
1.7332 0.18591
1.7332 0.74167
1.7335 0.099969
1.7336 0.20431
1.7337 0.27533
1.7337 0.12235
1.7342 0.078734
1.7342 0.30158
1.7342 0.17214
1.7344 1
1.7345 0.42219
1.735 0.14669
1.735 0.23113
1.7351 0.15669
1.7351 0.2443
1.7353 0.79605
1.7361 0.45259
1.7364 0.92933
1.7367 0.28765
1.7369 0.26318
1.737 0.5719
1.7371 0.21544
1.7378 0.40095
1.738 0.6341
1.7382 0.3608
1.7382 0.19518
1.7387 0.54394
1.7388 0.60313
1.7393 0.47986
1.7395 0.14073
1.7398 0.11081
1.7423 0.31254
1.7428 0.84229
1.7428 0.32401
1.7429 0.089257
1.7434 0.24099
1.7436 0.20498
1.7446 0.13288
1.7448 0.28108
1.745 0.14714
1.745 0.17238
1.7455 0.25311
1.7461 0.10151
1.7464 0.18328
1.7467 0.11949
1.7467 0.16174
1.7468 0.076351
1.7475 0.23365
1.7475 0.22384
1.7477 0.30445
1.748 0.26923
1.7485 0.29252
1.7487 0.19617
1.7487 0.21352
1.7493 0.11022
1.7533 0.24201
1.7536 0.094612
1.7537 0.52817
1.7539 0.33627
1.754 0.40901
1.7541 0.1714
1.7546 0.15107
1.7547 0.31566
1.7561 0.084822
1.7561 0.11495
1.7562 0.20485
1.7564 0.4293
1.7566 0.1248
1.7568 0.28081
1.7569 0.50044
1.7569 0.59053
1.7574 0.13834
1.7575 0.23135
1.7581 0.25059
1.7581 0.26064
1.7583 0.30141
1.7584 0.10445
1.7588 0.38418
1.759 0.46978
1.7594 0.19186
1.7594 0.18006
1.7595 0.073838
1.7597 0.15991
1.7597 0.21826
1.76 0.2704
1.7602 0.2911
1.7618 0.44887
1.7626 0.55054
1.7632 0.57326
1.7633 0.35689
1.7642 0.20017
1.7645 0.14804
1.7647 0.093014
1.7649 0.61411
1.766 0.1282
1.7664 0.25475
1.767 0.27609
1.7672 0.24246
1.7674 0.17005
1.768 0.32271
1.7683 0.28543
1.7686 0.11524
1.7687 0.081935
1.7689 0.30861
1.769 0.29617
1.7691 0.21831
1.7697 0.22807
1.77 0.13715
1.7701 0.18312
1.7703 0.26562
1.7704 0.20812
1.7707 0.10173
1.7711 0.19502
1.7722 0.071194
1.7722 0.1568
1.7729 0.68408
1.7741 0.14567
1.7748 0.23609
1.7759 0.16536
1.7759 0.43462
1.7763 0.71842
1.7764 0.52474
1.7768 0.25386
1.777 0.12658
1.7775 0.28993
1.7776 0.21948
1.7778 0.65043
1.7781 0.4802
1.7786 0.27815
1.779 0.4094
1.7793 0.078105
1.7797 0.33779
1.7799 0.30049
1.7803 0.090806
1.7804 0.19953
1.7804 0.7679
1.7807 0.2427
1.7808 0.56578
1.7811 0.10553
1.7812 0.38691
1.7812 0.58884
1.7812 1
1.7814 0.18836
1.7816 0.95642
1.7817 0.13751
1.7817 0.88564
1.782 0.17338
1.7822 0.23101
1.7825 0.11655
1.7825 0.82138
1.7828 0.31552
1.7829 0.16033
1.783 0.14925
1.7832 0.45596
1.7843 0.26513
1.7848 0.068418
1.7857 0.21007
1.7859 0.36581
1.7873 0.22161
1.7883 0.50015
1.7895 0.54635
1.7902 0.30348
1.7905 0.07825
1.7906 0.23958
1.7909 0.27519
1.7912 0.099116
1.7912 0.25215
1.7912 0.18302
1.7913 0.28953
1.7914 0.16445
1.7927 0.11018
1.793 0.12567
1.7935 0.15413
1.7938 0.1415
1.7938 0.19688
1.7941 0.22998
1.7949 0.20783
1.7958 0.31159
1.796 0.089094
1.7965 0.17309
1.7965 0.61521
1.7968 0.43186
1.7971 0.21765
1.7972 0.32439
1.7973 0.26548
1.7975 0.065509
1.8012 0.30141
1.8022 0.1619
1.8023 0.38806
1.8024 0.47511
1.8025 0.59268
1.8026 0.27757
1.8029 0.18404
1.8029 0.11439
1.8036 0.25617
1.8039 0.22784
1.8039 0.13498
1.8041 0.20735
1.8047 0.24178
1.8047 0.077581
1.8053 0.088587
1.8055 0.10009
1.8061 0.56964
1.8063 0.34368
1.8066 0.41158
1.8072 0.31263
1.8073 0.45089
1.8076 0.52302
1.8077 0.5462
1.8078 0.14802
1.8086 0.29011
1.809 0.68681
1.8095 0.1723
1.8097 0.36582
1.8097 0.12422
1.8099 0.49676
1.8101 0.062466
1.8106 0.21868
1.8107 0.19578
1.8108 0.26653
1.8123 0.32512
1.8136 0.3017
1.8145 0.23079
1.8147 0.11207
1.815 0.16012
1.8151 0.2546
1.8151 0.086869
1.816 0.18383
1.8162 0.2787
1.8162 0.13575
1.8172 0.2076
1.8187 0.072831
1.8228 0.059289
1.8232 0.31258
1.8242 0.24272
1.8242 0.48234
1.8247 0.37813
1.8247 0.59954
1.8252 0.79402
1.8253 0.17166
1.8261 0.10012
1.8267 0.39972
1.8269 0.46106
1.827 0.29248
1.8274 0.43032
1.8274 0.54582
1.8274 0.84717
1.8278 0.12265
1.828 0.22156
1.8281 1
1.8281 0.92897
1.8283 0.33142
1.8283 0.88686
1.8285 0.73731
1.8286 0.08228
1.8288 0.64203
1.8299 0.50233
1.8301 0.14846
1.8307 0.26627
1.831 0.068474
1.8314 0.19514
1.8315 0.35611
1.8331 0.52304
1.8354 0.055977
1.8359 0.57206
1.8403 0.089737
1.8408 0.075998
1.8409 0.064265
1.8463 0.13115
1.8468 0.28563
1.8469 0.33824
1.8475 0.21454
1.8479 0.40875
1.848 0.45028
1.8481 0.052528
1.8484 0.55435
1.8485 0.17089
1.8492 0.31233
1.8494 0.068412
1.85 0.59054
1.8508 0.47935
1.8508 0.24146
1.8509 0.10759
1.8511 0.3804
1.8513 0.53375
1.8519 0.50981
1.8525 0.61407
1.8533 0.14856
1.8538 0.35542
1.854 0.26771
1.855 0.08318
1.8581 0.19568
1.8583 0.42907
1.8592 0.68795
1.8603 0.57175
1.8608 0.048941
1.8612 0.06577
1.8629 0.77246
1.865 0.094725
1.8694 0.54921
1.8697 0.17892
1.87 0.13252
1.8701 0.21779
1.8702 0.25972
1.8702 0.33807
1.8705 0.36164
1.8708 0.49841
1.871 0.81864
1.8715 0.15877
1.8732 0.28593
1.8734 0.045215
1.8738 0.95757
1.875 1
1.875 0.059919
1.8755 0.88702
1.8758 0.40449
1.8763 0.52263
1.8769 0.45183
1.877 0.10761
1.8771 0.31333
1.8774 0.42776
1.8776 0.37832
1.8778 0.59622
1.8781 0.47971
1.8787 0.082208
1.8808 0.6393
1.8811 0.56817
1.8811 0.24071
1.8817 0.19629
1.8841 0.73378
1.8849 0.052531
1.8861 0.041348
1.8898 0.1741
1.8906 0.26305
1.8918 0.065056
1.8939 0.15041
1.8952 0.38428
1.8955 0.12526
1.8957 0.32679
1.8968 0.47176
1.8968 0.3024
1.897 0.35754
1.8974 0.49903
1.8976 0.52231
1.8979 0.42506
1.8985 0.54684
1.8987 0.050767
1.8987 0.03734
1.8994 0.5778
1.8996 0.10199
1.8997 0.28178
1.9 0.59526
1.9007 0.61292
1.9013 0.21797
1.9014 0.40141
1.9018 0.19149
1.9033 0.24501
1.9046 0.081148
1.9058 0.77951
1.908 0.043169
1.9084 0.45139
1.9095 0.063902
1.9114 0.033189
1.9127 0.051868
1.914 0.31364
1.9145 0.26488
1.9147 0.93544
1.9159 0.11841
1.9171 0.14092
1.9177 0.56741
1.9178 0.19809
1.9184 0.17189
1.9184 0.40867
1.9185 0.33409
1.9187 0.52078
1.9195 0.042537
1.9204 0.49949
1.9212 0.4777
1.9217 0.29149
1.9219 1
1.9219 0.38172
1.9222 0.59554
1.9224 0.68781
1.9228 0.07588
1.9237 0.63333
1.9241 0.028894
1.925 0.42929
1.9251 0.35445
1.9256 0.098
1.9262 0.74078
1.9274 0.057877
1.9275 0.23937
1.9276 0.21486
1.9278 0.83464
1.9284 0.54713
1.9322 0.89307
1.9337 0.45187
1.9337 0.040128
1.9354 0.3145
1.9367 0.024453
1.9375 0.15247
1.9392 0.19524
1.9397 0.57087
1.9398 0.12645
1.9424 0.3371
1.9428 0.52839
1.943 0.26826
1.9431 0.4054
1.9443 0.50083
1.9459 0.36062
1.9468 0.61498
1.947 0.29472
1.9473 0.052183
1.9474 0.078231
1.9478 0.034666
1.9486 0.47065
1.9487 0.43079
1.9488 0.17277
1.9488 0.10444
1.9492 0.59179
1.9492 0.38134
1.9494 0.019864
1.951 0.21998
1.9523 0.24433
1.9533 0.54929
1.9541 0.45013
1.9596 0.042413
1.9596 0.77519
1.9598 0.72687
1.9605 0.02884
1.962 0.015127
1.9627 0.15024
1.9633 0.34435
1.9651 0.096998
1.9659 0.39178
1.9663 0.31582
1.9671 0.50225
1.9673 0.57456
1.9676 0.28437
1.9677 0.48349
1.9678 0.17156
1.9681 0.4371
1.9688 1
1.9694 0.058925
1.9696 0.19422
1.9697 0.12009
1.9699 0.64637
1.9699 0.52423
1.97 0.25884
1.9702 0.6056
1.9705 0.94199
1.9713 0.023287
1.9715 0.3675
1.9716 0.21611
1.9719 0.4144
1.972 0.23474
1.9728 0.87104
1.9729 0.080679
1.973 0.45838
1.9731 0.037526
1.9737 0.6935
1.9742 0.55083
1.9747 0.010238
1.9773 0.82281
1.9864 0.024515
1.9864 0.098897
1.9867 0.1411
1.9872 0.29614
1.9873 0.0051962
1.9877 0.47497
1.9882 0.49788
1.9882 0.16748
1.9888 0.34141
1.9899 0.43538
1.9904 0.54118
1.991 0.38979
1.9912 0.046884
1.9916 0.2736
1.9926 0.56343
1.9928 0.59018
1.9933 0.24747
1.9935 0.21806
1.9941 0.61754
1.995 0.07369
1.9956 0.45747
1.9959 0.41275
1.9962 0.36502
1.9967 0.19209
1.9975 0.12105
1.9976 0.31532
1.9995 0.52208
1.9995 0.016823
2 2.2204e-16
2.0033 0.0072857
2.0069 0.03112
2.0073 0.67818
2.0073 0.79138
2.0088 0.89762
2.0102 0.42484
2.0109 0.50284
2.0116 0.33162
2.0117 0.73283
2.0127 0.29268
2.0135 2.1906e-16
2.0136 0.4458
2.0139 0.4761
2.0142 0.014043
2.0143 0.3515
2.0144 0.54605
2.0146 0.2197
2.0146 0.23644
2.0148 0.14483
2.0153 0.12187
2.0153 0.075951
2.0154 0.09874
2.0156 1
2.0159 0.05463
2.0161 0.57573
2.0164 0.17744
2.0165 0.3756
2.0166 0.20288
2.0173 0.60407
2.0184 0.2629
2.0189 0.40328
2.0199 0.31492
2.0205 0.63964
2.0212 0.84329
2.0231 0.52089
2.0283 2.1577e-16
2.0297 0.94375
2.0315 0.42799
2.0319 0.49883
2.0331 0.12193
2.0333 0.028643
2.0347 0.24464
2.0347 0.3605
2.0349 0.22127
2.0351 0.074066
2.0357 0.28211
2.0363 0.052386
2.038 0.3334
2.0382 0.30406
2.0385 0.45337
2.0396 0.16401
2.0397 0.56156
2.0405 0.53664
2.0407 0.61423
2.0408 0.58863
2.0413 0.14149
2.0421 0.19239
2.0433 0.51633
2.0436 0.38399
2.0438 0.40939
2.0447 0.10021
2.0449 0.47869
2.0463 0.26319
2.0465 2.1171e-16
2.0517 0.89143
2.053 0.68126
2.0552 0.50006
2.0562 0.080842
2.0579 0.15144
2.0582 0.022654
2.0584 0.23976
2.0584 0.31391
2.0584 0.053542
2.0597 0.54832
2.0603 0.3578
2.0609 0.21252
2.0616 0.63537
2.0625 1
2.0626 0.43079
2.0628 0.12516
2.063 0.19397
2.0634 0.28747
2.0637 0.78841
2.0638 0.40157
2.0643 0.46137
2.0643 0.60352
2.0646 0.52386
2.0653 0.17421
2.0661 0.33304
2.0665 0.098834
2.0668 0.48264
2.0672 0.38044
2.0676 0.26223
2.0676 0.84769
2.0679 0.57339
2.0679 0.73
2.0688 2.0677e-16
2.0724 0.93515
2.0771 0.07936
2.0788 0.15068
2.079 0.50007
2.0806 0.24832
2.0817 0.41283
2.0832 0.22618
2.0834 0.030877
2.0835 0.19765
2.0842 0.45002
2.0847 0.39243
2.0851 0.058794
2.0859 0.29089
2.086 0.36934
2.0862 0.54532
2.0863 0.34451
2.0865 0.31364
2.0874 0.5934
2.0876 0.61778
2.0886 0.51947
2.089 0.1053
2.0891 0.47441
2.0896 0.27008
2.0898 0.13073
2.0911 0.17192
2.0924 0.43042
2.0936 2.0126e-16
2.0979 0.70055
2.0988 0.57314
2.1002 0.82939
2.1028 0.24495
2.103 0.14997
2.1033 0.65339
2.1035 0.07876
2.1037 0.38356
2.1039 0.051671
2.1046 0.40817
2.1057 0.18912
2.1062 0.29133
2.1063 0.52824
2.1063 0.3339
2.1075 0.88801
2.1091 0.10062
2.1093 0.4755
2.1094 1
2.1096 0.49963
2.1097 0.95844
2.1103 0.42866
2.1124 0.17016
2.1124 0.21508
2.1127 0.45171
2.1129 0.3598
2.1146 0.029519
2.1149 0.12319
2.1156 0.74601
2.1176 0.79325
2.1182 0.57506
2.1191 0.55093
2.1193 0.31426
2.1199 0.60197
2.1203 0.26797
2.121 1.9518e-16
2.1281 0.47603
2.1284 0.38956
2.1288 0.52386
2.1292 0.33784
2.1292 0.061791
2.1297 0.24263
2.13 0.095216
2.1307 0.15442
2.1308 0.18685
2.1308 0.42244
2.133 0.29189
2.1384 0.57185
2.1435 0.83323
2.1461 0.69687
2.1479 0.49893
2.1485 0.93315
2.1495 0.36093
2.1508 0.21824
2.1517 0.12558
2.1555 1.8751e-16
2.1557 0.3191
2.1557 0.033214
2.1562 1
2.1565 0.45489
2.1568 0.64122
2.1571 0.73745
2.1592 0.54136
2.1617 0.2678
2.1626 0.77881
2.1663 0.083285
2.1665 0.88393
2.1673 0.40252
2.1693 0.17271
2.1709 0.59075
2.1915 0.67501
2.1947 0.30604
2.1987 0.12558
2.2007 1.7749e-16
2.2009 0.22471
2.2014 0.73084
2.2016 0.35562
2.2018 0.089247
2.2021 0.055018
2.2022 0.884
2.2024 0.93913
2.2031 1
2.2033 0.83167
2.2039 0.49615
2.2039 0.77946
2.2041 0.43504
2.2042 0.39717
2.2075 0.55651
2.2085 0.27186
2.21 0.59242
2.2101 0.62986
2.2217 0.17403
2.237 0.88476
2.2403 0.09216
2.2414 0.25495
2.2421 0.13636
2.2435 0.67672
2.2437 0.39837
2.2471 0.77887
2.2473 0.042746
2.2482 0.45251
2.2484 0.35546
2.2485 0.30865
2.25 1
2.2506 0.535
2.2516 0.6342
2.2521 0.59119
2.2538 0.2132
2.2547 1.6549e-16
2.2561 0.93224
2.257 0.72674
2.2577 0.49399
2.2635 0.83768
2.2684 0.16901
2.2842 0.12496
2.2863 0.8895
2.2869 0.5567
2.2886 0.47015
2.2897 0.031293
2.2897 0.25657
2.2935 0.42636
2.2968 0.69907
2.2969 0.74981
2.2969 1
2.2972 0.63815
2.2989 0.36208
2.299 0.075064
2.2994 0.59041
2.3003 0.51357
2.3007 0.80038
2.3016 0.20253
2.3047 0.30592
2.3054 0.95175
2.3084 0.84733
2.3099 0.15949
2.3138 1.5237e-16
2.3329 0.55885
2.3332 0.6025
2.3357 0.037108
2.3359 0.46771
2.336 0.72506
2.3368 0.27768
2.3428 0.23302
2.3435 0.77044
2.3438 1
2.344 0.41113
2.3456 0.1226
2.3456 0.82334
2.3471 0.18153
2.3475 0.51488
2.3484 0.88996
2.3491 0.63261
2.3495 0.074133
2.3506 0.67826
2.3527 0.32229
2.355 0.36885
2.3578 0.95498
2.3752 1.3873e-16
2.3772 0.54367
2.3828 0.44406
2.383 0.59553
2.3841 0.84443
2.3842 0.64372
2.3848 0.087946
2.3871 0.04576
2.3872 0.35217
2.3903 0.7964
2.3904 0.2105
2.3906 1
2.391 0.16051
2.3921 0.2719
2.3923 0.72999
2.3933 0.49644
2.3976 0.31928
2.3982 0.67761
2.3983 0.39612
2.3998 0.88114
2.4002 0.11909
2.4016 0.93643
2.424 0.5506
2.4282 0.59346
2.4283 0.18585
2.4298 0.30673
2.4308 0.35037
2.4329 0.69202
2.4334 0.8974
2.4346 0.63894
2.4375 1
2.4375 1.249e-16
2.4375 0.84111
2.4377 0.14245
2.4395 0.77392
2.4397 0.080545
2.4415 0.44988
2.442 0.50565
2.443 0.23115
2.4442 0.27641
2.4462 0.39542
2.447 0.93755
2.4475 0.72779
2.4703 0.53733
2.4709 0.58528
2.4733 0.36598
2.4775 0.18407
2.4782 0.8966
2.4787 0.26379
2.4802 0.31399
2.4821 0.041479
2.4844 1
2.4845 0.49561
2.4849 0.95913
2.4851 0.80123
2.4854 0.74998
2.4873 0.6891
2.4874 0.12771
2.4896 0.63263
2.4898 0.22944
2.4908 0.4099
2.4915 0.84637
2.493 0.4549
2.5 1.1102e-16
2.5011 0.082006
2.5161 0.36331
2.5181 0.60021
2.5219 0.20962
2.5222 0.77624
2.5231 0.87476
2.5254 0.4382
2.526 0.54295
2.5287 0.92712
2.5298 0.47997
2.5303 0.73299
2.5312 0.26386
2.5312 1
2.5343 0.16463
2.5345 0.045937
2.5348 0.11444
2.5367 0.081427
2.5368 0.82424
2.5371 0.32208
2.538 0.64617
2.5401 0.69203
2.5408 0.40288
2.5625 9.7145e-17
2.5634 0.59553
2.5692 0.44281
2.5699 0.21067
2.5708 0.36405
2.571 0.77227
2.5744 0.086154
2.5755 0.67573
2.5757 0.13633
2.5762 0.1717
2.5765 0.71776
2.577 0.40403
2.5772 0.95493
2.5772 0.49805
2.5774 0.88157
2.5781 1
2.5843 0.25646
2.5856 0.040067
2.5863 0.30543
2.5873 0.82253
2.5916 0.54992
2.5918 0.63816
2.6117 0.46262
2.6127 0.59538
2.6145 0.74239
2.6155 0.11688
2.6184 0.34872
2.6201 0.40622
2.6204 0.23026
2.6204 0.27297
2.6212 0.17216
2.6213 0.88382
2.6225 0.92485
2.6238 0.84711
2.625 8.3267e-17
2.625 1
2.6273 0.68681
2.6296 0.79245
2.6315 0.068041
2.6342 0.50929
2.635 0.63366
2.6367 0.55852
2.6411 0.3091
2.6577 0.45634
2.6603 0.21192
2.6607 0.59674
2.6632 0.8818
2.6634 0.83041
2.666 0.26059
2.6668 0.74306
2.6676 0.037008
2.6698 0.94626
2.6719 1
2.6726 0.12301
2.6736 0.35708
2.6761 0.1761
2.6781 0.41305
2.6796 0.69605
2.6797 0.073583
2.6797 0.79352
2.6799 0.6484
2.6818 0.4947
2.683 0.30563
2.6831 0.54549
2.6875 6.9389e-17
2.7122 0.16124
2.7131 0.090722
2.7143 0.67966
2.7156 0.35685
2.716 0.60002
2.7171 0.90952
2.7172 0.21504
2.7175 0.32498
2.7178 0.72085
2.7181 0.96513
2.7184 0.51013
2.7184 0.046299
2.7185 0.39116
2.7186 0.27809
2.7188 1
2.7189 0.77165
2.719 0.83743
2.7214 0.4538
2.7278 0.64699
2.7308 0.12521
2.7358 0.55025
2.75 5.5511e-17
2.7552 0.35216
2.7555 0.30515
2.7603 0.16409
2.7605 0.086182
2.7606 0.58574
2.7614 0.74409
2.764 0.68611
2.7652 0.40492
2.7652 0.94629
2.7656 1
2.7658 0.62747
2.7661 0.79465
2.7667 0.88553
2.7674 0.50725
2.768 0.12481
2.7706 0.038933
2.7714 0.25816
2.772 0.20916
2.7753 0.83899
2.7772 0.55373
2.7858 0.45284
2.7976 0.72418
2.7982 0.36925
2.8068 0.22632
2.8074 0.76561
2.8095 0.31312
2.8102 0.53733
2.8104 0.92113
2.8106 0.18409
2.8109 0.65181
2.8111 0.060461
2.8117 0.40991
2.8122 0.865
2.8125 4.1633e-17
2.8125 1
2.8125 0.5916
2.8126 0.1233
2.8137 0.81446
2.8156 0.69373
2.8193 0.25984
2.8263 0.49273
2.8283 0.44774
2.8415 0.73012
2.8486 0.89135
2.849 0.36946
2.8501 0.63328
2.8505 0.035705
2.8508 0.41757
2.8531 0.16488
2.8539 0.27552
2.8567 0.94255
2.8575 0.84287
2.8578 0.22128
2.8594 1
2.8594 0.078372
2.8598 0.68046
2.8611 0.78286
2.8629 0.54465
2.8643 0.598
2.8676 0.49981
2.8701 0.45846
2.8714 0.31568
2.875 2.7756e-17
2.8762 0.1241
2.8907 0.4079
2.8968 0.040544
2.899 0.58549
2.9 0.68427
2.9012 0.73098
2.9021 0.6382
2.9034 0.77705
2.9036 0.88723
2.9041 0.81907
2.9046 0.22016
2.9053 0.95802
2.9056 0.2679
2.9062 1
2.9069 0.31154
2.9087 0.17225
2.909 0.083856
2.9096 0.35371
2.9115 0.49973
2.9144 0.44673
2.9148 0.55043
2.9187 0.12279
2.9375 1.3878e-17
2.9376 0.68587
2.9414 0.31155
2.9461 0.77975
2.9469 0.59186
2.947 0.40503
2.9488 0.21977
2.9496 0.13681
2.9496 0.046932
2.9511 0.84146
2.9519 0.88192
2.9524 0.92382
2.9531 1
2.9547 0.095283
2.9549 0.46346
2.9551 0.53523
2.9554 0.49952
2.9573 0.72711
2.9576 0.64548
2.9593 0.27178
2.9598 0.35187
2.9613 0.16954
3 0
3 0.0625
3 0.125
3 0.1875
3 0.25
3 0.3125
3 0.375
3 0.4375
3 0.5
3 0.5625
3 0.625
3 0.6875
3 0.75
3 0.8125
3 0.875
3 0.9375
3 1
