3271 3292 3294
3308 3317 3300
3333 3317 3332
3332 3317 3308
3308 3331 3332
3167 3152 3171
3171 3152 3154
3333 3334 3318
3315 3294 3292
2158 2036 2052
1762 1897 1818
1818 1897 1925
2287 2304 2151
4 34 26
26 5 4
24 5 26
3 34 4
3329 3309 3328
3316 3327 3310
3282 3298 3308
3308 3300 3282
3278 3259 3265
3265 3282 3278
3278 3282 3300
3221 3215 3197
3081 3107 3097
3140 3161 3134
3083 3091 3104
3104 3093 3083
3263 3253 3276
3276 3287 3263
3275 3276 3253
3097 3107 3118
3170 3144 3153
3097 3118 3116
3116 3118 3144
3128 3152 3138
3138 3152 3167
3176 3171 3154
3176 3194 3200
2365 2398 2295
2295 2398 2270
2270 2181 2295
2392 2270 2387
2270 2398 2387
2483 2392 2387
2387 2398 2483
2452 2398 2365
3299 3300 3317
3299 3275 3277
3277 3278 3299
3299 3278 3300
3335 3336 3321
3320 3336 3337
3341 3315 3340
3255 3274 3269
3205 3226 3227
1715 1683 1671
1730 1683 1715
2011 1914 2036
2106 2181 2042
1807 1751 1917
1917 1914 1807
1921 2042 1917
1917 2042 2052
1917 1802 1921
1751 1802 1917
1917 2052 2036
2036 1914 1917
649 648 632
1671 1602 1606
2025 2011 2151
1897 2011 2025
807 837 919
1203 1296 1311
1533 1646 1673
2412 2452 2365
2462 2452 2412
2413 2415 2521
2273 2270 2392
2158 2270 2273
1 29 2
2 29 38
57 55 38
57 38 52
52 38 29
185 209 188
116 89 124
95 89 116
117 110 99
99 110 83
97 84 67
103 97 119
84 97 103
67 84 64
64 47 67
64 59 47
74 85 96
112 100 96
84 103 107
74 96 71
71 96 100
71 53 42
12 11 17
17 11 31
79 85 60
60 85 74
211 226 192
192 226 212
171 192 175
187 163 175
173 163 187
187 204 173
150 163 173
7 33 8
8 33 21
6 5 32
32 5 24
266 297 288
288 263 266
282 263 288
14 19 15
37 19 14
37 53 58
358 329 343
358 377 361
343 329 319
374 358 343
377 358 374
409 386 398
352 336 361
361 336 340
340 358 361
329 358 340
349 370 365
376 370 348
348 324 322
3327 3328 3324
3310 3327 3324
3324 3328 3309
3324 3296 3310
3309 3296 3324
3283 3280 3303
3327 3316 3326
3232 3215 3221
3221 3254 3232
3189 3197 3184
3184 3197 3215
3156 3184 3161
3063 3081 3047
3107 3081 3105
3293 3279 3267
3267 3270 3293
3257 3270 3267
3295 3305 3298
3298 3279 3295
3293 3305 3295
3295 3279 3293
3291 3309 3293
3293 3270 3291
3291 3296 3309
3291 3270 3296
3159 3134 3161
3083 3093 3084
2973 2955 2974
3005 3016 2999
3067 3046 3060
3047 3081 3060
3060 3046 3037
3287 3276 3284
3276 3275 3284
3167 3171 3191
3191 3176 3200
3171 3176 3191
3244 3275 3253
3253 3237 3244
3253 3228 3222
3222 3237 3253
3222 3228 3200
3144 3170 3151
3151 3116 3144
3167 3180 3155
3329 3330 3322
3322 3330 3305
3322 3309 3329
3293 3309 3322
3322 3305 3293
3323 3330 3331
3305 3330 3323
3298 3305 3323
3323 3331 3308
3308 3298 3323
2509 2452 2462
2462 2412 2474
2474 2412 2409
2474 2509 2462
2536 2509 2474
2950 2957 2935
2978 2957 2977
2407 2273 2392
2287 2273 2407
2521 2415 2522
2415 2417 2522
3319 3299 3317
3318 3299 3319
3319 3317 3333
3333 3318 3319
3269 3289 3261
3338 3339 3312
3314 3315 3292
3314 3340 3315
3292 3289 3314
3339 3340 3314
3320 3286 3304
3304 3336 3320
3304 3321 3336
3287 3321 3304
3190 3180 3211
3211 3180 3204
3210 3183 3205
3205 3227 3210
3252 3226 3245
3252 3227 3226
3205 3183 3182
3136 3155 3168
3168 3180 3190
3168 3155 3180
3048 3046 3067
1628 1602 1671
1671 1683 1628
1601 1558 1628
1628 1558 1602
1601 1628 1654
1654 1628 1683
1654 1683 1730
1730 1684 1654
1780 1802 1735
1807 1914 1801
1897 1762 1801
2150 2287 2151
2151 2011 2150
2158 2273 2150
2150 2273 2287
2150 2036 2158
2150 2011 2036
1898 2011 1897
1914 2011 1898
1897 1801 1898
1898 1801 1914
2052 2042 2139
2139 2042 2181
2158 2052 2139
2139 2270 2158
2139 2181 2270
368 357 360
368 350 357
375 350 368
883 940 920
920 940 997
997 941 920
997 1010 941
1746 1721 1688
1790 1791 1837
1721 1746 1790
1790 1746 1791
2289 2417 2415
2151 2304 2261
2261 2166 2151
2261 2289 2166
2304 2417 2261
2417 2289 2261
1818 1925 1920
1751 1644 1681
1735 1802 1681
1681 1802 1751
1294 1203 1146
1296 1203 1294
1691 1762 1818
1855 1780 1797
23 3 2
2 38 23
34 3 23
23 55 34
23 38 55
18 1 0
0 36 18
29 1 18
61 89 68
68 89 95
183 185 161
95 116 115
117 99 115
115 99 95
236 225 221
211 225 230
230 226 211
88 97 67
119 97 88
125 103 119
125 148 143
143 107 125
125 107 103
27 11 10
31 11 27
80 64 84
79 59 80
59 64 80
131 107 143
22 13 12
12 17 22
58 53 75
53 71 75
74 71 45
45 71 42
45 17 31
42 22 45
45 22 17
45 60 74
212 204 191
175 192 191
191 192 212
191 187 175
204 187 191
197 225 211
197 221 225
145 125 119
148 125 145
143 148 164
175 163 159
159 171 175
159 164 171
163 131 159
159 131 143
143 164 159
25 9 8
8 21 25
20 7 6
6 32 20
33 7 20
168 185 188
122 101 118
118 141 122
24 26 43
43 32 24
47 25 39
39 25 21
67 47 39
39 54 67
39 21 33
33 54 39
63 92 81
63 43 62
62 82 63
63 82 92
73 99 83
83 69 73
73 55 57
73 69 55
118 101 94
94 110 118
83 110 94
78 94 101
101 82 78
78 82 62
301 316 321
201 177 195
195 177 169
227 209 231
243 229 227
229 195 227
271 295 289
289 316 301
301 290 289
287 271 264
287 295 271
16 15 28
28 15 19
40 37 58
19 37 40
49 28 40
40 28 19
372 386 403
297 319 307
288 297 307
307 319 329
377 374 402
402 398 377
361 377 383
377 398 383
383 398 386
366 386 372
372 352 366
366 383 386
366 352 361
361 383 366
342 372 360
342 352 372
360 333 342
466 491 482
300 324 302
339 348 322
339 321 350
364 350 375
376 348 364
347 370 349
347 348 370
349 324 347
324 348 347
387 365 370
370 404 387
404 412 387
387 412 413
376 364 388
388 364 375
737 770 767
767 797 790
767 770 797
657 688 706
3248 3254 3221
3221 3197 3207
3195 3217 3207
3207 3197 3189
3207 3181 3195
3189 3181 3207
3311 3303 3325
3325 3326 3311
3311 3326 3316
3283 3303 3311
3283 3311 3297
3297 3311 3316
3215 3232 3220
3220 3232 3254
3161 3184 3186
3195 3181 3165
3148 3131 3165
3108 3131 3123
3123 3131 3148
3137 3123 3148
3125 3123 3137
3189 3184 3169
3184 3156 3169
3169 3181 3189
3148 3165 3169
3169 3165 3181
3169 3137 3148
3156 3137 3169
3237 3222 3216
3200 3194 3216
3216 3222 3200
3174 3170 3153
3153 3158 3174
3149 3127 3120
3093 3104 3120
3110 3127 3135
3135 3127 3149
3094 3127 3110
3071 3070 3094
3094 3084 3093
3070 3084 3094
3093 3120 3094
3094 3120 3127
3033 3063 3047
3110 3105 3090
3071 3094 3090
3090 3094 3110
3134 3159 3147
3149 3120 3147
3147 3120 3134
3061 3070 3071
2961 2996 2987
2973 2974 2985
2989 2985 2964
2964 2985 2974
2964 2974 2955
2901 2881 2907
2971 2950 2938
2938 2907 2924
2999 3016 2992
3016 3004 2992
2992 2971 2999
3037 3046 3024
3024 3016 3037
3024 3004 3016
3025 3015 3024
3024 3015 3004
3024 3048 3025
3046 3048 3024
3067 3060 3082
3082 3081 3097
3082 3060 3081
3307 3321 3287
3287 3284 3307
3307 3334 3335
3335 3321 3307
3307 3318 3334
3275 3299 3301
3301 3284 3275
3301 3299 3318
3318 3307 3301
3301 3307 3284
3224 3204 3198
3231 3244 3237
3237 3216 3231
3132 3151 3154
3132 3152 3128
3154 3152 3132
3116 3151 3132
3194 3176 3172
3172 3170 3194
3172 3151 3170
3172 3176 3154
3154 3151 3172
3141 3138 3167
3167 3155 3141
3136 3119 3141
3141 3155 3136
2527 2565 2483
2452 2509 2527
2483 2398 2527
2398 2452 2527
2935 2957 2921
2919 2950 2935
3012 3015 3025
2984 3009 2998
2984 2978 2993
2993 3012 2984
2984 3012 3009
2957 2978 2948
2894 2921 2948
2948 2921 2957
2722 2787 2714
2714 2651 2722
2304 2287 2421
2287 2407 2421
2407 2510 2421
2421 2510 2518
2421 2417 2304
2518 2417 2421
2483 2565 2525
2525 2392 2483
2565 2601 2525
2525 2601 2569
2525 2407 2392
2525 2510 2407
2525 2569 2510
2521 2522 2583
2524 2417 2518
2524 2522 2417
2623 2624 2594
3245 3261 3268
3268 3292 3271
3268 3289 3292
3268 3261 3289
3271 3252 3268
3268 3252 3245
3274 3286 3288
3313 3312 3339
3339 3314 3313
3289 3312 3313
3313 3314 3289
3287 3304 3285
3285 3304 3286
3247 3253 3263
3247 3228 3253
3224 3228 3247
3247 3256 3224
3223 3204 3224
3223 3211 3204
3250 3236 3255
3250 3255 3269
3269 3261 3250
3250 3261 3245
3190 3211 3212
3136 3168 3150
3150 3126 3136
3099 3126 3106
3106 3077 3099
3099 3077 3079
3068 3089 3074
3074 3048 3068
3067 3089 3068
3068 3048 3067
3128 3101 3103
3103 3101 3074
3074 3089 3103
3129 3101 3128
3119 3101 3129
3128 3138 3129
3138 3141 3129
3129 3141 3119
3100 3101 3119
3100 3099 3079
3086 3098 3075
3075 3066 3086
3092 3077 3106
3092 3098 3086
3049 3077 3064
3044 3032 3020
2963 2984 2998
2963 2952 2949
2972 2952 2963
2998 3009 3010
1544 1606 1602
1602 1558 1544
1558 1501 1544
1728 1780 1735
1854 1780 1855
1855 1913 1854
1802 1780 1854
1921 1802 1854
1854 1913 1921
2106 2042 2040
1807 1801 1657
1564 1644 1657
1657 1751 1807
1657 1644 1751
1221 1172 1053
1334 1172 1221
1328 1425 1270
1006 1014 925
1362 1295 1358
1362 1313 1295
375 368 391
391 388 375
408 388 391
850 879 885
904 885 879
790 797 812
797 834 812
812 834 850
737 706 716
716 706 688
752 730 726
721 730 752
800 795 819
769 795 800
789 817 788
788 752 789
819 795 788
788 795 769
832 837 757
837 807 757
940 883 868
830 868 883
830 781 799
813 781 830
941 914 876
928 921 954
901 921 898
898 921 928
1078 997 1082
1010 997 1078
1045 1010 1078
991 997 940
1055 991 1020
1082 997 1055
997 991 1055
1730 1715 1781
1688 1721 1659
1659 1629 1688
1659 1721 1671
1671 1606 1659
1606 1629 1659
1688 1629 1627
1113 1182 1138
1138 1182 1183
1358 1295 1325
1325 1383 1358
1419 1383 1367
1367 1421 1419
1480 1510 1538
2415 2413 2281
2281 2289 2415
1818 1920 1754
1754 1691 1818
1646 1691 1754
1673 1646 1754
2020 1920 1925
2020 1925 1897
1897 2025 2020
2020 2025 2151
2151 2166 2020
1903 1920 2031
1188 1203 1311
1146 1203 1083
1439 1460 1382
1460 1294 1382
1207 1088 1172
1146 1088 1207
1207 1294 1146
1584 1691 1646
1646 1533 1584
1584 1533 1460
1762 1691 1680
1553 1533 1673
1553 1433 1533
1394 1433 1311
1311 1296 1394
1533 1433 1394
1460 1533 1394
1296 1294 1394
1394 1294 1460
2573 2580 2559
2559 2540 2573
2529 2540 2559
2529 2519 2540
2559 2580 2548
2548 2529 2559
2511 2529 2548
2182 2204 2141
2357 2340 2372
2174 2235 2220
2220 2235 2262
2175 2181 2106
2564 2516 2544
2288 2358 2350
2288 2282 2338
2338 2358 2288
2027 1959 1964
1732 1684 1730
1730 1797 1732
1732 1797 1780
1780 1728 1732
2288 2235 2213
44 36 61
61 68 44
44 68 52
44 18 36
44 52 29
29 18 44
139 110 117
139 140 110
161 140 139
117 115 139
209 185 208
264 271 241
156 181 179
167 183 161
161 139 167
233 266 240
240 266 263
232 204 212
232 253 239
242 225 236
242 230 225
269 253 251
251 232 212
253 232 251
212 226 251
81 88 66
67 54 66
66 88 67
81 92 102
102 88 81
10 9 35
35 27 10
9 25 35
47 59 35
35 25 47
51 59 79
79 60 51
51 35 59
27 35 51
84 107 86
86 80 84
79 80 86
142 150 133
163 150 142
142 131 163
30 22 42
13 22 30
42 53 30
53 37 30
14 13 30
30 37 14
58 75 76
41 45 31
60 45 41
41 51 60
31 27 41
27 51 41
157 144 162
201 221 205
221 197 205
119 88 113
88 102 113
148 145 165
171 164 178
178 165 174
178 197 211
174 197 178
211 192 178
192 171 178
178 164 148
148 165 178
151 150 173
133 150 151
50 54 33
33 20 50
50 66 54
81 66 50
50 63 81
50 20 32
141 168 153
149 168 141
149 140 161
161 185 149
185 168 149
114 102 92
92 82 108
108 114 92
101 122 108
108 82 101
132 114 108
32 43 46
43 63 46
46 50 32
63 50 46
77 68 95
95 99 77
99 73 77
77 73 57
57 52 77
52 68 77
62 43 48
48 78 62
48 43 26
48 26 34
316 289 315
315 289 295
360 357 338
338 333 360
338 321 316
316 315 338
338 315 333
357 350 338
350 321 338
236 221 252
201 195 213
213 195 229
213 221 201
243 227 245
188 209 194
209 227 194
194 227 195
275 287 264
263 282 275
49 40 65
65 40 58
58 76 65
280 267 255
372 403 400
311 282 288
288 307 311
336 313 311
311 340 336
329 340 311
311 307 329
420 402 397
397 402 374
413 412 440
440 412 436
413 440 442
442 440 466
292 262 268
327 324 349
302 324 327
348 339 346
346 364 348
346 339 350
350 364 346
376 388 395
395 415 404
395 370 376
395 404 370
737 767 715
715 706 737
621 667 652
790 812 786
786 812 835
786 767 790
786 835 821
712 715 742
742 715 767
767 786 742
742 786 764
665 691 649
683 665 660
3283 3297 3272
3272 3297 3281
3272 3281 3254
3254 3248 3272
3302 3316 3310
3302 3297 3316
3281 3297 3302
3310 3296 3302
3296 3281 3302
3202 3220 3235
3175 3159 3161
3161 3186 3175
3175 3186 3202
3196 3184 3215
3196 3186 3184
3215 3220 3196
3196 3220 3202
3202 3186 3196
3078 3102 3091
3125 3137 3124
3095 3076 3108
3108 3123 3095
3192 3174 3213
3194 3170 3192
3170 3174 3192
3187 3174 3158
3213 3174 3187
3134 3120 3112
3112 3120 3104
3112 3104 3091
3157 3135 3149
3158 3135 3157
3130 3105 3110
3110 3135 3130
3027 3005 3008
3008 3033 3027
3027 3033 3047
3027 3060 3037
3047 3060 3027
3037 3016 3027
3016 3005 3027
3042 3061 3053
3071 3063 3053
3053 3061 3071
3013 3033 3008
3013 2985 2989
3008 2985 3013
3085 3063 3071
3071 3090 3085
3081 3063 3085
3085 3105 3081
3085 3090 3105
3045 3076 3052
3052 3026 3045
3045 3026 3023
3058 3061 3042
3030 3055 3058
3058 3084 3070
3070 3061 3058
3083 3084 3058
3058 3055 3083
3051 3034 3040
3040 3052 3051
3026 3052 3040
2607 2573 2609
2580 2573 2607
3008 3005 2988
2988 2985 3008
2973 2985 2988
2988 3005 2999
2988 2971 2973
2999 2971 2988
2940 2964 2955
2947 2955 2973
2947 2938 2924
2973 2971 2947
2971 2938 2947
2926 2938 2950
2926 2919 2901
2950 2919 2926
2901 2907 2926
2907 2938 2926
2994 2992 3004
3004 3015 2994
2994 2978 2977
2993 2978 2994
2994 3012 2993
3015 3012 2994
2977 2957 2975
2957 2950 2975
2975 2994 2977
2992 2994 2975
2975 2950 2971
2971 2992 2975
3088 3089 3067
3067 3082 3088
3088 3082 3097
3097 3116 3088
3116 3089 3088
3204 3180 3188
3188 3198 3204
3188 3180 3167
3167 3191 3188
3191 3198 3188
3214 3228 3224
3224 3198 3214
3200 3228 3214
3214 3191 3200
3214 3198 3191
3244 3231 3258
3258 3278 3277
3259 3278 3258
3277 3275 3258
3275 3244 3258
2558 2527 2509
2432 2474 2409
2432 2480 2474
2432 2393 2479
2479 2480 2432
2536 2474 2517
2474 2480 2517
2517 2480 2479
2880 2921 2894
2935 2921 2918
2918 2919 2935
2718 2656 2682
2830 2889 2860
2894 2889 2830
2860 2889 2916
2916 2952 2917
2949 2952 2916
2773 2830 2860
2586 2524 2518
2586 2583 2522
2522 2524 2586
3054 3059 3079
3079 3077 3054
3054 3077 3049
2949 2916 2937
2937 2916 2889
2937 2963 2949
2937 2889 2894
2894 2948 2937
2968 2969 2946
2991 2969 2968
2654 2601 2565
2654 2718 2732
2656 2718 2654
2569 2601 2630
2521 2583 2584
2584 2583 2651
2722 2651 2638
2651 2583 2638
2583 2586 2638
2598 2566 2571
2594 2566 2598
3269 3274 3290
3274 3288 3290
3290 3289 3269
3290 3312 3289
3306 3286 3320
3306 3288 3286
3320 3337 3306
3306 3337 3338
3338 3312 3306
3312 3290 3306
3306 3290 3288
3273 3285 3286
3273 3247 3263
3256 3247 3273
3263 3287 3273
3287 3285 3273
3224 3256 3239
3239 3223 3224
3255 3236 3229
3211 3223 3229
3229 3212 3211
3236 3212 3229
3230 3212 3236
3245 3226 3230
3230 3250 3245
3236 3250 3230
3166 3182 3183
3121 3098 3117
3117 3143 3121
3098 3092 3117
3164 3150 3168
3164 3177 3162
3126 3099 3113
3113 3119 3136
3136 3126 3113
3113 3100 3119
3099 3100 3113
3111 3103 3089
3111 3089 3116
3116 3132 3111
3111 3132 3128
3128 3103 3111
3101 3100 3087
3079 3059 3087
3087 3100 3079
3096 3098 3121
3096 3075 3098
3056 3032 3044
3044 3066 3056
3066 3075 3056
3086 3066 3073
3066 3064 3073
3073 3092 3086
3077 3092 3073
3073 3064 3077
3011 3020 3032
2991 3020 3011
3044 3020 3038
3038 3066 3044
3038 3064 3066
3049 3064 3038
2903 2858 2891
2970 2952 2972
2970 3000 2980
3017 3000 2986
2986 2970 2972
3000 2970 2986
2986 2963 2998
2972 2963 2986
2998 3010 2986
2986 3010 3017
1506 1501 1558
1399 1362 1436
1979 2042 1921
1979 2040 2042
1921 1913 1979
1913 1968 1979
1979 1968 2040
1907 1913 1855
1907 1968 1913
2040 1968 2029
919 1053 1037
1037 1053 1172
1172 1088 1037
1221 1053 1158
1158 1053 1060
1158 1270 1221
919 837 916
916 1053 919
916 837 832
1060 949 1077
1564 1657 1511
1511 1657 1554
1511 1425 1564
1511 1413 1425
1221 1270 1333
1333 1334 1221
1333 1413 1334
1333 1270 1425
1425 1413 1333
1202 1235 1262
1175 1235 1202
925 914 976
976 1006 925
976 914 941
941 1010 976
976 1010 1045
1045 1006 976
1014 1006 1069
1069 1006 1045
1262 1235 1317
1313 1362 1317
1362 1399 1317
1208 1235 1175
726 709 739
643 642 654
654 642 650
483 475 453
437 402 420
420 453 437
437 453 475
507 531 505
537 531 507
507 475 483
502 528 489
505 531 502
502 531 528
489 528 519
850 885 852
852 812 850
835 812 852
881 845 858
834 845 861
861 879 850
850 834 861
845 881 861
908 890 923
637 621 652
606 621 637
651 688 657
559 526 523
639 621 588
667 621 639
589 549 548
735 696 721
789 752 778
774 775 798
858 845 816
816 834 797
816 845 834
769 800 768
272 280 255
173 204 200
257 277 281
482 491 518
825 791 824
825 949 832
793 791 751
824 791 793
824 793 827
827 793 785
934 1014 984
925 1014 934
1013 1065 1018
1018 959 1013
940 868 957
957 991 940
1020 991 957
957 1018 1020
959 1018 957
690 691 714
690 714 733
690 648 649
649 691 690
648 690 664
664 690 684
695 684 728
760 765 728
728 690 733
684 690 728
738 751 718
718 704 738
2146 2182 2141
2188 2182 2146
844 817 853
1008 1034 1027
928 954 964
792 811 826
792 765 760
796 781 813
920 941 863
941 876 863
863 883 920
863 830 883
813 830 863
974 954 930
930 954 921
930 921 901
835 852 865
1036 1071 996
929 968 996
1067 1065 1013
1013 996 1067
1067 996 1071
1067 1071 1130
1130 1071 1101
1741 1781 1715
1741 1715 1671
1671 1721 1741
1857 1906 1927
1857 1790 1837
1837 1906 1857
1778 1797 1730
1730 1781 1778
1606 1544 1542
1581 1627 1629
1581 1542 1518
1581 1629 1606
1606 1542 1581
1358 1383 1416
1436 1362 1416
1416 1362 1358
1472 1422 1427
1427 1422 1395
1065 1113 1074
1020 1018 1074
1074 1018 1065
1074 1113 1138
1138 1055 1074
1074 1055 1020
1182 1113 1123
1123 1067 1130
1123 1113 1065
1065 1067 1123
1480 1421 1455
1455 1421 1390
1455 1390 1437
1437 1483 1455
1455 1510 1480
1455 1483 1510
1248 1319 1238
1233 1183 1182
1237 1208 1176
1126 1078 1082
1125 1078 1126
1126 1176 1125
1170 1176 1126
1129 1055 1138
1082 1055 1129
1129 1126 1082
1170 1126 1129
1237 1176 1246
1246 1176 1170
1246 1295 1237
1246 1325 1295
1316 1246 1261
1325 1246 1316
1383 1325 1316
1316 1367 1383
1480 1538 1482
1419 1421 1482
1482 1421 1480
1673 1754 1783
1783 1920 1903
1783 1754 1920
2156 2031 2080
2080 2031 1920
2080 2020 2166
1920 2020 2080
1564 1425 1550
1550 1644 1564
1550 1681 1644
1203 1188 1061
1061 1083 1203
1300 1382 1294
1294 1207 1300
1439 1382 1300
1300 1334 1439
1172 1334 1300
1300 1207 1172
1676 1801 1762
1762 1680 1676
1554 1657 1676
1676 1657 1801
1691 1584 1578
1578 1680 1691
1578 1584 1460
1578 1460 1439
1439 1554 1578
1554 1676 1578
1578 1676 1680
2629 2660 2621
2609 2621 2639
2639 2621 2660
2224 2225 2243
2511 2548 2532
2553 2599 2575
2553 2543 2574
2574 2599 2553
2540 2519 2554
2554 2573 2540
2519 2529 2501
2572 2548 2580
2397 2377 2382
2471 2488 2503
1510 1483 1536
1719 1746 1688
2141 2204 2168
2204 2233 2168
2228 2171 2168
2168 2233 2228
2228 2233 2296
2296 2269 2228
2221 2137 2171
2221 2171 2228
2228 2269 2221
2174 2220 2216
2271 2212 2216
2216 2262 2271
2216 2220 2262
2359 2432 2409
2359 2329 2393
2393 2432 2359
2234 2295 2181
2181 2175 2234
2365 2295 2299
2295 2234 2299
2632 2616 2658
2614 2649 2648
2487 2528 2479
2507 2487 2461
2528 2487 2507
2349 2296 2361
2269 2296 2349
2300 2235 2288
2288 2350 2300
2262 2235 2300
2476 2453 2401
2516 2453 2476
2391 2338 2401
2401 2453 2391
2358 2338 2391
2478 2453 2516
1977 1927 1975
1975 2046 1977
1975 1906 1959
1927 1906 1975
2171 2137 2092
2092 2168 2171
2027 1964 1974
1974 2023 2027
228 208 215
215 241 228
231 209 228
209 208 228
264 241 254
254 275 264
263 275 254
181 156 146
134 115 116
134 139 115
223 210 233
233 240 223
223 240 222
181 210 203
179 181 203
210 223 203
203 223 222
183 167 180
180 190 183
180 167 179
179 190 180
183 190 199
185 183 199
199 208 185
215 208 199
230 242 247
226 230 247
268 262 247
247 242 268
247 251 226
262 251 247
98 85 79
79 86 98
98 86 107
131 142 121
112 96 121
121 96 85
121 133 112
121 142 133
176 157 162
196 170 176
176 170 157
182 170 202
202 170 196
255 267 244
189 197 174
189 205 197
189 177 201
201 205 189
160 165 145
177 189 160
174 165 160
160 189 174
186 151 173
166 151 186
173 200 186
112 133 126
133 151 126
135 122 141
141 153 135
132 108 135
135 108 122
132 135 154
154 135 153
188 194 172
172 168 188
172 153 168
169 154 172
172 154 153
172 195 169
172 194 195
127 141 118
127 149 141
140 149 127
118 110 127
110 140 127
120 113 102
102 114 120
78 48 56
34 55 56
56 48 34
268 242 256
256 276 268
256 242 236
273 276 256
236 252 256
256 252 273
291 300 302
302 276 291
291 276 273
283 291 273
300 291 283
271 289 260
296 275 282
287 275 296
296 313 287
282 311 296
296 311 313
332 313 336
336 352 332
352 342 332
332 342 333
295 287 312
287 313 312
312 315 295
313 332 312
333 315 312
312 332 333
49 65 70
90 70 87
87 70 65
267 280 284
304 305 284
284 280 304
286 272 281
280 272 286
360 372 384
372 400 384
384 368 360
469 503 472
416 400 403
403 424 416
416 428 400
414 424 403
414 386 409
414 403 386
434 454 446
409 434 446
446 414 409
365 387 382
262 292 274
269 251 274
274 251 262
302 327 308
680 715 712
712 699 680
680 699 667
588 621 585
585 621 606
784 754 764
784 786 821
764 786 784
666 675 701
766 782 799
766 781 746
799 781 766
714 691 722
702 665 683
691 665 702
702 722 691
649 632 610
610 632 590
590 592 610
625 610 592
625 665 649
649 610 625
491 466 464
464 440 436
466 440 464
404 415 433
433 464 436
478 464 433
436 412 433
433 412 404
525 518 491
3264 3251 3280
3248 3251 3264
3264 3272 3248
3264 3280 3283
3283 3272 3264
3217 3251 3233
3233 3251 3248
3233 3248 3221
3221 3207 3233
3233 3207 3217
3241 3270 3257
3069 3091 3083
3069 3078 3091
3083 3055 3069
3057 3078 3069
3069 3055 3057
3065 3078 3057
3065 3034 3051
3057 3034 3065
3139 3161 3140
3139 3156 3161
3139 3137 3156
3139 3124 3137
3125 3124 3109
3109 3124 3102
3109 3123 3125
3109 3095 3123
3206 3231 3216
3206 3216 3194
3194 3192 3206
3213 3231 3206
3206 3192 3213
3262 3282 3265
3298 3282 3262
3262 3279 3298
3265 3259 3249
3249 3262 3265
3240 3262 3249
3225 3240 3249
3257 3267 3243
3243 3267 3279
3279 3262 3243
3243 3262 3240
3122 3139 3140
3124 3139 3122
3140 3134 3122
3134 3112 3122
3102 3124 3122
3091 3102 3122
3122 3112 3091
3149 3147 3160
3160 3147 3159
3115 3118 3107
3107 3105 3115
3105 3130 3115
3142 3135 3158
3142 3130 3135
3043 3013 3042
3033 3013 3043
3042 3053 3043
3063 3033 3043
3043 3053 3063
2943 2945 2923
2961 2945 2943
2966 2945 2961
2966 2961 2987
2987 2981 2966
2966 2981 2965
3051 3052 3080
3080 3065 3051
3076 3095 3080
3080 3052 3076
3095 3109 3080
3078 3065 3080
3102 3078 3080
3080 3109 3102
2996 3023 3006
2987 2996 3006
3006 3023 3026
3029 3058 3042
3030 3058 3029
3036 3034 3057
3057 3055 3036
3036 3055 3030
2739 2707 2710
2774 2739 2749
2749 2794 2774
2739 2710 2749
2955 2947 2933
2924 2907 2905
2907 2883 2905
2843 2867 2887
2865 2907 2881
2865 2883 2907
3259 3258 3238
3238 3258 3231
3238 3249 3259
3225 3249 3238
3213 3225 3238
3238 3231 3213
2551 2566 2594
2594 2558 2551
2536 2566 2551
2551 2509 2536
2551 2558 2509
2594 2624 2597
2597 2558 2594
2624 2656 2597
2565 2527 2597
2527 2558 2597
2597 2654 2565
2656 2654 2597
2547 2566 2536
2536 2517 2547
2571 2566 2547
2479 2528 2534
2534 2517 2479
2850 2880 2841
2841 2830 2797
2841 2880 2894
2894 2830 2841
2890 2918 2921
2919 2918 2890
2754 2793 2797
2797 2718 2754
2751 2793 2754
2721 2709 2751
2751 2754 2721
2721 2718 2682
2721 2754 2718
2767 2773 2732
2830 2773 2767
2797 2830 2767
2732 2718 2767
2767 2718 2797
2798 2728 2735
3025 3048 3039
3039 3012 3025
3059 3054 3031
3017 3010 3031
2984 2963 2958
2963 2937 2958
2978 2984 2958
2958 2948 2978
2958 2937 2948
2906 2908 2946
2906 2842 2908
2801 2842 2787
2801 2787 2722
2946 2908 2939
2939 2968 2946
2939 2908 2903
2997 2968 2980
2997 3020 2991
2991 2968 2997
2601 2654 2661
2661 2630 2601
2579 2586 2518
2569 2630 2579
2518 2510 2579
2510 2569 2579
2667 2728 2722
2722 2638 2667
2667 2638 2586
2620 2623 2594
2594 2598 2620
2644 2679 2658
2652 2679 2644
2658 2616 2644
2807 2791 2779
2883 2865 2855
2777 2814 2826
3260 3239 3256
3260 3286 3274
3260 3273 3286
3256 3273 3260
3223 3239 3242
3242 3229 3223
3255 3229 3242
3239 3260 3242
3274 3255 3242
3242 3260 3274
3190 3212 3178
3212 3177 3178
3177 3164 3178
3178 3168 3190
3178 3164 3168
3205 3182 3201
3182 3177 3201
3201 3226 3205
3201 3230 3226
3201 3177 3212
3212 3230 3201
3121 3143 3146
3143 3166 3146
3182 3166 3163
3163 3166 3143
3162 3177 3163
3163 3177 3182
3126 3150 3145
3143 3117 3145
3145 3164 3162
3150 3164 3145
3162 3163 3145
3145 3163 3143
3059 3062 3072
3072 3087 3059
3072 3062 3074
3074 3101 3072
3101 3087 3072
3049 3038 3035
3017 3031 3035
3035 3054 3049
3035 3031 3054
2847 2891 2858
2858 2798 2847
2917 2891 2847
2847 2773 2860
2847 2916 2917
2860 2916 2847
1436 1501 1459
1501 1506 1459
1459 1399 1436
1438 1399 1459
2040 2029 2102
2106 2040 2102
2102 2175 2106
2152 2175 2102
1968 1907 1953
1953 2029 1968
1060 1053 960
1053 916 960
960 949 1060
832 949 960
960 916 832
1270 1158 1180
1328 1270 1180
1180 1232 1328
1148 1232 1180
1180 1077 1148
1180 1158 1060
1060 1077 1180
1451 1511 1554
1413 1511 1451
1451 1554 1439
1439 1334 1451
1334 1413 1451
1350 1288 1303
1262 1317 1303
1244 1288 1240
1244 1202 1262
1262 1303 1244
1244 1303 1288
1318 1232 1240
1240 1288 1318
1328 1232 1318
1318 1387 1328
1386 1387 1318
1318 1288 1350
1350 1386 1318
1178 1244 1240
1202 1244 1178
1124 1069 1045
1045 1078 1124
1124 1078 1125
1124 1208 1175
1125 1176 1124
1124 1176 1208
1264 1208 1237
1237 1295 1264
1295 1313 1264
1235 1208 1264
1313 1317 1264
1264 1317 1235
616 609 638
650 642 638
638 642 616
753 752 726
726 739 753
753 778 752
774 778 753
758 775 774
774 753 758
758 753 739
659 673 647
643 654 659
685 673 659
562 531 561
528 531 562
561 587 562
562 587 602
727 739 709
689 708 700
700 708 710
672 654 650
398 402 417
402 437 417
515 541 537
515 507 483
537 507 515
537 541 557
901 898 884
884 885 901
884 852 885
898 865 884
884 865 852
855 841 838
874 893 853
913 893 947
523 526 506
506 503 523
506 472 503
529 526 548
548 549 529
529 549 514
489 519 509
622 589 595
620 589 622
657 620 622
622 651 657
540 559 523
523 503 540
569 559 595
569 589 548
595 589 569
548 526 569
526 559 569
633 622 595
651 622 633
633 608 644
560 600 581
600 608 581
514 549 520
615 639 588
615 589 620
615 620 657
703 730 721
726 730 703
644 608 636
636 608 600
647 669 634
634 636 600
688 651 670
670 698 688
670 633 644
651 633 670
644 696 670
696 698 670
729 698 696
696 735 729
729 735 769
769 768 729
729 716 688
688 698 729
752 788 748
721 752 748
748 735 721
748 788 769
769 735 748
789 778 804
804 778 805
805 818 804
804 817 789
804 818 817
794 778 774
805 778 794
774 798 794
836 816 800
836 800 819
797 770 777
777 816 797
800 816 777
777 768 800
744 770 737
737 716 744
744 777 770
768 777 744
716 729 744
744 729 768
394 389 435
369 367 390
390 367 393
281 272 258
258 257 281
250 257 258
204 232 214
214 200 204
214 232 239
270 253 269
270 294 277
239 253 270
270 257 239
277 257 270
281 277 298
277 294 298
482 518 490
490 518 538
568 573 538
538 518 568
590 597 568
281 298 309
381 367 356
393 367 381
381 392 393
393 392 450
624 572 641
572 508 563
641 572 563
563 508 481
513 508 572
458 508 513
513 543 511
511 450 513
513 450 458
832 757 772
757 711 772
723 718 751
771 751 738
771 793 751
785 793 771
738 765 771
771 765 785
724 765 738
738 704 724
724 704 695
695 728 724
724 728 765
826 856 823
823 792 826
870 934 887
870 823 856
925 934 870
870 856 925
887 827 870
827 823 870
854 876 914
854 914 925
925 856 854
854 856 826
826 811 854
824 827 875
875 827 887
938 934 984
887 934 938
938 875 887
944 875 938
994 938 984
944 938 994
959 957 894
894 957 868
1711 1748 1734
1635 1668 1666
1734 1748 1766
1392 1411 1368
1418 1401 1430
1478 1469 1491
1467 1469 1441
1491 1469 1467
1414 1411 1441
1441 1469 1454
1454 1478 1477
1469 1478 1454
1665 1678 1643
831 788 817
817 844 831
819 788 831
831 846 819
831 844 857
857 846 831
1243 1231 1263
1209 1231 1243
1243 1269 1239
1041 1029 1064
1156 1128 1145
1128 1112 1145
1075 1043 1080
1033 1043 1075
896 904 879
879 861 896
896 861 881
1011 1034 1008
1011 990 1024
819 846 862
878 846 857
878 862 846
951 931 900
900 881 858
1023 1027 1049
828 796 813
813 863 828
828 863 876
828 854 811
876 854 828
746 781 755
781 796 755
755 722 746
714 722 755
733 714 755
867 889 848
892 889 867
848 842 867
848 889 869
869 889 929
906 930 901
904 930 906
901 885 906
885 904 906
821 835 851
835 865 851
907 898 928
907 865 898
1036 996 1004
1004 996 968
969 1004 968
989 1004 969
1133 1162 1130
1130 1101 1133
1072 1071 1036
1072 1101 1071
1790 1857 1787
1721 1790 1787
1787 1741 1721
1781 1741 1787
1892 1927 1977
1892 1857 1927
1855 1797 1863
1863 1907 1855
1596 1627 1563
1627 1581 1563
1563 1581 1518
1518 1482 1563
1563 1538 1596
1563 1482 1538
1436 1416 1485
1485 1501 1436
1518 1542 1485
1485 1544 1501
1485 1542 1544
1309 1299 1276
1276 1299 1272
1319 1248 1305
1395 1422 1361
1319 1305 1361
1461 1496 1472
1472 1427 1461
1250 1272 1271
1385 1410 1412
1354 1347 1327
1130 1162 1194
1238 1319 1265
1182 1238 1265
1265 1233 1182
1170 1129 1198
1138 1183 1198
1198 1129 1138
1198 1233 1261
1183 1233 1198
1261 1246 1198
1198 1246 1170
2156 2080 2194
2194 2281 2156
2289 2281 2194
2166 2289 2194
2194 2080 2166
1601 1654 1619
1619 1654 1684
1547 1558 1601
1601 1619 1547
1547 1619 1555
1681 1550 1598
1598 1550 1516
1450 1387 1386
1446 1425 1328
1328 1387 1446
1446 1550 1425
1516 1550 1446
1446 1450 1516
1387 1450 1446
802 756 747
645 681 611
611 576 645
542 576 611
626 611 693
693 611 681
747 756 693
693 681 747
745 757 807
745 678 757
678 745 743
743 745 807
917 1037 1088
917 807 919
919 1037 917
2685 2684 2715
2685 2660 2655
2655 2660 2629
2629 2621 2596
2643 2607 2640
2640 2607 2609
2609 2639 2640
2675 2639 2660
2675 2640 2639
2629 2596 2606
2606 2596 2585
2582 2585 2567
2619 2634 2631
2503 2488 2504
2372 2340 2368
2378 2377 2397
2553 2575 2561
2581 2561 2575
2591 2549 2581
2429 2349 2361
2520 2532 2543
2520 2543 2553
2553 2506 2520
2406 2382 2384
2512 2554 2519
2519 2501 2486
2486 2501 2468
2468 2443 2486
2486 2443 2465
2580 2607 2604
2604 2572 2580
2604 2607 2643
2600 2572 2604
2563 2572 2600
2600 2574 2563
2563 2574 2543
2543 2532 2563
2563 2532 2548
2548 2572 2563
2488 2471 2457
2339 2373 2366
2366 2373 2395
2395 2379 2366
2383 2373 2348
2339 2366 2343
2343 2366 2379
2416 2379 2395
2395 2443 2416
2390 2370 2386
2418 2370 2390
2386 2370 2354
2352 2370 2380
2380 2351 2352
2384 2351 2380
2380 2370 2418
2499 2484 2511
2499 2532 2490
2511 2532 2499
2134 2109 2144
2134 2172 2140
2144 2172 2134
2077 2109 2094
2278 2265 2245
2318 2335 2306
2306 2278 2318
2265 2278 2306
2314 2302 2274
2274 2306 2314
2265 2306 2274
2180 2172 2144
2229 2206 2245
2178 2210 2193
2017 2006 2003
2003 2041 2017
1568 1538 1510
1510 1536 1568
1568 1536 1615
1489 1536 1483
1489 1422 1472
1489 1483 1437
1437 1422 1489
1649 1627 1596
1804 1838 1777
1837 1791 1777
1777 1838 1837
1791 1746 1777
1746 1719 1777
1929 1974 1909
1909 1974 1964
1909 1964 1959
1959 1906 1909
1909 1906 1837
1837 1838 1909
1688 1627 1685
1685 1719 1688
1627 1649 1685
1869 1838 1804
1804 1836 1869
1929 1909 1869
1869 1909 1838
2276 2310 2290
2282 2221 2294
2294 2221 2269
2269 2349 2294
2137 2221 2170
2154 2108 2170
2170 2108 2137
2147 2216 2212
2174 2216 2147
2409 2412 2360
2360 2359 2409
2152 2212 2208
2208 2175 2152
2611 2632 2649
2611 2614 2595
2649 2614 2611
2649 2632 2668
2668 2632 2658
2588 2614 2615
2595 2614 2578
2578 2614 2588
2516 2564 2545
2626 2644 2616
2652 2644 2626
2262 2300 2341
2271 2262 2341
2341 2329 2271
2393 2329 2341
2341 2300 2350
2544 2516 2513
2516 2476 2513
2513 2555 2544
2508 2555 2513
2425 2391 2453
2453 2478 2425
2358 2391 2425
2425 2478 2461
2425 2350 2358
2154 2213 2179
2179 2120 2154
2174 2120 2179
2179 2235 2174
2179 2213 2235
2104 2120 2174
2174 2147 2104
2104 2147 2076
2046 2120 2104
2079 2108 2154
2154 2120 2079
2079 2120 2046
2027 2108 2079
1977 2012 1970
1962 1974 1929
2023 1974 1962
1961 1962 1894
1894 1962 1929
1929 1869 1894
1894 1869 1836
2078 2092 2137
2023 2092 2078
2137 2108 2078
2027 2023 2078
2078 2108 2027
222 240 237
237 240 263
263 254 237
124 146 136
136 116 124
136 134 116
136 146 156
156 134 136
152 167 139
139 134 152
152 134 156
152 156 179
179 167 152
206 190 179
179 203 206
206 203 222
85 98 104
104 121 85
131 121 104
107 131 104
104 98 107
158 170 182
224 202 217
217 202 196
196 218 217
217 244 224
93 71 100
93 75 71
129 160 145
129 145 119
119 113 129
166 186 184
162 166 184
184 176 162
109 93 100
106 93 109
109 100 112
112 126 109
138 151 166
138 126 151
162 144 138
138 166 162
144 123 138
123 106 138
106 109 138
138 109 126
55 69 72
72 56 55
72 69 83
83 94 72
94 78 72
78 56 72
273 252 259
259 283 273
303 283 278
303 339 322
303 290 301
303 278 290
301 321 303
321 339 303
246 227 231
246 245 227
265 289 290
265 260 289
290 278 265
245 246 265
265 246 260
243 245 265
90 87 111
369 390 371
371 390 389
326 354 355
325 354 326
326 305 304
304 325 326
449 472 474
424 472 449
449 416 424
428 416 449
469 472 445
445 472 424
424 414 445
445 446 469
414 446 445
456 449 474
428 449 456
400 428 410
469 446 479
479 446 454
479 503 469
479 509 503
479 454 489
489 509 479
359 382 379
365 382 359
349 365 359
359 327 349
379 382 401
401 387 413
401 382 387
458 450 406
406 450 392
378 381 356
392 381 378
378 406 392
399 406 378
293 276 302
302 308 293
268 276 293
293 292 268
293 308 292
292 308 318
764 754 731
754 717 731
712 742 731
731 742 764
731 699 712
652 667 687
667 699 687
699 731 687
687 731 717
734 717 754
773 780 803
803 783 773
848 869 820
820 869 839
839 803 820
820 803 780
779 780 754
754 784 779
821 842 809
809 784 821
809 779 784
809 842 848
848 820 809
809 820 780
780 779 809
782 766 762
736 762 766
746 722 719
722 702 719
719 766 746
719 736 766
719 702 683
604 625 592
631 660 665
665 625 631
625 604 631
631 604 591
432 433 415
590 568 547
518 525 547
547 568 518
3270 3241 3246
3246 3220 3254
3246 3235 3220
3246 3241 3235
3133 3158 3153
3133 3142 3158
3153 3144 3133
3133 3115 3130
3130 3142 3133
3144 3118 3133
3118 3115 3133
2923 2945 2914
3026 3040 3014
3014 3006 3026
3014 3040 3034
3014 2981 2987
2987 3006 3014
3042 3013 3019
3019 3029 3042
2892 2868 2911
2944 2920 2934
2964 2940 2944
2944 2959 2964
2995 3001 3018
3018 3036 3030
2761 2707 2739
2761 2739 2774
2692 2679 2652
2652 2681 2692
2692 2706 2679
2692 2681 2724
2724 2706 2692
2670 2707 2676
2694 2664 2673
2673 2716 2694
2625 2574 2600
2599 2574 2625
2627 2625 2600
2600 2604 2627
2627 2604 2643
2720 2749 2710
2794 2749 2752
2752 2720 2727
2749 2720 2752
2727 2694 2725
2725 2694 2716
2900 2922 2934
2934 2920 2900
2878 2874 2900
2900 2920 2878
2884 2892 2922
2922 2900 2884
2884 2900 2874
2846 2874 2878
2878 2836 2846
2836 2813 2846
2846 2884 2874
2853 2836 2878
2898 2867 2872
2898 2933 2909
2909 2887 2898
2898 2887 2867
2883 2855 2849
2849 2814 2843
2826 2814 2849
2849 2855 2826
2912 2905 2883
2912 2887 2909
2924 2905 2912
2909 2933 2912
2912 2947 2924
2912 2933 2947
2556 2547 2517
2517 2534 2556
2571 2547 2556
2556 2588 2571
2797 2793 2818
2818 2841 2797
2850 2841 2818
2879 2880 2850
2921 2880 2879
2879 2890 2921
2901 2919 2876
2919 2890 2876
2876 2881 2901
2789 2793 2751
2771 2777 2803
2803 2777 2826
2881 2876 2851
2851 2876 2838
2851 2865 2881
2746 2733 2719
2719 2762 2746
2771 2762 2742
2742 2777 2771
2742 2719 2708
2762 2719 2742
2799 2762 2771
2771 2803 2799
2799 2803 2822
3050 3039 3048
3050 3048 3074
3074 3062 3050
3009 3012 3041
3012 3039 3041
3041 3062 3059
3041 3050 3062
3039 3050 3041
2908 2842 2862
2842 2801 2862
2903 2908 2862
2954 2939 2903
2968 2939 2954
2732 2773 2700
2700 2654 2732
2700 2661 2654
2586 2579 2665
2665 2667 2586
2665 2579 2630
2735 2728 2665
2728 2667 2665
2623 2620 2653
2624 2623 2653
2653 2656 2624
2682 2656 2653
2758 2779 2791
2831 2855 2865
2865 2851 2831
2831 2851 2822
2822 2803 2831
2826 2855 2831
2831 2803 2826
3106 3126 3114
3126 3145 3114
3114 3145 3117
3114 3092 3106
3114 3117 3092
3021 3000 3017
3017 3035 3021
3021 3035 3038
2768 2798 2735
2768 2847 2798
2773 2847 2768
2152 2102 2099
2099 2102 2029
2029 2073 2099
1369 1317 1399
1369 1303 1317
1369 1399 1438
1350 1303 1369
1191 1178 1240
1191 1232 1148
1240 1232 1191
1202 1178 1144
567 587 561
567 557 578
537 557 567
561 531 567
567 531 537
578 605 603
603 567 578
587 567 603
603 605 609
603 609 616
602 587 629
643 659 629
629 659 647
775 758 761
564 519 528
528 562 564
564 562 602
564 600 560
710 708 725
740 727 725
725 727 710
741 727 740
739 727 741
741 758 739
740 761 741
741 761 758
707 727 709
710 727 707
707 709 685
685 700 707
707 700 710
689 700 674
674 672 689
654 672 674
674 659 654
685 659 674
674 700 685
409 398 427
398 417 427
427 434 409
427 454 434
566 557 541
993 973 961
872 890 908
872 855 890
841 855 872
843 874 853
853 817 843
817 818 843
843 818 841
841 872 843
843 872 874
947 970 946
946 913 947
905 878 891
891 878 857
407 395 388
598 635 630
630 631 591
630 635 666
666 661 630
660 631 630
630 661 660
606 637 617
574 585 606
536 574 530
530 574 570
474 472 488
472 506 488
488 506 526
533 509 519
533 564 560
519 564 533
560 540 533
503 509 533
533 540 503
559 540 556
556 581 559
556 540 560
560 581 556
595 559 601
559 581 601
601 581 608
601 633 595
608 633 601
545 549 588
545 520 549
549 589 584
589 615 584
588 549 584
584 615 588
658 615 657
639 615 658
668 696 644
669 703 668
644 636 668
668 634 669
636 634 668
686 703 669
647 673 686
686 669 647
685 709 686
686 673 685
686 709 726
726 703 686
647 634 628
628 634 602
628 629 647
602 629 628
599 634 600
602 634 599
600 564 599
599 564 602
806 794 798
805 794 806
858 816 849
816 836 849
389 394 373
355 354 373
373 371 389
354 371 373
554 611 626
542 611 554
511 543 552
485 498 435
485 554 498
542 554 485
249 258 272
249 272 255
250 258 249
249 220 250
218 220 249
279 299 294
279 270 269
294 270 279
294 299 317
317 298 294
299 328 317
517 490 538
494 490 517
517 524 494
473 460 439
481 508 444
444 508 458
458 406 444
444 406 399
356 367 353
351 354 325
325 331 351
369 371 351
351 371 354
351 367 369
351 353 367
306 331 325
306 325 304
304 280 306
280 286 306
306 286 281
281 309 306
393 450 426
426 390 393
426 451 390
572 624 575
543 513 575
575 513 572
641 711 677
677 624 641
677 711 757
757 678 677
678 624 677
535 563 481
579 563 535
535 565 579
524 565 535
763 825 832
832 772 763
791 825 763
751 791 763
763 723 751
763 772 711
682 711 641
682 763 711
723 763 682
792 823 801
785 765 801
765 792 801
801 827 785
801 823 827
824 875 873
873 875 944
873 825 824
949 825 873
873 944 949
944 994 1009
1009 1077 949
949 944 1009
1081 1009 994
1148 1077 1081
1077 1009 1081
799 782 814
814 830 799
868 830 814
590 632 627
627 597 590
627 632 648
648 664 627
593 573 596
596 618 593
596 568 597
573 568 596
597 627 596
596 627 618
593 618 640
1702 1718 1714
1648 1678 1662
1662 1632 1648
1648 1632 1623
1623 1643 1648
1648 1643 1678
1714 1718 1743
1653 1668 1639
1639 1668 1635
1635 1616 1639
1573 1565 1593
1689 1668 1653
1651 1624 1635
1635 1666 1651
1665 1643 1651
1651 1643 1624
1700 1666 1668
1776 1766 1748
1699 1702 1714
1662 1678 1699
1678 1702 1699
2226 2196 2203
2242 2225 2226
2225 2196 2226
1839 1894 1836
1742 1713 1692
1692 1713 1663
1692 1663 1615
1615 1661 1692
1310 1337 1312
1353 1337 1368
1321 1312 1353
1353 1312 1337
1366 1392 1368
1396 1401 1418
1392 1366 1396
1332 1364 1349
1348 1329 1349
1349 1366 1348
1285 1322 1306
1525 1559 1532
1491 1519 1525
1477 1478 1504
1504 1525 1532
1504 1478 1491
1491 1525 1504
1441 1411 1445
1445 1467 1441
1462 1467 1445
1481 1467 1462
1481 1519 1491
1491 1467 1481
1424 1454 1426
1424 1414 1441
1441 1454 1424
1574 1559 1591
1591 1559 1576
1576 1559 1551
1576 1551 1582
1604 1616 1635
1635 1624 1604
1604 1582 1616
1576 1582 1604
1624 1591 1604
1604 1591 1576
1624 1643 1607
1607 1643 1623
1574 1591 1607
1607 1591 1624
1274 1269 1243
1243 1263 1274
1231 1209 1204
1297 1329 1310
1345 1329 1348
1368 1337 1345
1345 1337 1310
1310 1329 1345
1345 1366 1368
1348 1366 1345
1286 1297 1310
1269 1297 1286
1217 1209 1243
1243 1239 1217
1196 1217 1222
1222 1217 1239
1062 1041 1076
1076 1041 1064
1064 1103 1076
993 1029 1005
1029 1041 1005
1005 973 993
1168 1145 1135
1112 1103 1135
1135 1145 1112
983 970 1002
1001 1035 1002
1002 1035 1043
977 970 947
1075 1073 1050
1050 1073 1031
995 963 966
990 963 995
1024 990 995
1054 1073 1089
1031 1073 1054
1054 1026 1031
1118 1151 1153
1153 1150 1115
1174 1150 1153
1245 1224 1260
1260 1285 1245
1049 1027 1070
971 931 951
971 1011 1008
1008 1027 987
987 971 1008
962 971 987
974 930 956
911 896 881
881 900 911
911 900 931
904 896 942
942 930 904
942 956 930
951 963 980
980 963 990
990 1011 980
980 971 951
1011 971 980
922 963 951
951 900 922
1039 1011 1024
1034 1011 1039
847 836 819
819 862 847
847 862 871
936 952 903
895 878 905
905 927 895
927 936 895
862 878 895
936 903 895
1031 1026 1007
1007 988 1031
1026 995 1007
999 1033 1031
1031 988 999
965 952 936
880 900 858
858 849 880
733 755 759
759 728 733
760 728 759
759 792 760
959 894 932
932 869 929
1013 959 932
929 996 932
932 996 1013
860 842 821
821 851 860
886 851 865
865 907 886
886 860 851
928 964 945
945 907 928
926 969 968
926 968 929
929 889 926
926 889 892
1030 1023 1049
1000 1023 1030
985 954 974
985 964 954
985 992 964
1036 1004 1040
1040 1072 1036
1096 1133 1101
1101 1072 1096
1487 1495 1470
1834 1787 1857
1857 1892 1834
1834 1892 1865
1834 1865 1781
1781 1787 1834
1832 1778 1781
1781 1865 1832
1797 1778 1832
1832 1863 1797
1518 1485 1452
1452 1485 1416
1419 1482 1452
1452 1482 1518
1452 1383 1419
1452 1416 1383
1479 1456 1453
1431 1456 1442
1431 1442 1412
1412 1410 1431
1453 1456 1431
1249 1272 1250
1249 1276 1272
1167 1192 1197
1388 1422 1437
1388 1361 1422
1437 1390 1388
1390 1319 1388
1319 1361 1388
1395 1361 1365
1470 1495 1475
1475 1495 1496
1496 1461 1475
1412 1442 1432
1448 1461 1427
1427 1408 1448
1448 1475 1461
1470 1475 1448
1448 1432 1470
1408 1432 1448
1393 1427 1395
1393 1408 1427
1395 1365 1393
1289 1271 1302
1272 1299 1302
1302 1271 1272
1323 1314 1289
1323 1302 1335
1289 1302 1323
1347 1340 1308
1327 1347 1308
1308 1340 1304
1304 1278 1308
1308 1278 1281
1339 1354 1327
1376 1385 1412
1359 1385 1376
1376 1339 1359
1354 1339 1376
1185 1248 1238
1185 1194 1248
1185 1238 1182
1182 1123 1185
1185 1123 1130
1130 1194 1185
1331 1319 1390
1331 1265 1319
1502 1506 1558
1558 1547 1502
1438 1459 1502
1502 1459 1506
1560 1598 1516
1735 1681 1672
1681 1598 1672
1672 1728 1735
1684 1732 1672
1672 1732 1728
1672 1619 1684
1438 1502 1484
1484 1547 1555
1484 1502 1547
756 802 822
939 822 859
859 822 802
713 743 776
713 681 645
747 681 713
713 776 747
808 743 807
776 743 808
807 917 808
2570 2554 2562
2562 2596 2570
2690 2675 2660
2690 2660 2685
2685 2705 2690
2717 2690 2705
2675 2690 2717
2633 2655 2629
2629 2606 2633
2546 2567 2568
2568 2567 2585
2568 2596 2562
2585 2596 2568
2602 2585 2582
2602 2606 2585
2671 2669 2657
2686 2669 2671
2684 2669 2686
2631 2634 2647
2634 2657 2647
2647 2657 2669
2736 2763 2766
2734 2740 2736
2736 2740 2763
2766 2763 2778
2760 2717 2737
2737 2717 2705
2503 2504 2531
2531 2504 2535
2426 2381 2394
2344 2378 2369
2394 2381 2367
2367 2369 2394
2367 2345 2369
2322 2310 2276
2340 2310 2322
2515 2549 2505
2576 2549 2591
2591 2610 2576
2576 2610 2613
2530 2506 2553
2553 2561 2530
2515 2500 2530
2541 2549 2515
2515 2530 2541
2541 2530 2561
2541 2581 2549
2561 2581 2541
2403 2422 2455
2403 2429 2361
2475 2403 2455
2429 2403 2475
2401 2349 2411
2349 2429 2411
2502 2469 2490
2490 2532 2502
2532 2520 2502
2419 2378 2397
2454 2448 2469
2494 2520 2506
2464 2499 2490
2484 2499 2464
2448 2454 2428
2397 2382 2428
2382 2406 2428
2503 2531 2526
2526 2531 2538
2562 2554 2537
2554 2512 2537
2512 2526 2537
2537 2538 2562
2537 2526 2538
2495 2486 2465
2495 2512 2519
2519 2486 2495
2353 2335 2318
2353 2385 2374
2374 2335 2353
2465 2443 2442
2383 2348 2364
2364 2335 2374
2364 2405 2383
2374 2405 2364
2277 2302 2316
2388 2424 2386
2388 2416 2424
2379 2416 2388
2363 2343 2379
2379 2388 2363
2386 2354 2363
2363 2388 2386
2414 2380 2418
2414 2406 2384
2384 2380 2414
2418 2390 2423
2423 2441 2418
2386 2424 2423
2423 2390 2386
2184 2191 2205
2205 2219 2184
2205 2241 2219
2010 2049 2022
2109 2134 2118
2118 2094 2109
2118 2134 2140
2093 2094 2118
2039 2051 2067
2093 2084 2067
2065 2094 2093
2065 2049 2077
2077 2094 2065
2022 2049 2065
2065 2051 2022
2314 2306 2328
2328 2306 2335
2328 2348 2314
2335 2364 2328
2328 2364 2348
2252 2274 2254
2265 2274 2252
2245 2265 2252
2252 2229 2245
2223 2205 2191
2223 2252 2254
2229 2252 2223
2254 2241 2223
2241 2205 2223
2200 2180 2206
2206 2229 2200
2172 2180 2200
2229 2223 2200
1876 1912 1887
1799 1776 1813
1766 1776 1799
2022 1990 1994
1983 2010 1994
1994 2010 2022
1966 1990 1998
1887 1912 1915
1915 1875 1887
1954 1990 1966
1966 1936 1954
1901 1936 1938
2178 2193 2164
2164 2193 2195
2112 2105 2083
2082 2083 2061
2110 2112 2082
2082 2112 2083
2061 2041 2062
2041 2060 2062
2062 2082 2061
2060 2082 2062
2362 2337 2351
2382 2337 2362
2362 2351 2384
2384 2382 2362
1615 1663 1608
1608 1568 1615
1663 1649 1608
1608 1649 1596
1596 1538 1608
1538 1568 1608
1536 1489 1562
1615 1536 1562
1775 1836 1804
1775 1713 1742
1775 1839 1836
1742 1789 1775
1789 1839 1775
1722 1685 1649
1663 1713 1722
1722 1649 1663
1719 1685 1722
1804 1777 1722
1722 1777 1719
1722 1775 1804
1713 1775 1722
2361 2296 2330
2330 2403 2361
2331 2349 2401
2331 2294 2349
2401 2338 2331
2331 2338 2282
2282 2294 2331
2222 2213 2154
2154 2170 2222
2222 2282 2288
2288 2213 2222
2222 2221 2282
2222 2170 2221
2342 2412 2365
2342 2360 2412
2365 2299 2342
2298 2212 2271
2271 2329 2298
2329 2359 2298
2745 2713 2726
2679 2706 2726
2658 2679 2688
2688 2713 2697
2679 2726 2688
2688 2726 2713
2688 2668 2658
2697 2668 2688
2646 2614 2648
2646 2615 2614
2617 2620 2598
2617 2598 2571
2615 2646 2617
2571 2588 2617
2588 2615 2617
2528 2507 2552
2595 2578 2552
2557 2534 2528
2528 2552 2557
2557 2552 2578
2557 2556 2534
2557 2578 2588
2588 2556 2557
2589 2611 2595
2595 2552 2589
2589 2552 2545
2564 2592 2589
2589 2545 2564
2632 2611 2589
2616 2632 2589
2589 2592 2616
2514 2478 2516
2516 2545 2514
2514 2507 2461
2461 2478 2514
2514 2552 2507
2545 2552 2514
2616 2592 2587
2587 2626 2616
2544 2555 2587
2587 2555 2593
2587 2564 2544
2587 2592 2564
2608 2613 2652
2652 2626 2608
2593 2613 2608
2608 2587 2593
2626 2587 2608
2399 2341 2350
2399 2425 2461
2350 2425 2399
2076 2012 2045
2045 2104 2076
2046 2104 2045
1977 2046 2045
2045 2012 1977
2046 1975 2013
2013 2079 2046
2013 1975 1959
2013 1959 2027
2027 2079 2013
1865 1892 1928
1928 1892 1977
1977 1970 1928
2029 1953 1984
219 237 254
219 241 215
219 254 241
190 206 219
222 237 219
219 206 222
215 199 219
219 199 190
157 170 147
170 158 147
147 158 137
255 244 234
244 217 234
234 217 218
234 249 255
218 249 234
91 93 106
91 106 123
91 76 75
75 93 91
91 65 76
91 87 65
113 120 130
130 129 113
130 114 132
130 120 114
160 129 130
207 186 200
250 220 235
239 257 235
235 257 250
198 220 218
176 184 198
198 218 196
196 176 198
238 229 243
238 213 229
238 259 252
238 252 221
221 213 238
243 265 261
261 265 278
261 238 243
259 238 261
278 283 261
283 259 261
310 303 322
322 324 310
324 300 310
300 283 310
283 303 310
248 246 231
260 246 248
231 228 248
248 228 241
248 241 271
271 260 248
396 384 400
400 410 396
368 384 396
396 391 368
396 411 391
421 447 411
411 396 421
421 396 410
421 467 447
345 359 379
405 418 439
405 385 379
379 401 405
405 401 418
380 385 399
399 378 380
292 318 314
323 328 314
314 328 299
314 330 323
314 318 330
705 687 717
717 734 705
720 701 732
732 701 675
675 705 732
732 705 734
754 780 749
749 734 754
749 780 773
773 732 749
749 732 734
750 783 782
782 762 750
773 783 750
750 736 720
762 736 750
750 732 773
720 732 750
720 736 694
694 719 683
736 719 694
683 660 694
660 661 694
694 701 720
666 701 694
694 661 666
491 464 504
504 464 478
504 525 491
558 604 592
591 604 558
3254 3281 3266
3266 3246 3254
3266 3281 3296
3296 3270 3266
3270 3246 3266
3257 3243 3234
3243 3219 3234
3234 3241 3257
3235 3241 3234
3202 3235 3234
3179 3175 3202
3159 3175 3179
3179 3160 3159
3218 3240 3225
3218 3243 3240
3218 3219 3243
2923 2914 2888
2928 2914 2945
2897 2914 2928
2895 2873 2897
2897 2928 2895
2895 2928 2930
2989 2964 2990
2964 2959 2990
2990 3013 2989
2990 3019 3013
2956 2962 2941
2927 2944 2940
2920 2944 2927
2940 2913 2927
2995 2962 2979
2979 2962 2956
2979 3001 2995
2979 2983 3001
3001 2983 3002
3002 3014 3034
2981 3014 3002
3002 2983 2981
2659 2676 2681
2659 2681 2652
2652 2613 2659
2704 2676 2707
2724 2681 2704
2681 2676 2704
2683 2707 2670
2683 2710 2707
2605 2575 2599
2605 2581 2575
2663 2625 2664
2664 2694 2663
2643 2673 2642
2642 2627 2643
2673 2664 2642
2664 2625 2642
2625 2627 2642
2792 2759 2790
2790 2821 2792
2743 2759 2716
2743 2783 2790
2790 2759 2743
2753 2725 2716
2716 2759 2753
2753 2792 2781
2759 2792 2753
2753 2752 2727
2727 2725 2753
2782 2753 2781
2752 2753 2782
2794 2752 2782
2782 2806 2794
2835 2868 2866
2866 2868 2892
2892 2884 2866
2774 2813 2796
2796 2761 2774
2772 2761 2796
2810 2846 2813
2774 2794 2810
2810 2813 2774
2872 2856 2875
2896 2898 2872
2872 2875 2896
2896 2875 2913
2871 2912 2883
2887 2912 2871
2883 2849 2871
2843 2887 2871
2871 2849 2843
2890 2879 2859
2838 2876 2859
2859 2876 2890
2859 2879 2850
2859 2816 2838
2750 2789 2751
2750 2733 2746
2751 2709 2750
2709 2733 2750
2816 2789 2780
2780 2750 2746
2789 2750 2780
2746 2762 2780
2762 2799 2780
2819 2818 2793
2793 2789 2819
2819 2789 2816
2850 2818 2819
2819 2859 2850
2816 2859 2819
2711 2742 2708
2817 2799 2822
2838 2816 2817
2816 2780 2817
2817 2780 2799
2817 2851 2838
2822 2851 2817
3059 3031 3028
3028 3041 3059
3009 3041 3028
3028 3010 3009
3028 3031 3010
2829 2858 2903
2903 2862 2829
2829 2862 2801
2829 2798 2858
2903 2891 2936
2936 2954 2903
2970 2954 2936
2936 2891 2917
2917 2952 2936
2952 2970 2936
2967 2970 2980
2967 2954 2970
2980 2968 2967
2968 2954 2967
2682 2653 2691
2691 2721 2682
2709 2721 2691
2747 2726 2706
2747 2706 2724
2724 2758 2747
2791 2795 2747
2747 2758 2791
2848 2867 2843
2843 2824 2848
2872 2867 2848
2848 2856 2872
2823 2791 2807
2856 2848 2823
2823 2848 2824
2823 2795 2791
2823 2824 2795
2745 2770 2776
2814 2777 2776
2843 2814 2802
2802 2824 2843
2814 2776 2802
2802 2776 2770
2795 2824 2802
2802 2770 2795
2980 3000 3003
3000 3021 3003
3003 2997 2980
3003 3021 3038
3003 3038 3020
3020 2997 3003
2699 2700 2773
2773 2768 2699
2699 2768 2735
2661 2700 2699
2630 2661 2699
2735 2665 2699
2699 2665 2630
2124 2099 2073
2124 2073 2076
2076 2147 2124
2152 2099 2124
2124 2212 2152
2124 2147 2212
1175 1202 1134
1202 1144 1134
1134 1124 1175
1069 1124 1134
1014 1069 1087
1069 1134 1087
1087 1134 1144
612 603 616
612 642 643
616 642 612
587 603 612
643 629 612
612 629 587
454 427 468
489 454 468
468 502 489
577 566 580
557 566 577
578 557 577
580 605 577
577 605 578
501 467 499
499 467 480
499 520 501
499 480 514
514 520 499
947 893 918
918 948 947
908 923 937
923 961 937
937 961 973
973 948 937
913 946 924
924 891 913
905 891 924
924 927 905
924 953 927
857 844 877
877 891 857
913 891 877
877 844 853
853 893 877
893 913 877
425 438 408
408 391 425
391 411 425
411 447 425
582 630 591
598 630 582
526 529 487
487 488 526
514 480 487
487 529 514
474 488 487
487 456 474
588 585 555
555 545 588
555 574 536
585 574 555
657 706 676
676 658 657
680 658 676
706 715 676
715 680 676
639 658 662
662 658 680
667 639 662
662 680 667
721 696 697
696 668 697
697 703 721
697 668 703
810 806 798
838 841 815
815 810 838
806 810 815
805 806 815
815 818 805
841 818 815
607 552 543
607 624 678
543 575 607
607 575 624
435 389 423
423 485 435
451 485 423
389 390 423
390 451 423
542 485 512
512 485 451
512 576 542
269 274 285
285 279 269
285 274 292
292 314 285
299 279 285
285 314 299
344 378 356
320 309 298
298 317 320
413 442 429
429 401 413
418 401 429
463 466 482
463 442 466
482 490 463
490 455 463
463 429 442
455 429 463
586 565 593
579 565 586
544 573 593
593 565 544
538 573 544
544 517 538
524 517 544
544 565 524
524 535 496
494 524 496
496 473 494
460 473 496
481 460 496
496 535 481
619 682 641
641 563 619
619 563 579
682 619 653
1178 1191 1143
1143 1191 1148
1148 1081 1143
1046 994 984
1046 1081 994
984 1014 1046
1014 1087 1046
829 894 868
868 814 829
829 803 839
783 803 829
782 783 829
829 814 782
695 704 671
1693 1678 1665
1693 1702 1678
1718 1702 1693
1768 1743 1760
1760 1743 1718
1718 1744 1760
1763 1743 1768
1734 1766 1758
1653 1639 1625
1625 1639 1616
1529 1514 1498
1541 1565 1573
1541 1529 1565
1514 1529 1541
1573 1582 1541
1541 1582 1551
1519 1514 1541
1541 1551 1519
1556 1559 1574
1532 1559 1556
1668 1689 1701
1734 1700 1701
1701 1700 1668
1701 1689 1711
1701 1711 1734
1716 1744 1718
1798 1763 1768
1872 1883 1900
1872 1886 1858
1900 1886 1872
1850 1872 1858
1883 1872 1850
1610 1617 1583
2136 2114 2129
2129 2167 2136
2195 2230 2198
2198 2167 2195
2186 2167 2198
2159 2167 2186
2136 2167 2159
2091 2114 2121
2121 2114 2136
2136 2159 2121
2121 2159 2145
2141 2168 2098
2098 2089 2141
2168 2092 2098
2092 2043 2098
2023 1962 2014
2014 2092 2023
2014 2043 2092
2014 1962 1961
1961 2043 2014
2091 2121 2090
1879 1923 1843
1843 1845 1879
1817 1845 1843
1843 1839 1789
1789 1788 1843
1843 1788 1817
1759 1788 1736
1742 1692 1736
1736 1729 1759
1698 1729 1736
1736 1789 1742
1736 1788 1789
1661 1698 1736
1736 1692 1661
1670 1698 1661
1378 1364 1401
1401 1396 1378
1378 1396 1366
1378 1349 1364
1366 1349 1378
1476 1465 1498
1332 1349 1307
1307 1349 1329
1329 1297 1307
1269 1274 1307
1307 1297 1269
1579 1610 1583
1462 1445 1420
1420 1396 1418
1392 1396 1420
1411 1392 1420
1420 1445 1411
1406 1370 1391
1407 1404 1426
1406 1391 1407
1384 1404 1407
1444 1429 1466
1466 1429 1464
1477 1504 1497
1535 1525 1519
1519 1551 1535
1559 1525 1535
1535 1551 1559
1616 1582 1597
1593 1625 1597
1597 1625 1616
1573 1593 1597
1597 1582 1573
1291 1274 1263
1332 1307 1291
1291 1307 1274
1168 1204 1173
1156 1145 1173
1173 1145 1168
1173 1204 1209
1310 1312 1282
1282 1286 1310
1258 1239 1269
1269 1286 1258
1258 1222 1239
1258 1282 1252
1286 1282 1258
1260 1224 1228
1228 1251 1260
1062 1076 1091
1091 1103 1112
1091 1076 1103
1056 1035 1062
1056 1080 1043
1043 1035 1056
1028 1041 1062
1062 1035 1028
1028 1035 1001
1043 1033 1017
1017 1002 1043
983 1002 1017
1017 999 983
1033 999 1017
1001 1002 986
986 977 1001
986 1002 970
970 977 986
1001 977 981
973 1005 981
981 948 973
947 948 981
981 977 947
1102 1073 1075
1075 1099 1102
1089 1073 1102
1102 1115 1089
1102 1099 1118
1141 1151 1118
1141 1165 1151
1075 1080 1106
1106 1099 1075
1121 1141 1106
1118 1099 1106
1106 1141 1118
1047 1033 1075
1075 1050 1047
1031 1033 1047
1047 1050 1031
1251 1236 1277
1277 1236 1252
1252 1282 1277
1277 1312 1321
1277 1282 1312
1210 1236 1251
1251 1228 1210
1051 1027 1034
1051 1070 1027
1024 995 1044
1044 995 1026
1026 1054 1044
1054 1068 1044
1027 1023 1003
1003 987 1027
1003 1023 1000
896 911 935
935 942 896
962 942 935
935 911 931
931 971 935
935 971 962
933 922 897
933 952 966
966 963 933
963 922 933
897 903 933
933 903 952
1066 1039 1024
1024 1044 1066
1066 1044 1068
871 862 888
862 895 888
888 903 871
888 895 903
988 1007 982
982 965 988
982 995 966
982 1007 995
966 952 982
952 965 982
899 922 900
900 880 899
897 922 899
899 880 897
864 880 849
864 847 871
897 880 864
864 849 836
836 847 864
871 903 864
864 903 897
811 792 787
792 759 787
787 828 811
796 828 787
787 755 796
787 759 755
866 932 894
866 829 839
894 829 866
839 869 866
869 932 866
892 867 882
882 867 842
842 860 882
915 886 907
907 945 915
964 992 979
979 945 964
1058 1030 1049
1042 1030 1058
1000 1030 1015
1015 1030 1042
974 1000 1015
1015 985 974
1167 1137 1131
1164 1137 1167
1162 1133 1166
1022 1004 989
1022 1040 1004
1522 1531 1507
1507 1531 1505
1505 1479 1507
1456 1479 1471
1442 1456 1471
1505 1487 1471
1471 1479 1505
1471 1487 1470
1470 1432 1471
1471 1432 1442
1218 1249 1250
1250 1223 1218
1276 1249 1254
1279 1285 1306
1293 1273 1279
1253 1245 1279
1279 1245 1285
1253 1279 1257
1257 1279 1273
1266 1254 1242
1276 1254 1266
1152 1192 1167
1167 1131 1152
1227 1257 1242
1338 1305 1304
1304 1340 1338
1340 1365 1338
1338 1361 1305
1338 1365 1361
1371 1365 1340
1371 1393 1365
1371 1340 1347
1408 1393 1371
1281 1278 1256
1289 1314 1280
1309 1315 1342
1342 1315 1351
1336 1360 1335
1335 1302 1336
1336 1302 1299
1336 1299 1309
1309 1342 1336
1336 1342 1357
1351 1355 1381
1381 1355 1379
1314 1323 1346
1359 1339 1346
1346 1339 1314
1346 1323 1335
1335 1360 1346
1346 1385 1359
1360 1385 1346
1354 1376 1377
1408 1371 1377
1347 1354 1377
1377 1371 1347
1390 1421 1363
1363 1331 1390
1421 1367 1363
1555 1619 1600
1600 1560 1555
1619 1672 1600
1598 1560 1600
1600 1672 1598
1438 1484 1415
1415 1386 1350
1415 1450 1386
1415 1484 1450
1350 1369 1415
1415 1369 1438
1450 1484 1508
1516 1450 1508
1508 1560 1516
1555 1560 1508
1508 1484 1555
833 859 802
747 776 833
833 802 747
2693 2702 2701
2693 2686 2671
2701 2686 2693
2590 2596 2621
2590 2570 2596
2590 2621 2609
2609 2573 2590
2573 2554 2590
2554 2570 2590
2618 2633 2606
2606 2602 2618
2618 2619 2631
2562 2538 2550
2550 2568 2562
2546 2568 2550
2603 2602 2582
2619 2618 2603
2603 2618 2602
2684 2686 2698
2731 2715 2698
2698 2715 2684
2698 2701 2731
2698 2686 2701
2655 2633 2662
2662 2684 2685
2685 2655 2662
2662 2669 2684
2662 2647 2669
2731 2701 2723
2723 2736 2731
2734 2736 2723
2723 2702 2734
2701 2702 2723
2800 2778 2775
2861 2834 2828
2805 2778 2800
2800 2828 2805
2805 2828 2834
2766 2778 2805
2805 2788 2766
2805 2834 2837
2785 2788 2809
2755 2788 2785
2760 2737 2786
2785 2809 2786
2786 2809 2825
2786 2755 2785
2737 2755 2786
2844 2825 2854
2956 2941 2932
2932 2911 2899
2932 2941 2911
2840 2868 2835
2833 2820 2844
2790 2783 2815
2783 2820 2815
2820 2833 2815
2815 2821 2790
2852 2821 2815
2815 2833 2852
2438 2426 2394
2400 2368 2381
2381 2426 2400
2372 2368 2400
2482 2500 2515
2463 2500 2482
2455 2422 2449
2291 2322 2276
2356 2368 2340
2340 2322 2356
2381 2368 2356
2577 2613 2593
2577 2576 2613
2593 2555 2577
2429 2475 2485
2523 2505 2549
2460 2476 2401
2401 2411 2460
2508 2513 2460
2460 2513 2476
2460 2485 2508
2460 2411 2429
2429 2485 2460
2369 2378 2389
2378 2419 2389
2447 2419 2430
2430 2454 2447
2430 2419 2397
2397 2428 2430
2430 2428 2454
2447 2454 2467
2418 2441 2451
2484 2464 2451
2451 2459 2484
2441 2459 2451
2437 2405 2450
2215 2190 2227
2232 2258 2239
2239 2211 2232
2239 2258 2280
2210 2211 2239
2165 2190 2185
2185 2190 2215
2218 2193 2210
2195 2193 2218
2420 2443 2395
2420 2442 2443
2395 2373 2420
2402 2385 2427
2374 2385 2402
2402 2405 2374
2309 2343 2311
2339 2343 2309
2309 2316 2339
2309 2267 2277
2277 2316 2309
2339 2316 2336
2336 2373 2339
2336 2348 2373
2326 2302 2314
2326 2316 2302
2326 2336 2316
2314 2348 2326
2348 2336 2326
2311 2343 2333
2343 2363 2333
2333 2363 2354
2333 2317 2311
2354 2317 2333
2280 2317 2312
2406 2414 2446
2448 2428 2446
2446 2428 2406
2446 2464 2490
2490 2469 2446
2469 2448 2446
2444 2459 2441
2444 2423 2424
2441 2423 2444
2468 2501 2481
2459 2444 2481
2481 2501 2529
2264 2302 2277
2277 2241 2264
2264 2274 2302
2254 2274 2264
2264 2241 2254
2250 2241 2277
2219 2241 2250
2277 2267 2250
2250 2227 2219
2140 2172 2163
2172 2191 2163
2163 2191 2184
2184 2142 2163
2111 2084 2093
2069 2067 2051
2051 2065 2069
2093 2067 2069
2069 2065 2093
2197 2191 2172
2172 2200 2197
2197 2223 2191
2197 2200 2223
2189 2210 2178
2189 2211 2210
2117 2135 2110
2138 2135 2117
2086 2060 2057
2057 2097 2086
2097 2117 2086
2086 2117 2110
2110 2082 2086
2086 2082 2060
2075 2097 2057
2165 2138 2125
2138 2117 2125
2125 2117 2097
1823 1799 1813
1813 1842 1823
1823 1842 1847
2016 2051 2039
2039 1998 2016
2016 1998 1990
2022 2051 2016
2016 1990 2022
1895 1936 1901
1895 1915 1936
1875 1915 1895
1965 1994 1990
1990 1954 1965
1983 1994 1965
1900 1883 1896
1896 1932 1900
2057 2060 2030
2030 2018 2057
2030 2060 2041
2030 2041 2003
2009 1998 2039
1966 1998 1976
1998 2009 1976
1935 1919 1893
1950 1967 1935
1935 1967 1958
1922 1935 1893
1950 1935 1922
1922 1949 1950
1893 1919 1882
1882 1866 1893
2131 2164 2155
2155 2164 2195
2195 2167 2155
2155 2129 2131
2167 2129 2155
2178 2164 2143
2006 2017 2033
2033 2041 2061
2033 2017 2041
2217 2203 2186
2186 2198 2217
2230 2246 2217
2217 2198 2230
2247 2226 2203
2203 2217 2247
2247 2217 2246
2242 2226 2247
2247 2246 2284
1585 1613 1614
1614 1661 1615
1615 1562 1614
1614 1562 1585
1580 1613 1585
1580 1543 1572
1580 1572 1612
1612 1613 1580
1513 1562 1489
1513 1489 1472
1472 1496 1513
1513 1496 1528
2251 2214 2207
2251 2207 2224
2224 2243 2251
2251 2243 2276
2276 2290 2251
2263 2330 2296
2305 2330 2263
2263 2296 2233
2263 2233 2204
2204 2240 2263
2422 2403 2371
2403 2330 2371
2188 2214 2209
2209 2182 2188
2204 2182 2209
2209 2240 2204
2360 2342 2292
2292 2342 2299
2359 2360 2292
2292 2298 2359
2292 2208 2212
2212 2298 2292
2461 2487 2431
2431 2399 2461
2479 2393 2431
2431 2487 2479
2393 2341 2431
2341 2399 2431
1865 1928 1916
1916 1832 1865
1863 1832 1916
1916 1984 1953
1916 1928 1970
1970 1984 1916
1916 1953 1907
1907 1863 1916
2021 1970 2012
2021 1984 1970
2021 2012 2076
2076 2073 2021
2021 2073 2029
2029 1984 2021
144 157 128
157 147 128
128 123 144
137 111 128
128 147 137
132 154 155
155 130 132
155 154 169
169 177 155
177 160 155
160 130 155
200 214 216
216 207 200
216 214 239
239 235 216
220 207 216
216 235 220
193 184 186
186 207 193
193 198 184
193 207 220
220 198 193
441 410 428
441 421 410
467 421 441
334 345 330
330 318 334
327 359 334
359 345 334
334 308 327
334 318 308
323 330 341
330 345 341
341 328 323
439 460 419
419 405 439
385 405 419
419 460 481
481 444 419
399 385 419
419 444 399
655 617 637
655 637 652
655 705 675
652 687 655
687 705 655
478 433 452
433 432 452
478 452 493
493 452 471
525 504 534
534 504 516
516 558 534
3202 3234 3209
3209 3234 3219
3209 3179 3202
3160 3179 3173
3173 3157 3149
3149 3160 3173
3208 3218 3225
3208 3225 3213
3213 3187 3208
2861 2888 2869
2869 2834 2861
2869 2888 2914
2869 2914 2897
2897 2873 2869
2869 2873 2837
2837 2834 2869
2953 2942 2930
2930 2928 2953
2953 2966 2965
2945 2966 2953
2953 2928 2945
2904 2895 2930
3019 2990 3007
2995 3018 3007
3029 3019 3007
3030 3029 3007
3007 3018 3030
2976 2990 2959
2922 2892 2929
2892 2911 2929
2911 2941 2929
2920 2927 2902
2902 2927 2913
2878 2920 2902
2983 2979 2960
2956 2942 2960
2960 2979 2956
2965 2981 2960
2981 2983 2960
2960 2953 2965
2942 2953 2960
3034 3036 3022
3022 3002 3034
3001 3002 3022
3036 3018 3022
3022 3018 3001
2613 2610 2645
2645 2659 2613
2610 2636 2645
2676 2659 2645
2670 2676 2645
2645 2636 2670
2772 2779 2744
2779 2758 2744
2744 2761 2772
2744 2758 2724
2724 2704 2744
2707 2761 2744
2744 2704 2707
2591 2581 2612
2612 2610 2591
2612 2636 2610
2636 2612 2650
2670 2636 2650
2650 2683 2670
2637 2663 2678
2678 2650 2637
2683 2650 2678
2678 2720 2710
2710 2683 2678
2628 2663 2637
2628 2605 2599
2637 2605 2628
2599 2625 2628
2625 2663 2628
2675 2717 2703
2884 2846 2857
2857 2866 2884
2835 2866 2857
2772 2796 2812
2836 2853 2812
2807 2779 2812
2812 2779 2772
2812 2813 2836
2812 2796 2813
2794 2806 2827
2827 2810 2794
2827 2806 2835
2835 2857 2827
2846 2810 2827
2827 2857 2846
2839 2875 2856
2839 2823 2807
2856 2823 2839
2807 2812 2839
2839 2812 2853
2925 2913 2940
2925 2896 2913
2925 2940 2955
2955 2933 2925
2933 2898 2925
2898 2896 2925
2649 2668 2687
2687 2668 2697
2730 2713 2745
2697 2713 2730
2730 2687 2697
2711 2687 2730
2728 2798 2769
2798 2829 2769
2769 2829 2801
2722 2728 2769
2769 2801 2722
2795 2770 2757
2757 2747 2795
2726 2747 2757
2757 2770 2745
2745 2726 2757
505 502 477
502 468 477
477 507 505
475 507 477
477 437 475
948 918 909
909 937 948
908 937 909
909 872 908
874 872 909
893 874 909
909 918 893
983 999 967
967 953 983
967 999 988
988 965 967
927 953 967
967 936 927
967 965 936
955 970 983
983 953 955
955 946 970
955 924 946
953 924 955
465 471 430
430 431 465
430 452 432
471 452 430
430 432 415
407 431 430
415 395 430
395 407 430
465 431 422
408 438 422
422 431 407
422 388 408
422 407 388
551 530 570
551 583 598
570 583 551
613 635 598
598 583 613
617 655 613
594 583 570
606 617 594
617 613 594
594 613 583
594 574 606
570 574 594
465 422 462
462 422 438
495 484 530
465 462 495
495 462 484
476 467 501
447 467 476
536 530 497
530 484 497
497 476 501
520 545 527
545 555 527
527 555 536
501 520 527
527 497 501
536 497 527
623 607 678
552 607 623
645 576 623
576 552 623
451 426 492
492 512 451
492 450 511
492 426 450
511 552 492
492 552 576
576 512 492
337 317 328
328 344 337
337 320 317
337 344 356
356 320 337
309 320 335
356 353 335
335 320 356
335 306 309
331 306 335
335 351 331
353 351 335
439 418 443
418 429 443
443 429 455
663 671 704
640 671 663
1111 1143 1081
1081 1046 1111
1111 1144 1178
1178 1143 1111
1111 1087 1144
1111 1046 1087
656 640 618
656 671 640
656 627 664
618 627 656
695 671 656
656 684 695
656 664 684
1768 1760 1793
1793 1798 1768
1825 1798 1793
1793 1814 1825
1744 1758 1774
1774 1760 1744
1774 1793 1760
1806 1814 1774
1814 1793 1774
1806 1774 1785
1785 1774 1758
1766 1799 1785
1785 1758 1766
1532 1556 1552
1552 1556 1574
1718 1693 1706
1706 1716 1718
1700 1716 1706
1733 1758 1744
1744 1716 1733
1734 1758 1733
1733 1700 1734
1733 1716 1700
1816 1798 1826
1826 1798 1825
1826 1850 1816
1795 1798 1816
1763 1798 1795
1883 1850 1877
1860 1874 1877
1877 1896 1883
1822 1850 1858
1816 1850 1822
1822 1795 1816
1771 1779 1757
1833 1822 1858
1811 1822 1833
1617 1610 1637
1637 1610 1632
1588 1592 1567
2224 2207 2192
2196 2153 2176
2176 2153 2145
2203 2196 2176
2186 2203 2176
2176 2159 2186
2145 2159 2176
2161 2162 2133
2133 2153 2161
1999 2019 1991
1991 1958 1999
1991 1973 1958
1958 1973 1940
2123 2121 2145
2123 2090 2121
2145 2153 2123
2119 2146 2141
2119 2115 2146
2141 2089 2119
2133 2162 2122
2122 2100 2133
1943 1944 1905
1905 1923 1879
1905 1944 1923
1841 1824 1862
1862 1881 1841
2026 2015 2050
2089 2098 2032
2032 2098 2043
2032 2043 1961
1800 1827 1824
1724 1756 1725
1841 1845 1820
1820 1845 1817
1759 1729 1753
1753 1729 1725
1812 1835 1815
1812 1779 1810
1815 1835 1840
1840 1835 1864
1864 1871 1840
1840 1871 1846
1908 1899 1941
1891 1843 1923
1839 1843 1891
1894 1839 1891
1923 1961 1891
1961 1894 1891
1633 1612 1630
1633 1613 1612
1403 1404 1384
1384 1373 1403
1414 1424 1403
1426 1404 1403
1403 1424 1426
1368 1411 1389
1411 1414 1389
1389 1353 1368
1389 1373 1353
1414 1403 1389
1389 1403 1373
1326 1321 1352
1352 1356 1326
1321 1353 1352
1353 1373 1352
1384 1356 1352
1352 1373 1384
1498 1514 1493
1493 1476 1498
1493 1514 1519
1519 1481 1493
1493 1481 1462
1462 1476 1493
1290 1285 1260
1326 1324 1290
1322 1285 1290
1290 1324 1322
1322 1324 1343
1326 1356 1343
1343 1324 1326
1522 1507 1490
1490 1479 1453
1490 1507 1479
1561 1579 1583
1449 1476 1462
1462 1420 1449
1449 1420 1418
1465 1476 1449
1430 1465 1449
1418 1430 1449
1374 1356 1384
1384 1407 1374
1374 1407 1391
1374 1343 1356
1374 1391 1370
1370 1343 1374
1443 1407 1426
1434 1429 1406
1464 1429 1434
1406 1407 1434
1407 1443 1434
1406 1429 1398
1398 1370 1406
1492 1466 1464
1503 1526 1524
1503 1497 1526
1320 1279 1306
1293 1279 1320
1330 1315 1293
1293 1320 1330
1330 1320 1355
1351 1315 1330
1330 1355 1351
1662 1699 1677
1677 1694 1658
1658 1637 1677
1677 1632 1662
1677 1637 1632
1717 1694 1712
1617 1637 1642
1642 1637 1658
1156 1173 1184
1184 1173 1209
1184 1217 1196
1209 1217 1184
1234 1258 1252
1222 1258 1234
1062 1091 1100
1100 1112 1128
1100 1091 1112
1016 1005 1041
1041 1028 1016
1016 1028 1001
1001 981 1016
1016 981 1005
1156 1184 1159
1159 1184 1196
1159 1128 1156
1159 1121 1128
1159 1141 1121
1165 1141 1159
1120 1102 1118
1115 1102 1120
1118 1153 1120
1120 1153 1115
1292 1321 1326
1292 1277 1321
1224 1245 1214
1097 1070 1086
1070 1051 1086
1034 1039 1057
1057 1051 1034
1057 1086 1051
1039 1066 1057
978 942 962
956 942 978
962 987 978
987 1003 978
978 1003 1000
978 1000 974
974 956 978
886 915 902
860 886 902
902 882 860
950 915 945
950 979 975
945 979 950
950 902 915
1085 1058 1049
1049 1070 1085
1085 1070 1097
1114 1131 1097
1097 1086 1114
1142 1152 1114
1114 1152 1131
1167 1197 1186
1186 1164 1167
1147 1166 1133
1177 1166 1147
1211 1226 1247
1528 1543 1546
1546 1513 1528
1546 1580 1585
1543 1580 1546
1585 1562 1546
1562 1513 1546
1520 1543 1528
1528 1496 1520
1496 1495 1520
1220 1254 1249
1220 1218 1206
1249 1218 1220
1206 1186 1220
1220 1186 1197
1242 1254 1220
1275 1266 1242
1242 1257 1275
1275 1257 1273
1275 1273 1293
1293 1315 1275
1309 1276 1287
1276 1266 1287
1287 1315 1309
1287 1275 1315
1266 1275 1287
1216 1256 1229
1259 1280 1247
1247 1226 1259
1259 1271 1289
1289 1280 1259
1250 1271 1259
1259 1223 1250
1259 1226 1223
1298 1280 1314
1298 1339 1327
1314 1339 1298
1281 1256 1283
1283 1298 1327
1327 1308 1283
1283 1308 1281
1351 1381 1380
1417 1400 1380
1380 1342 1351
1357 1342 1380
1402 1432 1408
1408 1377 1402
1412 1432 1402
1402 1376 1412
1402 1377 1376
1331 1363 1301
1261 1233 1301
1301 1316 1261
1233 1265 1301
1265 1331 1301
1367 1316 1301
1301 1363 1367
2635 2618 2631
2633 2618 2635
2631 2647 2635
2635 2662 2633
2647 2662 2635
2539 2535 2546
2546 2550 2539
2539 2531 2535
2538 2531 2539
2539 2550 2538
2764 2775 2765
2765 2775 2778
2765 2778 2763
2765 2740 2764
2763 2740 2765
2811 2805 2837
2788 2805 2811
2837 2809 2811
2811 2809 2788
2748 2715 2731
2748 2755 2715
2731 2736 2748
2748 2736 2766
2766 2788 2748
2788 2755 2748
2729 2737 2705
2729 2755 2737
2715 2755 2729
2729 2705 2685
2685 2715 2729
2804 2786 2825
2804 2825 2844
2844 2820 2804
2804 2820 2783
2837 2873 2863
2873 2895 2863
2825 2809 2832
2832 2854 2825
2832 2863 2854
2832 2809 2837
2837 2863 2832
2899 2886 2910
2910 2886 2893
2910 2932 2899
2821 2840 2808
2781 2792 2808
2808 2792 2821
2808 2782 2781
2806 2782 2808
2835 2806 2808
2808 2840 2835
2845 2821 2852
2845 2840 2821
2893 2886 2864
2864 2885 2893
2864 2886 2852
2852 2833 2864
2844 2885 2864
2864 2833 2844
2470 2494 2506
2470 2467 2494
2447 2467 2470
2426 2438 2456
2436 2400 2426
2436 2456 2463
2426 2456 2436
2372 2400 2396
2477 2449 2458
2455 2449 2477
2422 2404 2433
2433 2449 2422
2458 2449 2433
2284 2246 2260
2260 2246 2230
2230 2257 2260
2344 2320 2355
2377 2378 2355
2378 2344 2355
2355 2320 2325
2325 2337 2355
2355 2382 2377
2355 2337 2382
2369 2345 2327
2327 2344 2369
2319 2320 2344
2344 2327 2319
2319 2327 2307
2284 2320 2319
2319 2307 2284
2259 2225 2242
2259 2243 2225
2276 2243 2259
2259 2291 2276
2242 2247 2266
2266 2259 2242
2291 2259 2266
2346 2367 2381
2381 2356 2346
2345 2367 2346
2346 2356 2322
2549 2576 2542
2542 2523 2549
2394 2369 2408
2369 2389 2408
2408 2438 2394
2408 2389 2419
2489 2454 2469
2489 2467 2454
2469 2502 2489
2494 2467 2489
2489 2502 2520
2520 2494 2489
2439 2451 2464
2464 2446 2439
2439 2446 2414
2439 2414 2418
2418 2451 2439
2437 2450 2473
2465 2442 2473
2473 2442 2437
2473 2495 2465
2512 2495 2473
2311 2317 2285
2285 2283 2311
2280 2258 2285
2285 2317 2280
2255 2258 2232
2232 2215 2255
2255 2285 2258
2283 2285 2255
2267 2283 2255
2201 2190 2184
2201 2227 2190
2184 2219 2201
2219 2227 2201
2253 2239 2280
2210 2239 2253
2308 2337 2325
2352 2351 2315
2280 2312 2315
2256 2257 2231
2231 2218 2256
2231 2257 2230
2231 2230 2195
2195 2218 2231
2410 2373 2383
2410 2420 2373
2383 2405 2410
2410 2405 2437
2437 2442 2410
2442 2420 2410
2434 2402 2427
2471 2450 2434
2434 2450 2405
2405 2402 2434
2427 2457 2434
2434 2457 2471
2301 2283 2267
2267 2309 2301
2311 2283 2301
2301 2309 2311
2332 2370 2352
2332 2354 2370
2352 2315 2332
2332 2315 2312
2332 2317 2354
2332 2312 2317
2445 2443 2468
2445 2416 2443
2468 2481 2445
2445 2481 2444
2424 2416 2445
2445 2444 2424
2496 2529 2511
2496 2481 2529
2511 2484 2496
2484 2459 2496
2459 2481 2496
2142 2111 2127
2140 2163 2127
2127 2163 2142
2127 2118 2140
2093 2118 2127
2127 2111 2093
2169 2135 2138
2169 2138 2165
2165 2185 2169
2097 2075 2101
2101 2125 2097
2084 2111 2101
2057 2018 2047
2047 2075 2057
2018 2009 2047
2047 2009 2039
2126 2111 2142
2126 2101 2111
2125 2101 2126
1847 1842 1867
1887 1875 1867
1867 1875 1847
1867 1842 1876
1867 1876 1887
1819 1823 1847
1799 1823 1819
1806 1785 1819
1819 1785 1799
1983 1965 1947
1932 1956 1960
2018 2030 1997
1997 2030 2003
1933 1956 1932
1966 1976 1952
1952 1976 1938
1952 1936 1966
1952 1938 1936
1999 1958 1987
1958 1967 1987
1985 1967 1950
1950 1949 1985
1900 1932 1946
1932 1960 1946
1893 1866 1880
1880 1922 1893
1886 1922 1880
1924 1886 1900
1924 1922 1886
1949 1922 1924
1864 1882 1888
1888 1882 1919
1888 1871 1864
1902 1871 1888
2130 2164 2131
2130 2143 2164
2131 2105 2130
2105 2112 2130
2112 2143 2130
2110 2135 2132
2132 2112 2110
2132 2143 2112
2091 2090 2056
2063 2044 2038
2061 2083 2066
2066 2033 2061
2083 2105 2066
2284 2307 2286
2286 2247 2284
2286 2266 2247
1638 1670 1661
1661 1614 1638
1638 1633 1670
1638 1614 1613
1613 1633 1638
2375 2404 2422
2422 2371 2375
2334 2330 2305
2334 2371 2330
2334 2321 2347
2347 2375 2334
2334 2375 2371
2357 2347 2323
2347 2321 2323
2340 2357 2323
2323 2310 2340
2323 2290 2310
2305 2263 2268
2268 2263 2240
2238 2292 2299
2208 2292 2238
2238 2299 2234
2238 2234 2175
2175 2208 2238
2708 2719 2680
2719 2677 2680
2680 2646 2648
2680 2677 2646
2648 2649 2680
2649 2687 2680
2680 2711 2708
2680 2687 2711
2696 2719 2733
2696 2677 2719
2696 2733 2709
2666 2617 2646
2646 2677 2666
2677 2696 2666
123 128 105
105 91 123
87 91 105
105 111 87
105 128 111
428 456 459
459 441 428
459 487 480
456 487 459
480 467 459
467 441 459
363 341 345
379 385 363
363 345 379
385 380 363
362 380 378
378 344 362
362 363 380
341 363 362
362 344 328
328 341 362
478 493 500
500 493 516
500 504 478
516 504 500
516 493 532
532 558 516
553 558 592
553 534 558
553 592 590
590 547 553
553 547 525
525 534 553
3218 3208 3199
2893 2885 2915
2930 2942 2915
2915 2904 2930
2982 2962 2995
2982 2976 2962
2995 3007 2982
2982 3007 2990
2990 2976 2982
2934 2922 2951
2922 2929 2951
2951 2976 2959
2951 2929 2941
2951 2944 2934
2959 2944 2951
2951 2941 2962
2962 2976 2951
2913 2875 2877
2877 2902 2913
2877 2839 2853
2875 2839 2877
2877 2853 2878
2878 2902 2877
2622 2605 2637
2637 2650 2622
2622 2650 2612
2581 2605 2622
2622 2612 2581
2727 2720 2695
2720 2678 2695
2695 2678 2663
2695 2694 2727
2695 2663 2694
2738 2717 2760
2738 2703 2717
2743 2703 2738
2760 2783 2738
2783 2743 2738
2643 2640 2672
2640 2675 2672
2675 2703 2672
2711 2730 2741
2777 2742 2741
2742 2711 2741
448 477 468
448 427 417
448 468 427
448 417 437
437 477 448
646 655 675
646 613 655
635 613 646
646 675 666
666 635 646
530 551 522
522 495 530
438 425 461
461 497 484
461 462 438
484 462 461
679 713 645
645 623 679
743 713 679
678 743 679
679 623 678
470 473 439
439 443 470
470 443 455
494 473 470
470 490 494
470 455 490
704 718 692
692 663 704
653 663 692
718 723 692
723 682 692
682 653 692
614 663 653
614 653 619
640 663 614
579 586 614
614 619 579
593 640 614
614 586 593
1707 1738 1712
1699 1738 1707
1707 1677 1699
1712 1694 1707
1694 1677 1707
1737 1699 1714
1737 1738 1699
1763 1738 1737
1714 1743 1737
1743 1763 1737
1574 1607 1590
1590 1552 1574
1575 1552 1590
1590 1607 1623
1623 1632 1603
1632 1610 1603
1603 1590 1623
1575 1590 1603
1610 1579 1603
1579 1575 1603
1532 1552 1523
1523 1552 1526
1526 1497 1523
1523 1504 1532
1523 1497 1504
1666 1700 1686
1700 1706 1686
1665 1651 1686
1686 1651 1666
1686 1693 1665
1686 1706 1693
1847 1875 1852
1852 1819 1847
1767 1738 1763
1763 1795 1767
1860 1877 1844
1844 1825 1860
1844 1826 1825
1850 1826 1844
1844 1877 1850
1810 1779 1803
1779 1771 1803
1858 1886 1861
1861 1833 1858
1886 1880 1861
1567 1592 1566
1566 1531 1567
1634 1621 1636
1630 1612 1634
1612 1621 1634
1612 1572 1595
1595 1621 1612
1595 1572 1569
1698 1670 1704
1670 1690 1704
1704 1729 1698
1725 1729 1704
1704 1690 1725
1640 1622 1652
1772 1792 1805
1772 1764 1792
1772 1800 1769
2202 2225 2224
2224 2192 2202
2177 2214 2188
2188 2146 2177
1958 1940 1939
1939 1940 1919
1939 1935 1958
1919 1935 1939
1918 1940 1902
1919 1940 1918
1902 1888 1918
1918 1888 1919
2116 2153 2133
2116 2123 2153
2133 2100 2116
2090 2123 2116
2128 2115 2088
2146 2115 2128
2072 2070 2100
1870 1905 1879
1881 1905 1870
1879 1845 1870
1841 1881 1870
1870 1845 1841
1824 1827 1856
1856 1862 1824
1827 1851 1856
1856 1851 1873
1941 1969 1942
1943 1905 1942
1971 1969 2004
1971 1944 1943
1943 1942 1971
1971 1942 1969
1993 2026 2004
2004 1969 1993
2088 2115 2087
2087 2059 2088
2115 2119 2087
2087 2119 2089
2088 2059 2055
1873 1851 1868
1868 1851 1848
1846 1871 1868
1868 1848 1846
1846 1848 1829
1829 1851 1827
1848 1851 1829
1784 1800 1824
1769 1800 1784
1784 1756 1769
1786 1820 1817
1786 1788 1759
1817 1788 1786
1759 1753 1786
1809 1824 1841
1841 1820 1809
1809 1784 1824
1782 1784 1809
1809 1786 1782
1820 1786 1809
1725 1756 1765
1765 1753 1725
1756 1784 1765
1765 1784 1782
1782 1786 1765
1765 1786 1753
1835 1812 1849
1864 1835 1849
1849 1882 1864
1866 1882 1849
1821 1840 1846
1815 1840 1821
1821 1829 1805
1846 1829 1821
1805 1792 1821
1821 1792 1815
1881 1862 1885
1885 1856 1873
1862 1856 1885
1873 1899 1885
1899 1908 1885
1941 1899 1937
1902 1940 1934
1322 1343 1344
1344 1343 1370
1594 1570 1583
1589 1570 1594
1583 1617 1594
1545 1588 1567
1567 1531 1545
1545 1531 1522
1474 1457 1494
1548 1575 1579
1579 1561 1548
1526 1552 1548
1548 1552 1575
1524 1526 1548
1548 1561 1524
1524 1561 1540
1583 1570 1540
1540 1561 1583
1497 1503 1473
1464 1434 1473
1473 1434 1443
1370 1398 1375
1379 1355 1375
1444 1435 1405
1405 1429 1444
1405 1398 1429
1379 1375 1405
1405 1375 1398
1405 1381 1379
1524 1492 1488
1488 1503 1524
1488 1492 1464
1464 1473 1488
1488 1473 1503
1727 1757 1739
1752 1771 1757
1757 1727 1752
1752 1727 1717
1589 1605 1577
1577 1605 1611
1792 1764 1761
1252 1236 1213
1213 1234 1252
1222 1234 1213
1080 1056 1094
1128 1121 1094
1094 1100 1128
1094 1056 1062
1062 1100 1094
1094 1106 1080
1121 1106 1094
1326 1290 1284
1284 1292 1326
1260 1251 1284
1284 1290 1260
1251 1277 1284
1277 1292 1284
1225 1245 1253
1225 1214 1245
1253 1257 1225
1257 1227 1225
1199 1214 1225
1192 1199 1225
1225 1227 1192
1157 1152 1142
1157 1199 1192
1192 1152 1157
1163 1150 1174
1095 1066 1068
1095 1054 1089
1095 1068 1054
1089 1115 1095
892 882 910
882 902 910
910 926 892
969 926 943
926 910 943
902 950 943
943 910 902
1109 1085 1097
1097 1131 1109
1109 1131 1137
1066 1095 1105
1105 1095 1139
1195 1218 1223
1177 1147 1169
975 979 998
998 1022 989
998 1038 1022
1040 1022 1063
1022 1038 1063
1072 1040 1063
1063 1096 1072
1543 1520 1537
1569 1572 1537
1572 1543 1537
1495 1487 1512
1512 1520 1495
1512 1537 1520
1512 1487 1505
1242 1220 1215
1215 1220 1197
1215 1227 1242
1215 1197 1192
1192 1227 1215
1241 1211 1247
1241 1219 1211
1241 1283 1256
1241 1256 1216
1216 1219 1241
1181 1211 1200
1211 1219 1200
1200 1169 1181
1177 1169 1200
1216 1177 1200
1200 1219 1216
1255 1256 1278
1255 1229 1256
1201 1177 1216
1216 1229 1201
1201 1166 1177
1162 1166 1201
1201 1194 1162
1280 1298 1268
1298 1283 1268
1247 1280 1268
1268 1241 1247
1283 1241 1268
1410 1385 1397
1397 1385 1360
1463 1447 1474
1463 1490 1453
1428 1400 1417
1417 1447 1428
1428 1397 1400
1428 1463 1453
1447 1463 1428
1409 1380 1381
1417 1380 1409
1381 1405 1409
1409 1405 1435
840 808 917
917 912 840
776 808 840
840 833 776
840 912 833
1021 917 1088
1021 912 917
1021 1088 1146
1146 1083 1021
859 833 958
833 912 958
939 859 958
958 1021 1083
912 1021 958
958 1061 939
1083 1061 958
2784 2783 2760
2784 2804 2783
2760 2786 2784
2786 2804 2784
2854 2863 2882
2895 2904 2882
2882 2863 2895
2882 2885 2844
2844 2854 2882
2882 2915 2885
2904 2915 2882
2931 2910 2893
2893 2915 2931
2931 2915 2942
2931 2942 2956
2956 2932 2931
2932 2910 2931
2868 2840 2870
2840 2845 2870
2899 2911 2870
2870 2911 2868
2870 2886 2899
2852 2886 2870
2870 2845 2852
2491 2500 2463
2463 2456 2491
2491 2530 2500
2400 2436 2440
2440 2396 2400
2458 2433 2440
2404 2396 2440
2440 2433 2404
2440 2436 2463
2463 2482 2440
2440 2482 2458
2458 2482 2493
2493 2477 2458
2505 2477 2493
2515 2505 2493
2493 2482 2515
2455 2477 2492
2492 2475 2455
2492 2523 2475
2505 2523 2492
2492 2477 2505
2533 2555 2508
2508 2485 2533
2523 2542 2533
2533 2485 2475
2475 2523 2533
2435 2419 2447
2435 2408 2419
2438 2408 2435
2447 2470 2435
2435 2470 2438
2472 2450 2471
2472 2473 2450
2215 2227 2237
2237 2255 2215
2272 2253 2280
2280 2315 2272
2272 2315 2297
2272 2297 2256
2256 2253 2272
2236 2218 2210
2210 2253 2236
2256 2218 2236
2236 2253 2256
2297 2308 2275
2275 2257 2256
2256 2297 2275
2324 2308 2297
2324 2315 2351
2297 2315 2324
2351 2337 2324
2337 2308 2324
2199 2169 2185
2189 2169 2199
2211 2189 2199
2232 2211 2199
2199 2215 2232
2199 2185 2215
2039 2067 2068
2068 2047 2039
2075 2047 2068
2068 2067 2084
2084 2101 2068
2068 2101 2075
2165 2125 2157
2125 2126 2157
2157 2190 2165
2157 2126 2142
2157 2142 2184
2184 2190 2157
1912 1947 1930
1930 1915 1912
1989 1956 1963
1989 1997 1956
2018 1997 1989
1989 2009 2018
1963 1976 1989
1989 1976 2009
1986 1960 1956
1956 1997 1986
2003 1960 1986
1986 1997 2003
1948 1976 1963
1938 1976 1948
1963 1956 1948
1956 1933 1948
1932 1896 1911
1911 1933 1932
1896 1877 1911
2038 2044 2005
1999 1987 2005
2005 1987 1967
1967 1985 2005
2006 2033 2002
1980 1985 1949
1980 2002 1985
1931 1946 1949
1949 1924 1931
1900 1946 1931
1931 1924 1900
2160 2189 2178
2178 2143 2160
2143 2132 2160
2160 2132 2135
2135 2169 2160
2160 2169 2189
2091 2056 2071
2071 2056 2044
2044 2063 2071
2090 2070 2053
2053 2056 2090
2070 2034 2053
2019 2056 2053
2053 2034 2019
2131 2129 2107
2107 2105 2131
2054 2063 2038
2291 2266 2313
2266 2286 2313
2313 2286 2307
2313 2327 2345
2307 2327 2313
2345 2346 2313
2322 2291 2313
2313 2346 2322
2404 2375 2376
2376 2396 2404
2376 2347 2357
2376 2375 2347
2376 2357 2372
2372 2396 2376
2305 2268 2303
2303 2334 2305
2321 2334 2303
2214 2251 2249
2709 2691 2674
2674 2696 2709
2674 2666 2696
2674 2691 2653
2620 2617 2641
2617 2666 2641
2666 2674 2641
2641 2653 2620
2641 2674 2653
3179 3209 3193
3193 3173 3179
2689 2673 2643
2643 2672 2689
2689 2672 2703
2689 2716 2673
2756 2776 2777
2777 2741 2756
2745 2776 2756
2756 2730 2745
2756 2741 2730
457 425 447
457 461 425
447 476 457
476 497 457
497 461 457
1819 1852 1828
1828 1814 1806
1806 1819 1828
1878 1895 1901
1875 1895 1878
1878 1852 1875
1796 1767 1795
1796 1822 1811
1795 1822 1796
1712 1738 1745
1738 1767 1745
1745 1717 1712
1745 1752 1717
1859 1880 1866
1859 1861 1880
1630 1634 1655
1655 1633 1630
1655 1690 1670
1670 1633 1655
1569 1566 1587
1587 1595 1569
1587 1566 1592
1687 1652 1664
1641 1622 1611
1652 1622 1641
1641 1664 1652
1656 1664 1641
1647 1669 1631
1631 1669 1656
1656 1641 1631
1611 1605 1631
1631 1641 1611
1599 1622 1618
1622 1640 1618
1618 1626 1592
1645 1626 1618
1618 1640 1645
1618 1588 1599
1592 1588 1618
2183 2196 2225
2225 2202 2183
2183 2153 2196
2183 2161 2153
2162 2161 2183
2183 2192 2162
2183 2202 2192
2187 2192 2207
2207 2214 2187
2214 2177 2187
2100 2070 2095
2095 2116 2100
2095 2070 2090
2090 2116 2095
2113 2128 2088
2088 2085 2113
2074 2072 2100
2048 2034 2070
2070 2072 2048
2050 2015 2048
2048 2074 2050
2072 2074 2048
1881 1885 1910
1910 1885 1908
1910 1905 1881
1910 1942 1905
1910 1908 1941
1941 1942 1910
1944 1971 1972
1972 2032 1961
1972 1961 1923
1923 1944 1972
2004 2026 2037
2026 2055 2037
2037 2028 2004
2037 2055 2059
2059 2028 2037
2050 2074 2064
2064 2074 2085
2064 2026 2050
2064 2055 2026
2064 2085 2088
2088 2055 2064
2000 1971 2004
2004 2028 2000
2089 2032 2058
2032 2028 2058
2058 2087 2089
2059 2087 2058
2058 2028 2059
1889 1871 1902
1889 1868 1871
1805 1829 1808
1808 1829 1827
1827 1800 1808
1808 1772 1805
1800 1772 1808
1747 1772 1769
1769 1756 1747
1756 1724 1747
1866 1849 1831
1831 1859 1866
1831 1812 1810
1831 1849 1812
1810 1803 1831
1941 1937 1957
1957 1937 1951
1951 1937 1926
1926 1934 1951
1926 1937 1899
1902 1934 1926
1926 1889 1902
1341 1320 1306
1306 1322 1341
1322 1344 1341
1355 1320 1341
1341 1375 1355
1341 1344 1370
1370 1375 1341
1620 1605 1589
1589 1594 1620
1647 1631 1620
1620 1631 1605
1620 1594 1617
1617 1642 1620
1620 1642 1647
1588 1545 1586
1599 1588 1586
1611 1622 1586
1586 1622 1599
1586 1577 1611
1571 1577 1586
1486 1463 1474
1490 1463 1486
1521 1545 1522
1522 1490 1521
1490 1486 1521
1557 1570 1589
1589 1577 1557
1468 1494 1457
1444 1466 1468
1468 1435 1444
1457 1435 1468
1440 1435 1457
1440 1457 1474
1474 1447 1440
1440 1447 1417
1417 1409 1440
1440 1409 1435
1517 1492 1524
1524 1540 1517
1477 1497 1458
1497 1473 1458
1458 1473 1443
1458 1443 1426
1458 1454 1477
1426 1454 1458
1731 1710 1720
1779 1812 1770
1151 1165 1171
1171 1153 1151
1236 1210 1212
1212 1213 1236
1205 1163 1174
1205 1228 1224
1174 1210 1205
1205 1210 1228
1199 1157 1187
1187 1214 1199
1163 1205 1187
1224 1214 1187
1187 1205 1224
1139 1095 1136
1150 1163 1136
1136 1163 1139
1115 1150 1136
1136 1095 1115
969 943 972
989 969 972
972 950 975
972 943 950
975 998 972
972 998 989
1119 1105 1139
1119 1157 1142
1139 1157 1119
1142 1114 1119
1223 1226 1190
1190 1195 1223
1190 1211 1181
1226 1211 1190
1161 1195 1190
1206 1218 1179
1218 1195 1179
1179 1186 1206
1164 1186 1179
1179 1195 1161
1137 1164 1149
1149 1117 1137
1164 1179 1149
1149 1179 1161
1098 1109 1137
1137 1117 1098
1085 1109 1098
1058 1085 1098
1012 979 992
1012 998 979
1019 1015 1042
992 985 1019
985 1015 1019
1181 1169 1155
1155 1190 1181
1569 1537 1534
1537 1512 1534
1534 1566 1569
1534 1512 1505
1505 1531 1534
1531 1566 1534
1304 1305 1267
1267 1278 1304
1267 1255 1278
1267 1305 1248
1194 1201 1230
1230 1201 1229
1229 1255 1230
1255 1267 1230
1248 1194 1230
1230 1267 1248
1372 1397 1360
1400 1397 1372
1360 1336 1372
1372 1336 1357
1357 1380 1372
1372 1380 1400
1410 1397 1423
1397 1428 1423
1423 1431 1410
1453 1431 1423
1423 1428 1453
2466 2491 2456
2438 2470 2466
2466 2456 2438
2560 2577 2555
2555 2533 2560
2560 2533 2542
2576 2577 2560
2560 2542 2576
2498 2471 2503
2498 2472 2471
2503 2526 2498
2498 2526 2512
2512 2473 2498
2473 2472 2498
2267 2255 2248
2255 2237 2248
2248 2250 2267
2227 2250 2248
2248 2237 2227
2293 2308 2325
2293 2275 2308
2325 2320 2293
2293 2260 2257
2257 2275 2293
2293 2320 2284
2284 2260 2293
1945 1947 1965
1945 1930 1947
1945 1965 1954
1915 1930 1945
1936 1915 1945
1945 1954 1936
1933 1911 1904
1904 1877 1874
1904 1911 1877
1901 1938 1904
1938 1948 1904
1904 1948 1933
2038 2005 2008
2008 2005 1985
1985 2002 2008
1999 2005 2024
2024 2005 2044
2024 2019 1999
2024 2056 2019
2044 2056 2024
1949 1946 1982
1982 1980 1949
1982 1946 1960
2003 2006 1982
1982 1960 2003
2006 2002 1982
2002 1980 1982
2096 2129 2114
2096 2107 2129
2096 2114 2091
2091 2071 2096
2096 2071 2063
2105 2107 2081
2081 2066 2105
2081 2054 2066
2063 2054 2081
2081 2096 2063
2107 2096 2081
2279 2251 2290
2279 2249 2251
2290 2323 2279
2279 2323 2321
2321 2303 2279
2279 2303 2268
2244 2268 2240
2240 2209 2244
2244 2279 2268
2249 2279 2244
2244 2209 2214
2214 2249 2244
3203 3209 3219
3203 3193 3209
3219 3218 3203
3218 3199 3203
3157 3173 3185
3173 3193 3185
3185 3203 3199
3193 3203 3185
3185 3187 3158
3158 3157 3185
3185 3208 3187
3185 3199 3208
2712 2743 2716
2716 2689 2712
2712 2703 2743
2712 2689 2703
550 582 591
550 546 582
591 558 550
558 532 550
539 522 551
1884 1878 1901
1901 1904 1884
1884 1904 1874
1752 1745 1773
1771 1752 1773
1767 1796 1773
1773 1745 1767
1773 1796 1811
1811 1803 1773
1773 1803 1771
1660 1634 1636
1636 1675 1660
1660 1655 1634
1690 1655 1660
1592 1626 1609
1609 1587 1592
1636 1621 1609
1609 1626 1636
1621 1595 1609
1595 1587 1609
1720 1710 1695
1695 1710 1687
1687 1664 1695
1708 1727 1739
1739 1720 1708
1720 1695 1708
2162 2192 2173
2192 2187 2173
1955 1940 1973
1955 1934 1940
1951 1934 1955
1973 1991 1996
1996 1955 1973
1988 1955 1996
1996 1991 2019
2019 2034 1996
2100 2122 2103
2103 2074 2100
2085 2074 2103
2122 2113 2103
2103 2113 2085
2034 2048 2007
2007 1996 2034
1988 1996 2007
2007 2048 2015
2001 1972 1971
1971 2000 2001
2032 1972 2001
2001 2028 2032
2001 2000 2028
1890 1899 1873
1873 1868 1890
1868 1889 1890
1890 1926 1899
1889 1926 1890
1645 1640 1674
1674 1652 1687
1674 1640 1652
1650 1675 1636
1650 1626 1645
1636 1626 1650
1705 1675 1679
1679 1703 1705
1675 1650 1679
1679 1674 1703
1645 1674 1679
1679 1650 1645
1724 1705 1723
1723 1747 1724
1830 1831 1803
1859 1831 1830
1811 1833 1830
1830 1803 1811
1833 1861 1830
1861 1859 1830
2015 2026 1995
2026 1993 1995
1571 1586 1549
1549 1586 1545
1545 1521 1549
1500 1486 1474
1474 1494 1500
1500 1494 1515
1515 1521 1500
1500 1521 1486
1570 1557 1530
1530 1540 1570
1530 1517 1540
1527 1494 1509
1515 1494 1527
1509 1530 1527
1527 1530 1557
1492 1517 1499
1466 1492 1499
1499 1530 1509
1517 1530 1499
1499 1468 1466
1509 1494 1499
1494 1468 1499
1740 1761 1764
1740 1731 1761
1749 1731 1720
1761 1731 1749
1749 1770 1761
1794 1812 1815
1794 1770 1812
1815 1792 1794
1792 1761 1794
1761 1770 1794
1189 1171 1165
1196 1222 1189
1222 1213 1189
1213 1171 1189
1189 1159 1196
1165 1159 1189
1174 1153 1193
1153 1171 1193
1193 1210 1174
1193 1212 1210
1193 1171 1213
1213 1212 1193
1160 1157 1139
1160 1187 1157
1139 1163 1160
1163 1187 1160
1093 1114 1086
1093 1119 1114
1086 1057 1093
1105 1119 1093
1093 1057 1066
1066 1105 1093
1140 1149 1161
1117 1149 1140
1042 1058 1079
1058 1098 1079
1038 998 1032
998 1012 1032
1052 1032 1025
1025 1032 1012
1025 1012 992
992 1019 1025
1161 1190 1154
1190 1155 1154
1038 1032 1059
1059 1032 1052
1059 1063 1038
1096 1063 1104
2497 2470 2506
2497 2466 2470
2491 2466 2497
2506 2530 2497
2530 2491 2497
2033 2066 2035
2066 2054 2035
2035 2002 2033
2035 2008 2002
2035 2054 2038
2038 2008 2035
571 539 551
546 539 571
571 551 598
598 582 571
582 546 571
521 539 546
521 550 532
546 550 521
521 532 493
1878 1884 1853
1853 1828 1852
1852 1878 1853
1853 1884 1874
1853 1874 1860
1814 1828 1853
1860 1825 1853
1825 1814 1853
1690 1660 1696
1725 1690 1696
1696 1724 1725
1696 1705 1724
1696 1675 1705
1696 1660 1675
1669 1708 1682
1682 1708 1695
1656 1669 1682
1682 1664 1656
1682 1695 1664
1717 1727 1697
1727 1708 1697
1697 1708 1669
1694 1717 1697
2148 2122 2162
2162 2173 2148
2148 2113 2122
2128 2113 2148
2148 2187 2177
2148 2173 2187
1988 2007 1981
1981 1957 1951
1951 1955 1981
1981 1955 1988
1709 1674 1687
1703 1674 1709
1687 1710 1709
1709 1740 1703
1710 1731 1709
1731 1740 1709
1705 1703 1726
1726 1723 1705
1703 1740 1726
1747 1723 1726
1978 1995 1993
1957 1995 1978
1978 1993 1969
1978 1969 1941
1941 1957 1978
1539 1521 1515
1539 1549 1521
1571 1549 1539
1539 1577 1571
1539 1557 1577
1515 1527 1539
1539 1527 1557
1770 1749 1755
1757 1779 1755
1779 1770 1755
1739 1757 1755
1755 1720 1739
1755 1749 1720
1042 1079 1048
1052 1025 1048
1048 1019 1042
1048 1025 1019
1096 1104 1116
1133 1096 1116
1116 1147 1133
1063 1059 1092
1092 1104 1063
486 493 471
486 521 493
486 471 465
1658 1694 1667
1694 1697 1667
1667 1642 1658
1647 1642 1667
1667 1669 1647
1667 1697 1669
2149 2148 2177
2128 2148 2149
2149 2177 2146
2146 2128 2149
2015 1995 1992
1992 2007 2015
1992 1981 2007
1992 1995 1957
1957 1981 1992
1747 1726 1750
1764 1772 1750
1772 1747 1750
1750 1740 1764
1750 1726 1740
1090 1059 1052
1110 1092 1090
1090 1092 1059
1084 1048 1079
1052 1048 1084
1084 1090 1052
1107 1090 1084
1117 1140 1108
1108 1084 1079
1107 1084 1108
1108 1098 1117
1108 1079 1098
1122 1154 1155
1110 1090 1122
1122 1090 1107
1132 1140 1161
1161 1154 1132
1132 1108 1140
1107 1108 1132
1154 1122 1132
1132 1122 1107
1127 1116 1104
1127 1092 1110
1104 1092 1127
1147 1116 1127
1127 1169 1147
1127 1155 1169
1127 1122 1155
1110 1122 1127
465 495 510
510 486 465
495 522 510
522 539 510
539 521 510
521 486 510
