27 6 62
-2 138 11
23 -2 36
5 -1 4
-1 157 3
44 3 1646
0 7 51
8 52 6
10 7 56
-2 11 58
142 8 11
9 1 10
541 1162 515
344 37 2228
17 15 -3
14 627 16
220 -3 15
78 14 229
-3 20 232
-3 84 20
18 19 233
213 223 616
-1 1423 96
108 2 147
110 345 2231
114 200 857
57 134 -2
0 31 28
29 55 27
133 28 30
31 440 29
63 30 27
145 35 33
174 476 32
35 -2 173
136 34 32
2 155 151
827 13 163
-1 46 165
-1 166 170
471 167 41
171 1004 40
43 49 175
1020 42 178
5 177 -1
47 -1 176
38 -1 48
-1 45 49
49 1022 46
42 48 47
179 61 51
6 54 50
54 7 143
183 54 59
53 51 52
28 57 56
58 8 55
55 26 58
9 56 57
53 60 1039
59 144 431
50 181 62
63 0 61
1045 31 62
-1 65 518
64 199 66
531 520 65
1950 1130 843
594 599 466
-3 73 70
747 92 69
212 675 647
746 73 215
72 69 219
211 632 1810
-3 80 76
682 77 75
76 227 -3
17 226 79
634 628 78
75 231 684
667 235 86
253 83 -3
82 254 84
255 19 83
89 238 694
1254 81 87
88 86 236
2124 87 91
90 85 257
91 237 89
88 90 1209
70 741 -3
273 286 310
793 799 324
-1 96 97
95 22 808
806 98 95
97 100 -1
-1 100 330
99 98 329
102 -1 338
105 101 331
1442 809 1424
-1 105 334
104 102 148
335 341 107
814 339 106
23 342 -2
1935 1449 824
24 825 834
509 112 832
111 511 1605
114 364 362
25 113 356
126 116 117
115 361 365
415 394 115
417 854 119
118 368 1507
706 121 374
120 122 400
123 1956 121
124 122 1331
123 125 1955
124 1332 382
127 115 393
360 126 128
127 396 399
130 419 771
1980 129 1387
425 776 422
-2 134 156
134 29 435
132 26 133
-2 136 138
135 35 137
146 139 136
1 135 139
137 140 138
139 141 142
140 432 144
143 10 140
144 52 142
60 143 141
146 32 472
433 137 145
343 23 152
821 105 332
150 153 189
1417 149 1591
36 434 152
153 147 151
149 152 499
155 -2 156
438 36 154
132 436 154
4 158 1009
159 161 157
1598 158 -1
960 975 455
1010 158 162
1595 445 161
458 37 164
346 959 163
166 38 1023
467 39 165
169 40 -2
169 -2 -1
167 168 171
39 171 -1
41 169 170
-2 469 173
174 34 172
33 173 468
1007 42 176
45 177 175
176 44 1643
43 1008 480
50 186 181
482 2074 182
182 61 179
1044 181 180
186 53 184
1040 1034 183
481 186 1033
185 179 183
441 1046 496
1592 189 501
188 149 498
191 192 -1
193 190 -1
190 517 514
1700 191 194
-1 519 193
544 530 196
535 1111 195
543 547 540
883 408 414
1089 65 -1
25 201 1715
358 562 200
593 997 585
595 204 1176
581 604 203
208 463 -1
560 207 -1
206 209 -1
210 205 209
207 1124 208
983 208 1127
619 74 212
71 1213 211
21 217 214
215 222 213
72 214 216
217 748 215
281 216 213
219 -3 220
222 73 218
218 16 221
626 222 220
214 219 221
21 624 618
227 246 225
250 226 224
225 78 229
77 224 228
-3 227 229
226 17 228
-3 232 231
649 80 230
230 18 650
20 256 1236
666 651 663
81 1246 236
237 87 235
90 236 238
2323 85 237
240 665 1249
1264 239 1256
1206 646 669
671 678 243
245 677 242
1262 245 1276
244 243 679
224 683 247
685 248 246
247 1813 250
633 250 251
249 225 248
1812 631 249
253 -3 688
82 252 1817
255 83 1815
84 254 256
659 233 255
1210 89 692
693 1227 259
1299 1350 258
-1 1834 695
700 702 696
-1 718 725
268 -3 264
263 745 733
271 -1 266
268 735 265
-3 268 -1
263 266 267
270 1356 -1
277 269 -1
-1 265 276
1363 273 1360
272 93 740
1359 277 275
734 751 274
277 271 736
270 276 274
1782 635 280
288 1361 283
756 278 287
1368 217 282
617 284 281
284 279 1367
755 283 282
1362 288 286
308 93 285
288 280 636
279 287 285
313 290 -1
289 762 -1
764 315 295
328 296 317
1392 765 768
296 801 775
291 296 1376
295 292 294
738 783 -1
299 739 311
784 298 300
307 304 299
786 319 -1
318 303 794
302 788 304
300 791 303
790 307 306
309 638 305
300 311 305
286 309 310
308 637 306
93 308 311
307 298 310
321 314 -1
315 289 314
312 316 313
317 291 313
314 322 317
292 315 316
319 302 325
301 318 320
321 -1 319
312 320 326
316 326 323
324 327 322
94 323 325
326 318 324
321 325 322
323 800 328
802 292 327
2212 100 807
99 812 -1
102 815 332
333 148 331
1589 332 813
104 819 -1
106 337 -2
-2 337 -1
336 335 339
339 101 -1
337 107 338
-2 342 341
106 340 1419
340 108 343
147 1418 342
346 13 345
24 830 344
347 164 344
831 1607 346
565 349 -1
348 1474 -1
839 845 351
377 836 350
1479 375 353
354 1946 352
355 353 380
835 354 698
114 357 358
356 359 840
844 201 356
357 362 846
361 127 1485
116 360 362
359 113 361
1967 2105 1751
113 858 365
366 116 364
416 365 855
371 368 861
367 119 856
848 1133 847
525 1506 1113
1116 367 853
707 374 877
402 398 873
372 120 401
352 377 376
378 379 375
375 351 378
1954 376 377
376 382 380
381 354 379
699 380 384
379 125 383
704 384 382
383 701 381
876 387 879
387 890 880
385 391 386
389 867 1986
906 388 1540
392 2458 891
387 875 392
2004 390 391
396 126 394
117 1541 393
406 396 2018
395 128 393
398 405 2021
373 397 2006
128 404 1487
121 1488 403
402 374 403
373 401 405
400 404 401
403 399 406
397 402 406
404 395 405
903 898 2025
198 409 410
408 881 2023
899 413 408
418 412 -1
411 1979 550
410 -1 414
552 198 413
117 416 907
415 366 904
905 118 1505
419 411 -1
129 418 911
915 773 421
1901 772 420
131 423 424
422 1910 922
920 936 422
777 131 935
943 428 2041
1561 1568 428
426 429 427
1581 1563 428
1041 431 475
430 60 432
141 433 431
146 473 432
500 151 439
436 133 440
438 156 435
497 439 441
155 436 439
437 434 438
30 441 435
440 187 437
447 443 950
442 453 444
1013 445 443
444 162 951
-1 954 1596
448 442 1613
454 447 961
486 965 450
971 503 449
452 504 980
505 451 972
443 454 1011
453 448 455
160 977 454
992 1167 457
458 958 456
163 457 1170
461 460 -1
459 955 -1
465 459 462
-1 463 461
462 205 982
993 465 981
464 957 461
998 68 995
166 1021 1005
174 469 1637
468 172 470
469 -2 471
470 40 1635
473 145 477
475 433 472
478 488 475
430 473 474
33 479 477
478 472 476
474 477 1024
1638 1026 476
178 1016 1019
482 185 485
180 481 483
1029 2076 482
1032 1069 485
1030 481 484
1036 449 487
1070 1031 486
474 1027 489
967 1042 488
1457 2226 1663
492 1403 1444
2220 491 493
494 2225 492
1666 493 1445
1055 1043 1060
187 1056 497
500 437 496
1054 189 499
153 500 498
434 497 499
188 1053 502
1051 949 501
450 504 1071
451 1064 503
1065 452 506
508 513 505
512 508 962
507 506 974
511 111 510
1452 1073 509
112 509 512
513 507 511
1063 506 512
192 1076 -1
12 516 1096
1077 517 515
516 192 1097
519 64 520
1105 194 518
66 1103 518
524 522 1079
521 532 1542
555 1083 524
1090 521 523
871 370 526
2091 528 525
528 1094 870
526 1112 527
537 530 1087
529 195 531
66 1084 530
522 536 534
1086 534 538
533 901 532
196 537 1095
538 532 1091
535 529 538
533 536 537
542 540 1692
539 197 1697
542 12 1101
543 539 541
197 542 1099
1104 195 546
1106 546 1108
545 544 1109
197 1705 548
1704 589 547
-1 550 551
549 412 1520
552 -1 549
414 551 1521
554 1681 1523
556 553 1989
866 523 556
1078 554 555
1120 1085 -1
1676 561 -1
561 587 1126
1125 206 561
558 559 560
1710 201 1131
1720 1136 -1
570 -1 1135
567 348 566
569 577 565
568 1472 565
1483 567 576
571 566 -1
-1 564 571
575 569 570
574 1137 1145
2234 574 580
573 578 572
577 571 1141
568 577 837
576 566 575
574 838 1140
1753 1952 580
573 1147 579
2117 204 582
600 1760 581
585 999 1161
1158 1686 585
202 583 584
1157 1164 1694
559 1677 588
1165 1159 587
548 590 1698
589 2088 1166
1759 592 2429
591 598 594
594 202 1689
68 593 592
596 203 1172
597 601 595
989 596 1168
592 600 599
68 598 990
598 582 601
596 991 600
605 1757 1194
1758 605 604
1173 204 603
602 606 603
605 1192 1174
608 2571 609
1182 607 1735
2097 607 612
1958 1771 2109
2505 1154 613
613 609 2574
1741 612 611
1770 1491 615
1153 2500 614
617 21 618
757 282 616
223 623 616
211 620 621
619 1217 622
623 629 619
1374 623 620
622 618 621
625 223 626
630 624 628
624 221 627
15 628 626
79 625 627
621 630 632
629 625 634
251 632 633
631 74 629
634 249 631
79 633 630
278 645 636
637 287 635
309 636 642
306 642 639
640 792 638
1198 639 641
642 644 640
637 641 638
797 1200 1546
641 645 1196
644 635 1201
674 241 1202
1211 71 673
1228 1301 1789
231 650 1271
649 232 1237
234 1265 1244
656 662 653
1243 654 652
653 657 655
1278 656 654
655 1281 652
654 661 658
659 1280 657
256 658 660
1238 659 661
657 1242 660
652 1283 663
1800 234 662
1293 1248 1798
239 666 1247
234 1799 665
81 668 1245
1257 1250 667
241 670 1804
669 672 671
242 1806 670
670 674 680
674 647 675
646 673 672
71 676 673
1811 681 675
1258 243 1260
242 680 679
1267 245 678
672 681 678
680 676 1808
683 76 684
685 246 682
80 1269 682
247 683 1273
687 1279 1277
1282 686 -1
689 252 -1
1818 688 -1
1208 692 1296
1306 1871 1300
690 257 1309
1302 258 1560
85 2330 1310
1312 260 1316
1478 261 -1
700 1475 698
355 699 697
698 381 701
261 697 1317
384 1329 699
261 1319 -1
-1 1320 1325
1327 383 1844
709 1845 2158
120 707 1838
706 372 1514
1326 709 1323
708 705 2347
714 711 712
710 1848 715
716 717 710
878 889 714
1537 710 713
716 711 2194
712 715 1338
712 1343 1511
720 262 1314
720 1829 1334
718 719 1349
1346 731 722
1348 723 721
722 1335 1344
-1 728 1892
262 1347 -1
1858 1353 1287
1559 1351 2184
724 1355 729
730 1890 728
1852 729 1869
721 732 1865
1853 1870 731
735 264 742
275 736 753
266 733 736
734 276 735
-1 1357 738
739 297 737
298 738 740
1358 273 739
744 92 749
743 733 745
754 742 750
-3 741 745
264 744 742
747 72 748
70 746 749
216 1365 746
750 741 747
743 749 752
275 753 1364
750 1366 754
734 754 751
753 743 752
756 284 757
280 755 1372
617 1375 755
-1 759 1390
758 761 766
761 -1 762
759 760 763
290 764 760
1377 761 764
762 291 763
293 767 1895
767 759 1378
1391 766 765
769 293 780
774 768 1381
1564 2042 1380
1388 129 913
914 421 1907
420 1394 1902
1395 769 1903
2210 294 1399
1913 131 777
425 931 776
1379 781 779
1897 929 778
781 768 1896
1382 780 778
-1 783 787
782 297 784
783 299 789
786 -1 787
301 785 788
782 789 785
303 786 789
787 784 788
791 305 792
794 304 790
639 796 790
795 94 794
302 791 793
796 798 793
792 1199 795
798 643 805
795 797 799
800 94 798
804 327 799
294 802 803
328 804 801
919 1398 801
800 805 802
804 797 918
97 808 807
811 329 806
806 96 809
103 810 808
1931 811 809
810 1922 807
1408 330 1415
333 815 1416
815 107 1420
813 331 814
817 1430 1434
1425 816 1443
1441 1438 1057
1429 334 821
822 1433 1431
148 822 819
948 820 821
2221 1458 1450
109 825 1933
824 110 1463
1467 829 2484
37 828 1942
1169 1177 827
826 1465 2486
831 345 834
347 830 832
111 831 833
834 1451 832
110 833 830
1481 355 1476
842 351 1480
576 838 1482
837 578 2235
350 842 840
844 357 839
842 1948 843
836 841 839
67 844 841
358 840 843
350 846 1489
359 1486 845
369 1497 2305
1503 369 2303
850 2087 851
852 2444 849
1117 853 849
1501 2304 850
851 371 1500
856 118 855
366 858 854
860 368 854
858 25 859
855 364 857
860 857 1716
856 859 861
367 860 862
1712 1499 861
1985 868 865
869 1082 866
866 1988 863
555 865 864
388 908 868
869 863 867
864 868 872
871 527 1080
525 870 1504
869 1973 1081
877 373 874
2005 875 873
874 391 876
875 385 877
372 873 876
894 713 1512
385 880 1515
879 386 1516
409 882 1685
884 2404 881
198 1519 884
2245 882 883
888 1549 1529
1527 1983 887
888 886 1522
885 887 1532
1535 713 892
386 891 1517
390 893 890
893 889 894
2459 892 891
878 895 892
894 1509 1518
897 1996 2473
2022 896 2007
407 -1 900
410 900 -1
899 2024 898
534 1121 1543
903 1122 -1
407 902 -1
907 416 905
417 909 904
908 389 907
415 904 906
909 867 906
1972 908 905
911 -1 912
419 910 913
916 914 910
914 771 911
772 913 912
420 916 -1
915 912 -1
1397 919 2130
919 805 1547
803 918 917
424 922 921
1223 924 920
920 423 1225
932 924 926
921 925 923
924 1305 927
923 927 1570
926 925 1557
931 933 1562
779 930 1565
1400 931 929
930 777 928
937 923 1571
928 935 1566
937 1572 1567
933 425 936
424 937 935
932 934 936
2367 1573 1877
946 942 1548
943 2039 941
1580 942 940
941 939 945
426 940 944
943 945 1582
944 942 947
947 939 2266
1586 945 946
1436 822 1590
502 1437 1593
442 951 952
950 445 1594
1602 1612 950
954 -1 955
1600 446 953
460 957 953
957 2285 1599
465 956 955
457 959 1620
958 164 1610
2049 160 961
448 1616 960
507 963 1606
962 976 2050
1035 967 965
969 449 964
967 1017 968
489 966 964
969 966 2053
965 968 971
979 971 1623
450 969 970
452 973 974
972 978 975
976 508 972
973 160 976
963 974 975
2060 455 978
973 980 977
980 970 2063
978 451 979
464 982 985
981 463 983
982 210 984
986 985 983
984 994 981
987 984 988
1631 986 1001
1129 1000 986
991 597 1626
599 991 996
990 601 989
1627 456 1621
2417 464 994
985 1632 993
1003 466 996
990 1630 995
999 202 998
466 1003 997
583 997 1000
1001 988 999
987 1000 1002
1003 1633 1001
995 1002 998
41 1005 1636
467 1006 1004
1005 1018 1639
175 1642 1008
1640 178 1007
157 1010 1647
161 1014 1009
453 2059 1013
1645 1014 2061
1014 444 1011
1012 1010 1013
1016 2055 1017
1025 480 1015
966 1028 1015
1006 1021 1648
480 1649 1020
1022 43 1019
1018 467 1023
48 1020 1023
1021 165 1022
478 1026 1027
1016 1028 1651
1024 479 1650
1028 488 1024
1025 1017 1027
483 1030 1652
485 1655 1029
1038 487 1032
1031 484 1033
185 1034 1032
1033 184 1037
1042 964 1036
486 1038 1035
1038 1034 1040
1031 1037 1036
59 1041 1040
1037 184 1039
1039 430 1042
489 1035 1041
1048 495 1046
1045 182 1047
63 1044 1046
1043 187 1045
1048 1044 2075
1043 1047 2073
1050 1656 1439
1051 1062 1049
502 1050 1435
1061 1053 1055
1052 501 1054
498 1056 1053
1056 495 1052
1054 496 1055
1448 818 1657
1447 1059 1667
1058 1658 1661
495 2286 1061
1062 1052 1060
1050 1061 1659
513 1074 1066
1071 504 1065
505 1066 1064
1063 1067 1065
1066 1072 1068
1654 1069 1067
1068 484 1070
1069 487 1071
503 1064 1070
1067 1074 1653
1074 510 1453
1072 1063 1073
-1 1076 1674
1075 514 1077
1076 516 1678
1682 556 1079
521 1544 1078
1081 870 1092
872 1080 1082
864 1081 1083
1093 523 1082
1087 531 1089
557 1086 1088
1085 533 1087
529 1084 1086
1089 -1 1085
199 1088 1084
524 1093 1091
1095 536 1090
1093 1080 1094
1083 1092 1090
527 1095 1092
535 1091 1094
515 1097 1102
1096 517 1701
1100 1107 1099
543 1101 1098
1102 1702 1098
1099 541 1102
1096 1100 1101
1105 520 1104
544 1106 1103
519 1103 1699
1104 545 1703
1098 1108 1706
545 1707 1107
1110 546 1111
2089 1109 1112
196 1112 1109
528 1110 1111
370 1115 1114
1118 2092 1113
1113 1508 1116
371 1117 1115
1116 851 1118
2086 1114 1117
1120 -1 1122
557 1119 1121
1123 901 1120
902 1123 1119
1545 1121 1122
1127 209 1125
560 1126 1124
1125 559 1128
210 1124 1129
1160 1129 1126
1128 988 1127
1131 67 1755
2107 562 1130
1965 1133 1708
1132 369 1714
1144 1139 1136
564 1136 1142
1135 563 1134
572 1140 1138
1139 1143 1137
1142 1134 1138
578 1141 1137
1140 575 1142
1135 1139 1141
1138 1144 1718
1143 1134 1724
1147 572 1146
1717 1148 1145
2100 580 1145
1146 1149 2101
1148 1151 1743
2295 1738 1151
1149 1719 1150
1156 1740 1154
1154 615 1155
611 1153 1152
1153 1490 1156
1744 1152 1155
1159 586 1158
584 1161 1157
588 1157 1160
1161 1128 1159
1158 583 1160
1679 12 1163
1693 1164 1162
1163 586 1165
588 1680 1164
2290 590 2445
1170 456 1168
597 1172 1167
1171 828 1170
458 1167 1169
1175 1169 1172
1168 595 1171
604 1174 1176
1173 606 1190
1177 1171 1176
203 1173 1175
1178 828 1175
1943 1177 1191
1180 1730 -1
1767 1179 -1
2537 1182 1765
1181 608 1728
-1 1184 1185
1183 1410 1187
1186 -1 1183
1769 1185 1188
1184 1468 1188
1189 1186 1187
1764 1188 1761
1191 1174 1937
1178 1190 1938
606 1194 1193
2503 1936 1192
1192 602 1772
2027 1200 1197
644 1197 1198
1196 1775 1195
1199 640 1196
796 1198 1200
1195 643 1199
1776 645 1780
1203 646 1783
1212 1202 1204
1203 1205 1219
1204 1784 2449
1785 241 1207
1253 2125 1206
1210 690 1786
91 1210 2123
257 1208 1209
647 1212 1214
1211 1203 1221
1217 212 1214
1211 1215 1213
1214 1222 1779
1373 1217 1778
620 1213 1216
1219 2451 1773
1204 1218 1221
1774 1777 1222
1222 1212 1219
1215 1221 1220
921 1225 1792
1795 1793 1225
1223 922 1224
1794 1229 2126
1298 258 1228
648 1788 1227
1226 1796 1230
2315 2515 1229
1270 1235 1232
1275 1231 1233
1234 1263 1232
1241 1233 1235
1231 1239 1234
233 1238 1237
1239 650 1236
1236 660 1239
1235 1237 1238
1244 1259 1241
1240 1234 1242
661 1243 1241
1242 653 1244
651 1240 1243
667 1252 1246
2146 235 1245
665 1248 1249
1247 664 1251
1250 239 1247
1252 668 1249
1294 1252 1248
1251 1245 1250
1254 1207 1805
86 1253 1802
1258 1261 1256
240 1257 1255
1256 668 1803
677 1255 1807
1240 1265 1263
1261 677 1262
1255 1260 1264
1260 244 1263
1233 1259 1262
1265 240 1261
1259 651 1264
1274 1267 1814
679 1809 1266
1272 1269 1270
1268 684 1271
1271 1231 1268
649 1270 1269
1273 1268 1275
685 1272 1274
1276 1266 1273
1272 1232 1276
244 1274 1275
686 1821 -1
1279 655 1280
1819 686 1278
658 1816 1278
656 1282 1283
687 1284 1281
2142 662 1281
1282 -1 2140
1289 1824 -1
-1 1287 1288
1286 726 1822
1289 -1 1286
1285 1288 1823
1291 2144 2148
-1 1290 1292
2149 2135 1291
1294 664 1826
2335 1251 1293
1873 1307 1827
690 1300 1297
1298 1787 1296
1227 1297 1299
259 1298 1300
1296 691 1299
648 1302 1304
693 1303 1301
1302 1558 1305
1305 1791 1301
925 1304 1303
691 1309 1307
1295 1306 1308
1310 2329 1307
1306 692 1310
694 1308 1309
-1 1312 1313
695 1830 1311
1314 -1 1311
1831 718 1313
1321 2349 1316
1828 695 1315
700 1330 1319
1322 1320 1328
1320 702 1317
1318 703 1319
1324 1315 1835
1836 1318 1323
708 1324 1322
1323 2348 1321
703 1837 -1
1327 708 1328
704 1326 1329
1318 1330 1326
1330 701 1327
1328 1317 1329
1332 123 1839
125 1331 1842
1341 1335 1846
1335 719 2351
723 1334 1333
2181 1536 1552
1342 1338 1339
716 2193 1337
1854 1345 1337
1510 1343 1341
1344 1333 1340
1343 1337 1345
1340 717 1342
1346 723 1341
1339 1346 1342
721 1344 1345
1864 725 1349
1349 722 1866
720 1348 1347
259 1872 1351
1875 727 1350
2192 1880 1888
726 1884 2343
1885 1861 2197
1868 728 -1
1357 269 1359
1358 737 1356
740 1357 1360
1356 274 1360
272 1358 1359
279 1362 1369
1361 285 1363
1362 272 1364
751 1370 1363
1366 748 1368
1370 752 1365
1368 283 1369
281 1367 1365
1361 1370 1367
1369 1364 1366
1781 1372 1373
756 1375 1371
1374 1216 1371
1375 622 1373
1372 757 1374
295 2206 1377
1378 763 1376
1894 766 1377
1382 778 1380
770 1384 1379
769 1382 1383
1381 781 1379
1384 1899 1381
2045 1383 1380
1587 1533 1386
2239 1387 1385
130 1388 1386
771 1389 1387
1388 1908 1588
758 1391 -1
1390 767 1392
293 1393 1391
1396 -1 1392
1395 773 -1
774 1394 1396
-1 1393 1395
1398 917 1909
803 1397 1399
1915 775 1398
1919 930 1898
1923 1446 1403
1403 2395 1921
491 1402 1401
1406 1920 2397
1406 2216 1924
1404 1405 1414
-1 1408 1409
812 1411 1407
1410 -1 1407
1184 1409 1471
1408 1412 1470
1411 1415 1413
1414 1925 1412
1406 1413 2214
1412 812 2213
813 1420 1417
1418 150 1416
1419 343 1417
341 1418 1420
1416 814 1419
-1 1422 1423
1421 1427 1425
22 1421 1424
1425 103 1423
1422 817 1424
1427 -1 1428
1422 1426 1430
-1 1429 1426
819 1431 1428
816 1427 1431
1429 820 1430
1440 1434 1438
820 1436 1434
1432 816 1433
1051 1439 1437
948 1437 1433
1436 949 1435
818 1432 1439
1435 1049 1438
1443 1432 1441
818 1928 1440
103 1443 1930
817 1440 1442
1445 491 1446
494 1444 1447
1401 1932 1444
1448 1058 1445
1057 1447 1929
1451 109 1450
823 1456 1449
833 1449 1452
1455 510 1451
1454 1073 1455
1671 1453 1461
1452 1456 1453
1455 1450 1462
1458 490 1459
1462 823 1457
1662 1460 1457
1459 1669 1461
1454 1462 1460
1461 1456 1458
1464 825 2232
1466 1463 1465
2229 829 1464
1934 1464 1467
826 2391 1466
1187 1471 1469
1927 2121 1468
1471 1411 1926
1410 1470 1468
567 1473 1474
1484 1476 1472
349 1472 1477
697 1478 1476
1473 835 1475
1478 -1 1474
696 1477 1475
352 1945 1480
1949 836 1479
835 1484 1947
837 1944 1483
1484 568 1482
1481 1473 1483
1486 360 1487
1489 846 1485
399 1488 1485
1487 400 1957
845 1486 1953
1155 1491 1496
614 1959 1490
1750 1495 1493
1494 1968 1492
1496 1960 1493
1492 1745 1496
1490 1494 1495
2300 847 1966
1961 2301 1969
862 1502 1500
1501 853 1499
852 1500 1503
1499 1713 1503
848 1501 1502
871 1971 1506
1970 417 1507
1508 370 1504
119 1508 1505
1115 1506 1507
895 1512 2165
1511 1340 1847
717 1510 1512
1509 878 1511
1840 1514 1977
1513 707 1515
879 1974 1514
1976 880 1517
890 1518 1516
1517 895 2163
1981 883 1521
1521 550 1978
552 1520 1519
2012 887 1984
553 1524 1993
1523 1683 2401
2251 1527 1526
1528 1530 1525
886 1529 1525
2008 1526 1529
1527 885 1528
1526 2011 1999
1997 2000 2010
888 2015 1550
1385 2263 2243
1535 2256 1536
889 1534 1537
1336 1538 1534
714 1535 1538
1536 1850 1537
1994 2020 1540
389 1539 1541
2019 394 1540
1544 522 1543
901 1545 1542
2078 1079 1542
1543 1123 2026
643 2028 1547
2129 918 1546
939 1578 2034
885 1550 2009
1532 2030 1549
2035 1555 1553
1553 1336 2257
2179 1552 1551
2276 2178 1556
1551 1556 2180
1555 1576 1554
2361 927 1558
1303 1560 1557
1560 727 2365
1558 693 1559
427 1563 1562
1565 928 1561
1561 429 1564
1563 770 1565
929 1562 1564
933 1567 1568
1566 934 1569
427 1566 1569
1567 2281 1568
926 1878 1571
1572 932 1570
934 1571 2279
1574 938 2277
2280 1879 1573
2032 1578 2036
1556 2037 1577
1579 2038 1576
1575 1548 1580
2040 1577 1580
1578 941 1579
2043 429 1582
944 2047 1581
1586 2265 1587
1588 1906 1585
2046 1586 1584
947 1583 1585
1385 1588 1583
1587 1389 1584
1590 333 1591
1593 948 1589
150 1592 1589
1591 188 1593
949 1590 1592
1604 951 1595
1594 162 1598
446 1603 1597
1598 -1 1596
159 1597 1595
1600 956 1601
954 1599 1603
2283 1602 1599
952 1604 1601
1604 1596 1600
1594 1603 1602
1607 112 1606
962 1609 1605
347 1605 1611
1618 1610 2052
1611 1606 2048
1608 959 1611
1607 1609 1610
952 2068 1613
1617 447 1612
2051 1616 1615
2065 1619 1614
1614 961 1617
1613 2067 1616
1620 1608 1619
1615 1622 1618
958 1618 1621
1622 992 1620
1625 1621 1619
970 2054 2064
1628 1625 2071
1624 1622 2066
1630 989 1627
992 1628 1626
1627 1624 1629
1634 1630 1628
1629 996 1626
1632 987 1633
2069 994 1631
1002 1634 1631
1633 1629 2072
1637 471 1636
1004 1639 1635
468 1635 1638
1639 479 1637
1636 1006 1638
1008 1641 2056
1640 1644 2058
1644 1007 1643
1642 177 1646
1641 1642 1645
1647 1012 1644
1643 5 1647
1009 1645 1646
1018 1649 1650
1648 1019 1651
1651 1026 1648
1025 1650 1649
1029 1655 1670
1072 1672 1654
1655 1068 1653
1652 1030 1654
1049 1659 1657
1658 1057 1656
1059 1657 1660
1062 1660 1656
1659 2424 1658
1665 1059 2423
2421 1459 1664
490 1666 1664
1665 1662 1663
1661 1664 1667
1663 494 1667
1058 1665 1666
1669 1673 1670
1460 1668 1671
1652 1672 1668
1672 1454 1669
1670 1653 1671
1668 2422 2077
1075 1678 1675
1676 -1 1674
558 1675 1677
1680 587 1676
1674 1077 1679
1162 1680 1678
1679 1165 1677
1683 553 1682
1078 2079 1681
1524 1681 1684
1685 2403 1683
881 1684 2080
584 1687 1689
1695 1688 1686
1687 2083 1690
1690 593 1686
2430 1689 1688
1696 1695 1692
539 1691 1693
1694 1163 1692
586 1693 1695
1691 1687 1694
2084 1691 1697
1696 540 1698
589 2288 1697
1105 1703 1700
193 1699 1701
1702 1097 1700
1100 1701 1703
1699 1106 1702
548 1705 2085
1704 547 1706
1107 1707 1705
1706 1108 2090
1132 1709 2106
1708 1711 2108
562 1711 1715
1709 1714 1710
862 1716 1713
1502 1712 1714
1711 1133 1713
200 1710 1716
1712 859 1715
1719 1146 1718
1143 1727 1717
1151 1717 1726
1721 563 -1
1723 1725 1720
-1 1733 1723
2297 1721 1722
1727 1144 1725
1721 2292 1724
1719 1727 2293
1726 1718 1724
1729 1182 1736
1763 1728 1730
1179 1729 1731
1730 1732 -1
1731 1737 1734
1722 -1 1734
1732 2298 1733
608 2095 1736
1737 1728 1735
1732 1736 2294
1747 1150 1739
2096 1741 1738
1152 1746 1741
1739 613 1740
1745 1748 1743
1149 1747 1742
1746 1156 1745
1495 1742 1744
1747 1740 1744
1738 1746 1743
1742 1750 1749
1752 2102 1748
1748 1492 1751
1750 363 1752
1756 1749 1751
579 2098 1754
1951 1753 1755
2104 1130 1754
2099 1752 2103
602 1758 2110
1757 603 2118
1760 591 2114
2116 582 1759
1762 1189 2122
1766 1761 2538
1765 1729 1767
1189 1766 1769
1181 1763 1766
1764 1762 1765
1763 1180 1768
-1 1769 1767
1768 1186 1764
614 2502 1771
610 1770 1772
2504 1194 1771
1774 1218 2271
1220 1773 1776
1197 1776 2268
1201 1774 1775
1220 1780 1779
1216 1779 1781
1778 1215 1777
1777 1201 1782
1782 1371 1778
278 1781 1780
1784 1202 1785
1205 1783 2511
1206 2509 1783
2447 1208 1787
1297 1788 1786
1787 1228 2128
1790 648 1791
1794 2127 1789
1304 1792 1789
1223 1793 1791
1792 1224 1794
1226 1790 1793
1796 1224 1911
2318 1229 1795
1801 2137 1798
664 1799 1797
1798 666 1800
663 1801 1799
2141 1797 1800
1254 1805 1803
1807 1257 1802
669 1806 1805
1802 1253 1804
1804 671 1807
1258 1803 1806
1809 681 1811
1814 1267 1808
74 1812 1811
1808 676 1810
251 1813 1810
1812 248 1814
1266 1809 1813
1816 254 1817
1819 1280 1815
253 1818 1815
1817 689 1820
1279 1816 1821
-1 1821 1818
1820 1277 1819
1823 1287 2344
1289 1822 2327
1285 2326 2143
2136 2150 1826
2147 1293 1825
2152 1295 2569
1316 1832 1830
719 1831 2354
1831 1312 1828
1314 1830 1829
2355 1828 2350
-1 1837 1834
260 1833 1835
1836 1321 1834
1322 1835 1837
1833 1325 1836
706 1840 1839
1841 1331 1838
1838 1513 2160
1843 1839 2161
1332 1843 1844
1842 1841 1845
1845 704 1842
1843 705 1844
1333 2162 1847
2166 1510 1846
711 1851 2189
2380 1851 2370
1538 2182 1851
1849 1848 1850
2190 730 1853
1852 732 1854
1339 2191 1853
-1 1856 1857
1855 1860 1887
1858 -1 1855
726 1857 1886
1860 -1 1862
1856 1859 1861
1891 1354 1860
-1 1893 1859
-1 1864 1867
1347 1866 1863
731 1870 1866
1864 1348 1865
1868 -1 1863
1355 1867 1869
730 1868 1870
1865 732 1869
691 1873 1872
1875 1350 1871
1295 1874 1871
2153 1876 1873
1351 1872 1882
1874 1883 1881
938 1879 2171
1879 1570 2172
1574 1878 1877
1352 2188 1881
1882 1876 1880
1875 1881 2183
1876 2157 1889
2204 1353 1886
1887 1354 2202
1858 1887 1884
1886 1856 1885
2530 1352 1889
1883 2199 1888
729 2524 1892
1861 1893 2525
1893 724 1890
1891 1862 1892
1378 2205 1895
765 1894 1896
1897 780 1895
779 1896 1898
2208 1400 1897
1383 1900 1903
1899 1905 1901
1900 421 1902
773 1903 1901
1902 774 1899
1905 2044 1906
1900 1904 1907
1584 1908 1904
1908 772 1905
1389 1907 1906
1917 1397 1912
423 1916 1911
1912 1795 1910
2131 1911 1909
776 1919 1916
2209 1915 1918
1399 1917 1914
1917 1910 1913
1909 1916 1915
1919 2207 1914
1400 1918 1913
1404 2215 1921
1923 1402 1920
811 1923 2211
1401 1921 1922
1925 1405 2309
1413 1924 1926
1927 1470 1925
1469 1926 2310
1930 1441 1929
1448 1932 1928
1442 1928 1931
1932 810 1930
1929 1446 1931
824 1934 1935
1466 2393 1933
2222 109 1933
1193 2535 1937
1938 1190 1936
1191 1937 1939
2490 1941 1938
1941 2487 2230
1939 1940 1943
827 1943 2227
1942 1178 1941
1947 1482 2233
2236 1479 1946
1945 353 1947
1481 1944 1946
841 1949 1950
1480 2238 1948
1951 67 1948
1952 1754 1950
579 1951 2237
1489 1957 1954
1955 378 1953
124 1954 1956
1957 122 1955
1953 1488 1956
610 1963 1959
1960 1491 1958
1494 1959 1961
1964 1498 1960
2299 1964 2113
1964 1958 2111
1961 1963 1962
1966 1132 1967
1969 1497 1965
363 1968 1965
1493 1969 1967
1498 1966 1968
1505 1971 1972
1970 1504 1973
1973 909 1970
1971 872 1972
1977 1515 1976
1976 2164 2359
1516 1975 1974
1513 1974 2159
1982 1520 1979
412 1980 1978
1979 130 2240
1519 1982 2246
1978 2241 1981
886 2250 1984
2249 1522 1983
1986 863 1990
1987 388 1985
1991 1995 1986
865 1989 1990
1988 554 1993
1991 1985 1988
1987 1990 1992
1998 1991 2002
1523 2003 1989
1996 1539 1995
1987 1998 1994
896 1994 1997
1998 1531 1996
1995 1992 1997
1530 2000 2001
1999 1531 2002
2003 2252 1999
1992 2003 2000
2002 1993 2001
392 2253 2456
2255 874 2006
398 2007 2005
897 2475 2006
2261 1528 2009
1549 2468 2008
1531 2011 2474
2010 1530 2262
1522 2014 2013
2244 2016 2012
2247 2242 2012
2017 1532 2016
2013 2264 2015
2033 2015 2267
395 2019 2021
1541 2020 2018
2019 1539 2022
2022 397 2018
2020 897 2021
2024 409 2081
900 2023 2025
2026 407 2024
2082 1545 2025
2028 1195 2269
2273 1546 2027
2467 2030 2031
2029 1550 2033
2259 2029 2032
2034 1575 2031
2030 2017 2034
1548 2032 2033
1551 2258 2037
1575 2037 2260
2036 1576 2035
1577 2040 2274
940 2041 2040
2038 1579 2039
2039 426 2282
2045 770 2043
1581 2047 2042
1904 2045 2046
2044 1384 2042
2047 1585 2044
2043 1582 2046
2052 1609 2050
960 2051 2050
2048 963 2049
2049 1614 2052
1608 2048 2051
2054 968 2055
2057 1623 2053
1015 2056 2053
1640 2058 2055
2062 2054 2058
2056 1641 2057
2061 1011 2060
977 2063 2059
1012 2059 2062
2064 2057 2061
2060 979 2064
1623 2062 2063
1615 2067 2066
2070 1625 2065
2065 1617 2068
2067 1612 2284
1632 2072 2416
2066 2414 2071
1624 2070 2072
2069 1634 2071
1048 2075 2287
180 2076 2075
2073 1047 2074
483 2077 2074
1673 2419 2076
1544 2082 2079
2080 1682 2078
1685 2079 2081
2082 2023 2080
2026 2081 2078
1688 2084 2480
1696 2289 2083
1704 2094 2088
2093 1118 2087
849 2088 2086
590 2085 2087
2090 1110 2091
2094 1707 2089
2089 526 2092
1114 2093 2091
2086 2094 2092
2093 2085 2090
2291 1735 2097
2097 1739 2296
609 2096 2095
2099 1753 2100
1756 2098 2102
1147 2101 2098
2100 1148 2102
1749 2099 2101
2104 1756 2105
1755 2103 2107
363 2106 2103
1708 2108 2105
1131 2104 2108
2106 1709 2107
2111 610 2110
1757 2112 2109
2113 1963 2109
2110 2119 2438
1962 2111 2437
2115 1759 2431
2120 2114 2433
1760 2120 2117
581 2116 2118
2119 1758 2117
2112 2118 2120
2116 2115 2119
1469 2308 2122
2498 1761 2121
1209 2507 2124
2125 88 2123
2510 1207 2124
2127 1226 2516
1790 2126 2128
2313 1788 2127
1547 2314 2130
917 2129 2131
2319 1912 2130
2133 -1 2134
2139 2132 2137
-1 2135 2132
2134 1292 2136
2135 1825 2137
1797 2133 2136
-1 2139 2140
2138 2133 2141
2142 1284 2138
2139 1801 2142
1283 2140 2141
1824 2145 -1
2145 1290 -1
2143 2325 2144
1246 2336 2324
1826 2150 2332
1290 2337 2149
2150 1292 2148
2147 1825 2149
2342 2203 2154
1827 2155 2153
2157 1874 2152
2155 2151 2156
2565 2154 2152
2198 2157 2154
2156 1883 2153
705 2161 2345
1977 2360 2160
2161 1840 2159
1841 2160 2158
2168 1846 2352
2164 1518 2165
1975 2163 2167
1509 2166 2163
1847 2168 2165
2168 2356 2164
2162 2167 2166
2369 2174 2379
2375 2377 2173
1877 2172 2177
2171 1878 2362
2170 2174 2186
2173 2169 2176
2177 2363 2187
2174 2368 2177
2171 2175 2176
2180 1554 2366
2181 1553 2180
1555 2178 2179
1336 2179 2182
2371 1850 2181
1882 2188 2184
727 2183 2185
2187 2364 2184
2173 2187 2372
2186 2175 2185
2183 1880 2373
1848 2381 2195
1852 2191 2382
2190 1854 2383
1352 2531 2374
2384 1338 2194
2193 715 2195
2189 2196 2194
2195 2378 2389
1354 2455 2201
2199 2156 2203
2200 1889 2198
2201 2533 2199
2197 2200 2202
2204 1885 2201
2151 2204 2198
1884 2202 2203
2208 1894 2206
2205 1376 2210
1918 2208 2209
1898 2205 2207
2210 1914 2207
775 2209 2206
1922 2215 2212
329 2211 2213
2214 1415 2212
1414 2213 2215
2211 1920 2214
1405 2217 2311
2398 2219 2216
2485 2312 2219
2217 2392 2218
2396 492 2224
2226 823 2222
1935 2223 2221
2394 2224 2222
2223 2220 2225
493 2226 2224
2225 490 2221
1942 2230 2228
13 2227 2231
1465 2232 2230
2227 1940 2229
2232 24 2228
2229 1463 2231
2236 1944 2235
2235 573 2237
2233 838 2234
1945 2233 2238
1952 2238 2234
2237 1949 2236
2240 1386 2243
2241 1980 2239
2242 1982 2240
2244 2014 2241
1533 2244 2239
2013 2242 2243
884 2246 2248
1981 2247 2245
2246 2014 2249
2249 2405 2245
1984 2248 2247
2406 1983 2251
2250 1525 2252
2001 2402 2251
2254 2004 2255
2409 2253 2411
2005 2476 2253
1534 2460 2257
2463 1552 2256
2260 2035 2461
2469 2031 2260
2036 2258 2259
2008 2413 2262
2471 2011 2261
2264 1533 2265
2267 2016 2263
1583 2266 2263
2265 946 2267
2017 2264 2266
1775 2271 2269
2273 2027 2268
2452 2272 2271
2268 1773 2270
2270 2450 2316
2028 2269 2317
2038 2275 2276
2274 2278 2277
2277 1554 2274
2275 1573 2276
2275 2282 2280
1572 2280 2281
1574 2278 2279
1569 2279 2282
2278 2041 2281
2284 1601 2285
2415 2068 2283
956 2418 2283
2425 1060 2287
2073 2420 2286
2289 1698 2290
2478 2084 2288
1166 2428 2288
2095 2296 2294
2293 1725 2297
1726 2292 2295
1737 2291 2298
2296 1150 2293
2291 2096 2295
2292 1723 2298
1734 2294 2297
2301 1962 2439
1497 2301 2306
2300 1498 2299
2307 2435 2442
2304 848 2305
852 2303 2441
847 2306 2303
2300 2307 2305
2306 2440 2302
2446 2121 2310
2310 1924 2311
1927 2309 2308
2216 2312 2309
2311 2218 2495
2128 2517 2448
2321 2129 2317
1230 2320 2316
2317 2272 2315
2273 2316 2314
1796 2319 2320
2131 2321 2318
2321 2315 2318
2314 2320 2319
2324 2334 2328
238 2324 2331
2146 2322 2323
2145 2326 2338
2325 1824 2327
1823 2520 2326
2331 2322 2454
1308 2330 2570
2329 694 2331
2323 2328 2330
2147 2333 2335
2332 2341 2334
2322 2336 2333
1294 2332 2336
2334 2146 2335
2341 2148 2338
2325 2339 2337
2338 2521 2340
2339 2453 2341
2333 2337 2340
2151 2547 2343
1353 2342 2344
2519 1822 2343
2158 2346 2347
2345 2358 2350
2348 709 2345
1324 2347 2349
2350 1315 2348
2346 1832 2349
2352 1334 2354
2353 2162 2351
2357 2352 2355
1829 2355 2351
1832 2353 2354
2167 2357 2359
2356 2353 2358
2346 2360 2357
2360 1975 2356
2358 2159 2359
1557 2365 2362
2363 2172 2361
2175 2362 2364
2185 2363 2365
2361 1559 2364
2371 2178 2367
2366 938 2368
2176 2369 2367
2368 2169 2370
1849 2371 2369
2182 2366 2370
2186 2373 2375
2372 2188 2374
2192 2376 2373
2376 2170 2372
2374 2388 2375
2379 2170 2378
2196 2381 2377
2169 2377 2380
2381 1849 2379
2378 2189 2380
2190 2387 2522
2387 2191 2384
2193 2385 2383
2384 2390 2386
2527 2387 2385
2386 2382 2383
2376 2532 2389
2390 2196 2388
2385 2389 2529
2393 1467 2392
2219 2399 2391
2394 1934 2391
2400 2223 2393
1402 2396 2397
2220 2400 2395
2398 1404 2395
2399 2217 2397
2400 2392 2398
2394 2399 2396
2402 1524 2403
2406 2252 2401
1684 2404 2401
2403 882 2405
2248 2406 2404
2250 2402 2405
2412 2466 2409
2462 2410 2470
2410 2254 2407
2408 2457 2409
2254 2477 2412
2413 2407 2411
2472 2261 2412
2416 2070 2415
2284 2418 2414
2069 2414 2417
993 2416 2418
2415 2285 2417
2420 2077 2422
2425 2287 2419
1662 2423 2422
2419 1673 2421
2421 1661 2424
1660 2425 2423
2286 2420 2424
2443 2427 2428
2436 2482 2426
2479 2290 2426
591 2430 2431
2429 1690 2481
2432 2114 2429
2483 2434 2431
2115 2434 2438
2432 2436 2433
2302 2440 2436
2434 2427 2435
2113 2438 2439
2437 2112 2433
2440 2299 2437
2307 2439 2435
2304 2442 2444
2441 2302 2443
2442 2426 2445
850 2441 2445
2443 1166 2444
2308 2496 2499
1786 2448 2508
2313 2512 2447
2451 1205 2545
2272 2452 2513
1218 2449 2452
2450 2270 2451
2340 2518 2454
2568 2328 2453
2534 2197 2526
2004 2457 2458
2410 2465 2456
2459 390 2456
2460 893 2458
2464 2256 2459
2462 2258 2463
2465 2408 2461
2257 2464 2461
2460 2465 2463
2464 2457 2462
2470 2407 2468
2468 2029 2469
2466 2009 2467
2259 2470 2467
2408 2466 2469
2262 2472 2474
2413 2477 2471
2475 896 2474
2010 2471 2473
2476 2007 2473
2477 2255 2475
2472 2411 2476
2289 2479 2480
2428 2482 2478
2083 2478 2481
2483 2430 2480
2479 2427 2483
2432 2481 2482
2485 826 2488
2493 2218 2484
829 2487 2488
1940 2490 2486
2489 2484 2486
2494 2488 2555
1939 2536 2487
2494 2554 2492
2497 2496 2491
2485 2494 2495
2493 2489 2491
2496 2312 2493
2492 2446 2495
2499 2492 2542
2122 2499 2539
2446 2497 2498
2502 615 2501
2506 2552 2500
2504 1770 2500
1193 2504 2551
1772 2502 2503
611 2575 2506
2540 2501 2505
2510 2123 2508
2447 2512 2507
2511 1785 2510
2125 2507 2509
1784 2509 2543
2508 2448 2544
2450 2514 2515
2513 2546 2517
1230 2513 2516
2517 2126 2515
2514 2313 2516
2549 2453 2521
2344 2548 2520
2521 2327 2519
2339 2520 2518
2382 2523 2524
2528 2526 2522
2525 1890 2522
1891 2524 2526
2523 2455 2525
2528 2386 2529
2534 2523 2527
2390 2532 2527
1888 2533 2531
2532 2192 2530
2529 2388 2531
2200 2534 2530
2455 2528 2533
2536 1936 2550
2556 2490 2535
2562 1181 2538
1762 2539 2537
2498 2563 2538
2506 2561 2541
2560 2553 2540
2564 2497 2559
2511 2544 2545
2543 2512 2546
2546 2449 2543
2514 2545 2544
2548 2342 2566
2549 2519 2547
2518 2548 2567
2558 2535 2551
2503 2552 2550
2551 2501 2553
2541 2557 2552
2491 2555 2559
2489 2556 2554
2536 2558 2555
2558 2553 2560
2550 2557 2556
2560 2542 2554
2541 2559 2557
2564 2540 2573
2537 2563 2572
2562 2539 2564
2542 2561 2563
2566 2155 2569
2567 2547 2565
2549 2566 2568
2454 2567 2570
2565 1827 2570
2329 2568 2569
607 2572 2574
2562 2573 2571
2572 2561 2575
2575 612 2571
2573 2505 2574
