0 0
0 0.0625
0 0.125
0 0.1875
0 0.25
0 0.3125
0 0.375
0 0.4375
0 0.5
0 0.5625
0 0.625
0 0.6875
0 0.75
0 0.8125
0 0.875
0 0.9375
0 1
0.035051 0.2161
0.036898 0.78187
0.038538 0.64562
0.041582 0.92618
0.041624 0.35037
0.041663 0.073901
0.043399 0.59933
0.043979 0.16989
0.045536 0.82895
0.046439 0.26114
0.046875 0
0.046875 1
0.047708 0.73443
0.049567 0.46254
0.04986 0.50194
0.053732 0.54352
0.054464 0.40217
0.061325 0.88126
0.061444 0.1189
0.061774 0.68334
0.063078 0.30899
0.083703 0.21054
0.084629 0.58513
0.086243 0.63315
0.086392 0.15879
0.086851 0.84171
0.091017 0.35294
0.091265 0.78469
0.09375 0
0.09375 1
0.096338 0.93924
0.096488 0.72029
0.096628 0.26752
0.096831 0.061156
0.096922 0.49978
0.096995 0.44
0.10118 0.55098
0.1024 0.87936
0.10292 0.39694
0.1038 0.12236
0.10416 0.67672
0.10625 0.30953
0.13143 0.3723
0.13201 0.74593
0.13239 0.64904
0.133 0.84182
0.13457 0.89547
0.13552 0.4621
0.13598 0.53716
0.13656 0.10596
0.13859 0.23267
0.13859 0.16501
0.13889 0.59273
0.14049 0.33204
0.14062 0
0.14062 1
0.14243 0.28486
0.14532 0.6976
0.14629 0.41484
0.14924 0.93544
0.1501 0.06473
0.15174 0.78691
0.15395 0.49975
0.17441 0.36589
0.17626 0.74208
0.17774 0.82537
0.1792 0.25839
0.18328 0.64997
0.1834 0.16281
0.18442 0.45925
0.18474 0.54097
0.18528 0.88524
0.18731 0.11333
0.1875 0
0.1875 1
0.18903 0.95727
0.18957 0.042424
0.19067 0.20743
0.19105 0.49971
0.19226 0.30957
0.19276 0.70113
0.19889 0.40697
0.19996 0.78481
0.20348 0.59543
0.22132 0.8312
0.22202 0.16406
0.22818 0.68066
0.23055 0.25725
0.23204 0.4389
0.23205 0.40199
0.23437 0.36164
0.23438 0
0.23438 1
0.23503 0.73681
0.23511 0.49846
0.2356 0.92802
0.23616 0.070849
0.23672 0.55911
0.24106 0.87348
0.2416 0.7913
0.24161 0.20552
0.24196 0.12352
0.24218 0.5956
0.24298 0.63443
0.24432 0.30776
0.26373 0.40652
0.27344 0.7743
0.27606 0.53898
0.27859 0.45207
0.28032 0.82891
0.28117 0.95808
0.28124 0.16535
0.28125 0
0.28125 1
0.28127 0.041144
0.282 0.89739
0.28221 0.10016
0.28272 0.22877
0.28276 0.28146
0.28304 0.68441
0.28334 0.33025
0.28338 0.59181
0.28376 0.63697
0.28534 0.37208
0.28559 0.73813
0.29568 0.49922
0.31131 0.40903
0.31979 0.77473
0.32118 0.72511
0.32182 0.30683
0.32486 0.92947
0.32499 0.068241
0.32555 0.63469
0.32624 0.20181
0.32652 0.12607
0.32691 0.16493
0.32746 0.87057
0.32812 0
0.32812 1
0.32886 0.59094
0.32904 0.54517
0.33009 0.50241
0.33129 0.35578
0.33348 0.46123
0.33358 0.25798
0.3344 0.82292
0.34291 0.68825
0.36159 0.95425
0.36202 0.042386
0.36317 0.50182
0.36418 0.21932
0.36861 0.90204
0.36959 0.73887
0.36983 0.094008
0.37196 0.35767
0.37205 0.84779
0.37256 0.7964
0.37279 0.16408
0.37374 0.40653
0.375 0
0.375 1
0.37599 0.30989
0.37646 0.59316
0.37692 0.65325
0.37936 0.53955
0.38091 0.46283
0.38111 0.25584
0.3838 0.69583
0.40746 0.94143
0.4081 0.21762
0.40881 0.35921
0.41058 0.045813
0.41114 0.82401
0.4134 0.55428
0.41364 0.67535
0.41462 0.87464
0.41721 0.44461
0.4197 0.50093
0.42044 0.71647
0.42069 0.11166
0.42188 0
0.42188 1
0.42242 0.635
0.42367 0.2686
0.42627 0.77304
0.43378 0.40296
0.43515 0.31792
0.43605 0.58993
0.438 0.17008
0.45006 0.95851
0.45457 0.5462
0.45459 0.36105
0.45495 0.068688
0.4577 0.90622
0.45809 0.67685
0.46593 0.73055
0.46619 0.22556
0.4669 0.83256
0.46875 0
0.46875 1
0.47129 0.6236
0.47311 0.45054
0.47343 0.28409
0.47511 0.50672
0.47588 0.77412
0.4768 0.39793
0.47729 0.12166
0.47739 0.32676
0.47841 0.58118
0.48392 0.17573
0.49378 0.94802
0.49892 0.69993
0.49893 0.060301
0.49986 0.36167
0.50324 0.54519
0.50858 0.79366
0.50965 0.88801
0.51007 0.65517
0.51562 0
0.51562 1
0.51671 0.74427
0.51781 0.25681
0.51865 0.45004
0.51934 0.20448
0.52042 0.40907
0.52099 0.31379
0.52186 0.59841
0.52196 0.15317
0.52256 0.10569
0.52353 0.49224
0.52823 0.83338
0.54328 0.69352
0.54437 0.36202
0.55182 0.062314
0.55192 0.78536
0.55306 0.87349
0.55676 0.93962
0.56072 0.44726
0.56242 0.23136
0.5625 0
0.5625 1
0.56313 0.12679
0.56355 0.18084
0.56385 0.54842
0.56394 0.59538
0.56491 0.63978
0.56513 0.28184
0.56637 0.39992
0.56733 0.32585
0.56975 0.49407
0.57142 0.73598
0.57666 0.83043
0.59152 0.36297
0.594 0.68854
0.59485 0.043872
0.59517 0.88169
0.60077 0.51468
0.60126 0.20777
0.60288 0.095167
0.6052 0.59881
0.60669 0.77953
0.60765 0.47172
0.60914 0.25416
0.60938 0
0.60938 1
0.61314 0.93049
0.61336 0.31258
0.61352 0.15743
0.61366 0.41555
0.6141 0.64815
0.61622 0.72802
0.62193 0.54993
0.62407 0.83459
0.64074 0.36351
0.64169 0.50659
0.6428 0.88623
0.64472 0.1165
0.6449 0.059265
0.64935 0.58395
0.65185 0.79676
0.65271 0.62715
0.65405 0.68805
0.65412 0.75069
0.65582 0.21263
0.65611 0.45832
0.65625 0
0.65625 1
0.65707 0.27738
0.66084 0.15589
0.66114 0.94839
0.66247 0.32344
0.66964 0.54635
0.67116 0.83837
0.67174 0.40728
0.68935 0.50092
0.69177 0.72837
0.69208 0.88946
0.69222 0.35941
0.69379 0.64737
0.69407 0.17412
0.69539 0.25436
0.69673 0.59586
0.6995 0.11362
0.70199 0.040934
0.70312 0
0.70312 1
0.70365 0.78445
0.70883 0.30524
0.71125 0.9365
0.7125 0.44947
0.71352 0.68813
0.71491 0.21409
0.71504 0.8434
0.71663 0.39852
0.71688 0.54487
0.73429 0.73268
0.73666 0.16705
0.73967 0.50083
0.74112 0.25903
0.74363 0.58254
0.75 0
0.75 1
0.75003 0.95934
0.7505 0.63874
0.75166 0.88963
0.75369 0.12302
0.75411 0.35926
0.75488 0.41878
0.75489 0.81913
0.75597 0.7708
0.75689 0.694
0.75761 0.063648
0.76008 0.46271
0.76118 0.30204
0.76342 0.54316
0.76499 0.21258
0.78168 0.73195
0.78783 0.93572
0.7898 0.15959
0.79088 0.10501
0.79155 0.39947
0.79164 0.58679
0.79688 0
0.79688 1
0.79759 0.44228
0.79835 0.50128
0.79846 0.5453
0.7995 0.84611
0.80115 0.68122
0.80192 0.26224
0.80234 0.32294
0.80374 0.89466
0.80401 0.78493
0.80554 0.63363
0.80785 0.36698
0.80903 0.20838
0.81287 0.058843
0.8361 0.46328
0.83611 0.72821
0.83634 0.93714
0.83681 0.17616
0.83744 0.55204
0.8382 0.11889
0.83864 0.68924
0.84007 0.82221
0.84341 0.60736
0.84367 0.87142
0.84375 0
0.84375 1
0.84379 0.65492
0.84383 0.29989
0.84471 0.40854
0.84544 0.26424
0.84701 0.34806
0.8528 0.22494
0.85533 0.063329
0.8554 0.50366
0.86055 0.78004
0.87526 0.68941
0.88229 0.53854
0.88362 0.46172
0.88373 0.32089
0.88638 0.27196
0.88669 0.58042
0.88909 0.90176
0.88989 0.96102
0.89052 0.03797
0.89062 0
0.89062 1
0.89074 0.095601
0.89177 0.73645
0.89238 0.1678
0.89358 0.83267
0.8944 0.63695
0.89618 0.41779
0.89865 0.50609
0.89873 0.22547
0.89976 0.36965
0.90266 0.77974
0.92388 0.44557
0.92549 0.063002
0.92775 0.5988
0.92937 0.87754
0.93234 0.20637
0.9338 0.79885
0.93381 0.48568
0.93536 0.54552
0.93664 0.25088
0.9375 0
0.9375 1
0.93763 0.40891
0.93824 0.69207
0.93843 0.75455
0.94074 0.31444
0.94241 0.93594
0.94267 0.11697
0.94494 0.63657
0.94743 0.17097
0.95011 0.36951
0.95062 0.83723
0.96711 0.4498
0.96729 0.058304
0.97409 0.88391
0.97694 0.59817
0.97851 0.26936
0.97954 0.79143
0.98183 0.73632
0.98406 0.21265
0.98438 0
0.98438 1
0.9846 0.40376
0.98607 0.15165
0.98664 0.65335
0.98746 0.50334
0.98747 0.55238
0.98903 0.10425
0.99063 0.35438
0.99216 0.69495
0.99326 0.93168
0.99427 0.84164
1.0023 0.30783
1.0193 0.53522
1.0203 0.061957
1.021 0.71942
1.0234 0.17483
1.0256 0.76147
1.0258 0.57538
1.0293 0.62364
1.0293 0.1276
1.0296 0.26019
1.0311 0.38877
1.0312 0
1.0312 1
1.0315 0.81454
1.0317 0.45091
1.0323 0.95726
1.0339 0.88451
1.0344 0.34226
1.0367 0.50347
1.0368 0.67758
1.0391 0.21173
1.0445 0.3033
1.0594 0.54156
1.063 0.042063
1.0636 0.72584
1.0672 0.3677
1.0717 0.64252
1.0731 0.93319
1.0752 0.77817
1.0776 0.32847
1.0779 0.59256
1.0781 0
1.0781 1
1.0783 0.17114
1.0791 0.2329
1.0794 0.8343
1.0795 0.096831
1.081 0.45237
1.0811 0.2824
1.0818 0.49392
1.0827 0.4106
1.0923 0.68307
1.0941 0.88626
1.1062 0.54384
1.1083 0.047389
1.1092 0.36295
1.1176 0.2112
1.1209 0.84731
1.1222 0.63464
1.1233 0.31396
1.1245 0.80114
1.125 0
1.125 1
1.1263 0.13487
1.1267 0.73403
1.1274 0.50564
1.1277 0.9415
1.1278 0.45396
1.129 0.5836
1.1296 0.25709
1.131 0.40078
1.1311 0.17745
1.1317 0.089606
1.1353 0.68068
1.1355 0.88252
1.1614 0.54297
1.1638 0.49376
1.1646 0.16025
1.1648 0.89876
1.1676 0.69838
1.1677 0.41721
1.1696 0.21038
1.17 0.11657
1.1703 0.25316
1.1708 0.29278
1.1712 0.051846
1.1717 0.84272
1.1718 0.35933
1.1719 0
1.1719 1
1.1729 0.65619
1.1739 0.77605
1.1753 0.60239
1.18 0.93757
1.1814 0.73068
1.186 0.45779
1.2074 0.89455
1.2087 0.099289
1.2109 0.50749
1.211 0.25359
1.2143 0.56428
1.215 0.16013
1.2154 0.60029
1.2155 0.20959
1.2155 0.63487
1.2181 0.41446
1.2187 0.31145
1.2188 0
1.2188 1
1.219 0.69168
1.2197 0.74967
1.2207 0.80148
1.2274 0.95369
1.2275 0.84994
1.2283 0.46259
1.2307 0.054946
1.2367 0.361
1.2516 0.10815
1.2551 0.60111
1.2552 0.49123
1.2565 0.65024
1.2581 0.72688
1.2621 0.32333
1.2621 0.27764
1.2636 0.21312
1.2644 0.77145
1.2654 0.54021
1.2656 0
1.2656 1
1.2661 0.39745
1.2683 0.82453
1.2703 0.15379
1.2708 0.064885
1.2708 0.89253
1.272 0.44607
1.2786 0.95581
1.2794 0.68817
1.2862 0.35851
1.2982 0.49508
1.2992 0.043824
1.2995 0.58109
1.3074 0.10581
1.3076 0.30989
1.3079 0.73497
1.3096 0.25307
1.3108 0.63633
1.3112 0.21445
1.3118 0.17467
1.3121 0.79183
1.3125 0
1.3125 1
1.3159 0.84498
1.3184 0.45647
1.3188 0.93513
1.3205 0.40429
1.3224 0.54013
1.3237 0.68859
1.3253 0.88933
1.3272 0.35314
1.3379 0.05064
1.3442 0.58636
1.353 0.49167
1.3532 0.32341
1.3543 0.27866
1.3543 0.44438
1.3571 0.14546
1.3572 0.094265
1.3575 0.76303
1.3583 0.21434
1.3591 0.81395
1.3594 0
1.3594 1
1.3602 0.71422
1.3615 0.66715
1.362 0.86334
1.3623 0.96348
1.3632 0.91336
1.3643 0.62522
1.3706 0.36552
1.3721 0.41152
1.3726 0.54424
1.3844 0.054274
1.3938 0.59099
1.3943 0.25778
1.3973 0.78627
1.3987 0.11024
1.3992 0.888
1.3994 0.69058
1.4 0.50661
1.4037 0.31302
1.405 0.45263
1.4062 0
1.4062 1
1.4063 0.1665
1.4097 0.73714
1.4097 0.64362
1.4108 0.35623
1.4109 0.83646
1.4114 0.39449
1.4141 0.94203
1.4199 0.21825
1.4221 0.54737
1.4369 0.26431
1.4393 0.1291
1.4447 0.06668
1.4448 0.88841
1.448 0.49686
1.4487 0.78131
1.4488 0.59819
1.4509 0.45641
1.4515 0.64239
1.4522 0.4182
1.4531 0
1.4531 1
1.4531 0.68847
1.4539 0.73562
1.4552 0.35699
1.4552 0.30332
1.4618 0.17692
1.4631 0.22749
1.4673 0.83802
1.4696 0.54577
1.4717 0.94408
1.483 0.12081
1.484 0.26631
1.4886 0.038183
1.4925 0.50745
1.4936 0.63693
1.4942 0.39913
1.4977 0.45625
1.4978 0.31314
1.5 0
1.5 1
1.5008 0.077817
1.5012 0.80035
1.5016 0.73751
1.502 0.58185
1.5025 0.84064
1.5058 0.6834
1.506 0.88632
1.5088 0.15933
1.5103 0.54023
1.5105 0.21359
1.5147 0.35837
1.5159 0.95106
1.5365 0.83392
1.5381 0.11341
1.5387 0.50626
1.539 0.27298
1.5396 0.32107
1.5412 0.70043
1.5446 0.60757
1.5454 0.65781
1.5458 0.044547
1.5458 0.55853
1.5469 0
1.5469 1
1.5511 0.40529
1.5518 0.17019
1.5524 0.78101
1.5543 0.46039
1.5547 0.92642
1.5559 0.35387
1.5566 0.73318
1.5576 0.87369
1.5654 0.22034
1.5826 0.13413
1.583 0.49007
1.5846 0.53241
1.5851 0.36703
1.5876 0.2611
1.5885 0.58015
1.5897 0.3155
1.5908 0.78721
1.5914 0.085344
1.5917 0.63082
1.5935 0.82982
1.5938 0
1.5938 1
1.5941 0.75075
1.595 0.69313
1.5989 0.89461
1.6035 0.40016
1.6036 0.17874
1.6037 0.44731
1.6044 0.038742
1.6046 0.95682
1.6066 0.2267
1.6231 0.55242
1.6253 0.36224
1.6264 0.78301
1.6282 0.12261
1.6292 0.50403
1.6349 0.64951
1.6375 0.2101
1.6397 0.73651
1.6403 0.866
1.6406 0
1.6406 1
1.6413 0.59791
1.6415 0.2648
1.644 0.91848
1.6447 0.32198
1.6466 0.82056
1.6483 0.05809
1.6503 0.4102
1.6538 0.46052
1.6541 0.9625
1.6564 0.68877
1.6566 0.16836
1.6677 0.54726
1.6725 0.36037
1.6767 0.89125
1.6785 0.21649
1.6824 0.72518
1.6853 0.84526
1.6866 0.49756
1.6868 0.77949
1.6875 0
1.6875 1
1.6879 0.11101
1.6907 0.63972
1.6908 0.58619
1.6939 0.94175
1.6941 0.30955
1.6947 0.39732
1.6955 0.25869
1.6987 0.048351
1.6989 0.443
1.6993 0.68968
1.7071 0.17281
1.7194 0.88844
1.7261 0.60059
1.7273 0.36406
1.7292 0.72577
1.7295 0.40936
1.731 0.22562
1.7327 0.54722
1.7344 0
1.7344 1
1.7348 0.27774
1.7364 0.67325
1.7368 0.48289
1.7377 0.072364
1.7394 0.63321
1.7405 0.93547
1.7419 0.31984
1.7421 0.82906
1.7429 0.13332
1.7432 0.4404
1.7436 0.77372
1.751 0.18189
1.77 0.25567
1.7722 0.74391
1.7732 0.45884
1.7732 0.60279
1.7736 0.65045
1.7749 0.89212
1.7776 0.29702
1.7788 0.40715
1.7789 0.34585
1.7804 0.040239
1.7809 0.95798
1.7812 0
1.7812 1
1.7817 0.21567
1.7834 0.69662
1.7839 0.098314
1.7889 0.50469
1.7909 0.55627
1.7916 0.78853
1.7935 0.83997
1.7942 0.16089
1.8137 0.73868
1.814 0.45531
1.8147 0.31821
1.8197 0.063766
1.822 0.58828
1.8221 0.26396
1.8224 0.87256
1.8237 0.20773
1.826 0.92632
1.8263 0.64571
1.8281 0
1.8281 1
1.8305 0.69925
1.8314 0.36646
1.832 0.41638
1.8328 0.11553
1.8365 0.49186
1.8372 0.77321
1.8393 0.54038
1.8402 0.8229
1.8479 0.17078
1.8593 0.31636
1.8654 0.73103
1.8657 0.68424
1.8672 0.40032
1.8703 0.22536
1.8726 0.50508
1.8731 0.45306
1.8738 0.95617
1.8748 0.06143
1.875 0
1.875 1
1.8759 0.27534
1.8769 0.88266
1.8779 0.78173
1.8788 0.59541
1.8811 0.13445
1.8811 0.64969
1.8864 0.82459
1.8871 0.36079
1.8873 0.54138
1.8902 0.18279
1.9093 0.25859
1.9098 0.74842
1.9103 0.4061
1.9155 0.93296
1.9165 0.10773
1.9177 0.63683
1.9188 0.69177
1.9192 0.84505
1.921 0.21751
1.921 0.31121
1.9219 0
1.9219 1
1.9237 0.50226
1.925 0.55994
1.9259 0.79538
1.9274 0.065258
1.9295 0.44728
1.9318 0.16287
1.9324 0.36672
1.9329 0.60225
1.9352 0.88745
1.9528 0.26127
1.9592 0.74729
1.9595 0.53795
1.9601 0.044114
1.9673 0.79102
1.9688 0
1.9688 1
1.9691 0.83934
1.9692 0.21297
1.9698 0.57962
1.97 0.88841
1.9701 0.10754
1.9705 0.94198
1.9706 0.46635
1.9707 0.40809
1.9725 0.34757
1.973 0.64185
1.9731 0.50713
1.9743 0.69895
1.9759 0.30147
1.9786 0.16791
2.0052 0.73064
2.0057 0.88898
2.0071 0.53862
2.0077 0.49129
2.0081 0.046455
2.0124 0.78594
2.0127 0.1486
2.0148 0.26154
2.0151 0.3735
2.0156 0
2.0156 1
2.0165 0.40943
2.0165 0.1971
2.017 0.32366
2.0178 0.68768
2.0183 0.59591
2.0198 0.84389
2.0201 0.44777
2.029 0.10565
2.0324 0.94332
2.0342 0.6441
2.0519 0.062605
2.0529 0.82398
2.0548 0.35255
2.0588 0.45101
2.0593 0.22364
2.0599 0.26236
2.06 0.68127
2.0602 0.49672
2.0608 0.73287
2.061 0.56144
2.0611 0.40645
2.0625 0
2.0625 1
2.0641 0.78625
2.0649 0.88268
2.0652 0.15941
2.0654 0.61039
2.068 0.3031
2.0707 0.10138
2.0763 0.64992
2.077 0.94979
2.0942 0.057298
2.0954 0.45129
2.0993 0.82184
2.0993 0.77235
2.0999 0.58638
2.1002 0.20612
2.1009 0.25585
2.1078 0.62831
2.1094 0
2.1094 1
2.1105 0.68403
2.1106 0.35584
2.1112 0.11475
2.115 0.92434
2.1151 0.41171
2.1154 0.5409
2.1156 0.4898
2.1157 0.73719
2.1165 0.30221
2.1168 0.87133
2.122 0.16798
2.1441 0.83861
2.1446 0.27244
2.1453 0.64432
2.1468 0.59656
2.1516 0.78142
2.1522 0.21811
2.1538 0.50675
2.1543 0.39334
2.155 0.1747
2.1551 0.35752
2.1555 0.06121
2.1556 0.72056
2.1557 0.45207
2.1558 0.13413
2.1562 0
2.1562 1
2.1586 0.95654
2.1612 0.31876
2.1618 0.67775
2.1627 0.88977
2.1705 0.54817
2.1887 0.83455
2.1892 0.17134
2.1895 0.26963
2.1915 0.58771
2.1928 0.41254
2.1932 0.74367
2.1965 0.36497
2.1973 0.63924
2.1988 0.69865
2.2015 0.11577
2.2031 0
2.2031 1
2.2053 0.93023
2.2082 0.50268
2.2096 0.44839
2.2102 0.87796
2.2116 0.5545
2.2123 0.063357
2.2138 0.31489
2.2148 0.78494
2.2152 0.21973
2.235 0.59274
2.2389 0.67833
2.2423 0.73073
2.2457 0.16317
2.2458 0.34954
2.2459 0.83854
2.2469 0.4085
2.247 0.46326
2.2473 0.27356
2.248 0.95944
2.2491 0.90132
2.2498 0.31357
2.25 0
2.25 1
2.2504 0.097069
2.2512 0.5465
2.2514 0.039346
2.2588 0.63692
2.2657 0.78221
2.2663 0.50193
2.2676 0.22095
2.2831 0.36964
2.2846 0.93179
2.2885 0.32096
2.2887 0.74202
2.2911 0.5381
2.2924 0.81943
2.2944 0.58902
2.2945 0.06758
2.2948 0.68573
2.2969 0
2.2969 1
2.2969 0.12845
2.2976 0.63674
2.2993 0.18455
2.2994 0.40517
2.2996 0.87336
2.2998 0.45644
2.3018 0.22203
2.3062 0.50486
2.3067 0.26142
2.3115 0.77934
2.3299 0.92752
2.3315 0.042028
2.3323 0.73532
2.3334 0.36935
2.3349 0.21683
2.3357 0.53989
2.336 0.41953
2.3383 0.49284
2.3395 0.63495
2.3398 0.82239
2.3409 0.093085
2.3438 0
2.3438 1
2.3459 0.58612
2.3468 0.30957
2.3506 0.15973
2.352 0.77494
2.3559 0.87612
2.3578 0.4569
2.3592 0.69079
2.3593 0.96647
2.3612 0.25866
2.3797 0.60721
2.38 0.045179
2.3816 0.8395
2.3825 0.2127
2.3827 0.91983
2.3849 0.41107
2.3856 0.56261
2.3856 0.50521
2.3861 0.74233
2.3877 0.79681
2.3906 0
2.3906 1
2.3918 0.10939
2.3943 0.35031
2.3973 0.29579
2.4003 0.64954
2.4008 0.45859
2.4038 0.69762
2.4042 0.2524
2.4043 0.87494
2.4098 0.16606
2.4099 0.96021
2.4237 0.067083
2.4238 0.59788
2.424 0.82934
2.4297 0.72668
2.4328 0.35498
2.4338 0.38807
2.4369 0.43444
2.4372 0.32269
2.4375 0
2.4375 1
2.438 0.21903
2.4386 0.48385
2.4387 0.91611
2.4389 0.77486
2.4419 0.27581
2.4422 0.54186
2.4463 0.11801
2.4463 0.86681
2.4479 0.68371
2.4486 0.63525
2.4538 0.96275
2.4539 0.1708
2.4661 0.057501
2.4686 0.35775
2.4715 0.73081
2.476 0.45731
2.4807 0.88825
2.4844 0
2.4844 1
2.4844 0.40893
2.4848 0.82851
2.4859 0.59308
2.4873 0.3094
2.4874 0.25125
2.4874 0.54656
2.4882 0.65195
2.4891 0.19813
2.4892 0.77085
2.4894 0.50367
2.49 0.09998
2.49 0.14649
2.4934 0.69488
2.4953 0.94307
2.5125 0.055942
2.5245 0.63079
2.5252 0.78797
2.5255 0.40816
2.5259 0.31753
2.5263 0.36092
2.5264 0.17134
2.5273 0.45471
2.5275 0.49972
2.5298 0.27934
2.5299 0.73288
2.5304 0.67357
2.5312 0
2.5312 1
2.5325 0.54375
2.5353 0.88642
2.5354 0.11673
2.5396 0.2226
2.5403 0.82684
2.5407 0.59573
2.5439 0.95104
2.5624 0.31443
2.5625 0.49709
2.5644 0.40825
2.5675 0.057615
2.5688 0.69229
2.576 0.26657
2.5761 0.16736
2.5775 0.63873
2.5781 0
2.5781 1
2.5784 0.78411
2.5792 0.84664
2.5801 0.88522
2.5815 0.92662
2.5821 0.57751
2.5826 0.72955
2.5826 0.53364
2.5858 0.11214
2.5869 0.45544
2.5899 0.35916
2.5934 0.22072
2.6063 0.03559
2.6107 0.49974
2.6166 0.8235
2.6168 0.25693
2.6176 0.74542
2.6183 0.30347
2.6214 0.64573
2.6221 0.69129
2.6229 0.41113
2.6248 0.88165
2.6248 0.078665
2.625 0
2.625 1
2.6252 0.13719
2.6254 0.95501
2.6261 0.54729
2.6271 0.18655
2.6318 0.60406
2.633 0.22633
2.633 0.46179
2.6349 0.78338
2.6435 0.035584
2.6448 0.35682
2.6596 0.64819
2.6625 0.25729
2.6637 0.11139
2.6644 0.20929
2.6644 0.82374
2.665 0.74186
2.6694 0.39573
2.671 0.92554
2.6716 0.78234
2.6719 0
2.6719 1
2.6723 0.44085
2.6728 0.50318
2.674 0.16332
2.6758 0.56647
2.6763 0.31235
2.6779 0.87294
2.6798 0.61122
2.6818 0.057801
2.6827 0.69019
2.6936 0.35965
2.7059 0.95333
2.7092 0.84103
2.7099 0.72703
2.71 0.27486
2.7122 0.11734
2.7128 0.64654
2.7148 0.16411
2.7149 0.2138
2.7151 0.78162
2.7158 0.40828
2.7186 0.46442
2.7188 0
2.7188 1
2.72 0.59531
2.721 0.89543
2.7211 0.50293
2.7266 0.54292
2.7267 0.69086
2.7301 0.32156
2.732 0.36659
2.7353 0.057561
2.7484 0.94627
2.754 0.62529
2.7567 0.15884
2.7588 0.10362
2.7595 0.72684
2.7631 0.35144
2.7633 0.43809
2.7634 0.6689
2.7642 0.39028
2.7651 0.83694
2.7656 0
2.7656 1
2.767 0.26866
2.7676 0.54357
2.7679 0.49979
2.768 0.89769
2.7691 0.58351
2.7695 0.21105
2.7709 0.77764
2.7746 0.32024
2.7779 0.06407
2.8017 0.41044
2.8023 0.87584
2.8027 0.63088
2.8043 0.2312
2.8064 0.93471
2.8071 0.30688
2.8072 0.79667
2.8085 0.55012
2.8092 0.35853
2.8093 0.18387
2.8098 0.59079
2.8113 0.75105
2.8125 0
2.8125 1
2.8126 0.45498
2.8129 0.114
2.8152 0.042503
2.8162 0.69271
2.8248 0.8355
2.826 0.2689
2.8273 0.50225
2.8451 0.88005
2.8468 0.96049
2.8481 0.22209
2.8498 0.65054
2.8526 0.318
2.8528 0.73052
2.855 0.59573
2.8554 0.36183
2.856 0.4096
2.8592 0.4688
2.8594 0
2.8594 1
2.86 0.78481
2.8601 0.072811
2.8602 0.53681
2.8606 0.92034
2.8607 0.11753
2.864 0.50232
2.8643 0.16315
2.8685 0.8394
2.871 0.68999
2.8736 0.26718
2.8957 0.45047
2.8958 0.30654
2.8972 0.94874
2.9014 0.6002
2.9029 0.35875
2.9031 0.56026
2.9034 0.64464
2.9042 0.87951
2.9043 0.7775
2.9043 0.50118
2.905 0.73324
2.905 0.68887
2.9062 0
2.9062 1
2.9064 0.045106
2.9066 0.11665
2.9066 0.81721
2.907 0.16604
2.9093 0.21716
2.9109 0.41369
2.9149 0.272
2.9386 0.31077
2.9396 0.68821
2.945 0.4564
2.9457 0.59671
2.9472 0.77957
2.9488 0.16506
2.9504 0.49813
2.9507 0.53742
2.9508 0.91511
2.9511 0.96541
2.9517 0.83894
2.9518 0.87712
2.9523 0.12156
2.9531 0.078156
2.9531 0
2.9531 1
2.9534 0.39864
2.9551 0.26309
2.9581 0.64788
2.9586 0.72807
2.9592 0.35136
2.9626 0.2167
3 0
3 0.0625
3 0.125
3 0.1875
3 0.25
3 0.3125
3 0.375
3 0.4375
3 0.5
3 0.5625
3 0.625
3 0.6875
3 0.75
3 0.8125
3 0.875
3 0.9375
3 1
