65 51 79
7 6 33
29 12 11
188 176 197
197 215 188
165 176 188
79 51 64
51 52 64
30 52 51
8 7 30
33 52 30
30 7 33
510 490 493
291 301 311
1360 1332 1359
1359 1332 1346
1346 1358 1359
1336 1332 1360
1364 1365 1334
1365 1366 1340
1334 1365 1340
1291 1313 1294
198 177 185
18 12 29
288 273 291
627 607 602
8 32 9
51 65 53
53 32 51
39 32 53
53 69 39
65 69 53
49 37 26
26 38 49
26 5 4
37 5 26
29 11 36
326 311 301
71 90 93
45 71 50
35 2 22
22 50 35
133 113 131
118 113 133
176 165 154
131 129 154
93 90 108
108 129 131
108 113 93
131 113 108
86 95 79
79 64 86
75 64 52
98 86 75
75 86 64
51 32 31
31 30 51
31 32 8
8 30 31
98 75 80
80 75 59
79 95 87
87 65 79
87 69 65
574 596 586
586 596 606
606 588 586
603 583 592
399 398 387
1356 1357 1347
1347 1351 1356
1234 1259 1239
1329 1347 1330
1330 1347 1357
1259 1280 1286
1362 1363 1348
1348 1333 1362
1362 1333 1361
1332 1336 1318
1318 1309 1332
1348 1363 1331
1187 1174 1163
1367 1338 1366
1366 1338 1341
1341 1340 1366
1113 1136 1119
1166 1187 1163
1149 1166 1163
1139 1166 1149
1130 1136 1113
1130 1149 1136
1139 1149 1130
1356 1351 1355
1228 1247 1230
1154 1144 1135
216 198 206
206 198 185
206 227 216
216 227 236
257 236 253
253 236 227
47 72 46
76 72 47
168 192 185
91 72 92
92 72 76
20 14 34
34 47 20
12 18 13
261 243 260
273 288 260
246 239 254
254 239 241
629 627 648
607 627 629
673 668 653
653 668 648
653 676 673
626 637 611
626 611 601
740 727 722
722 727 699
727 697 699
710 697 727
697 710 682
682 710 706
688 668 673
683 668 688
683 688 701
866 849 877
856 849 866
1013 1020 1032
10 9 23
23 32 39
23 9 32
6 5 21
21 5 37
37 43 21
33 6 21
21 43 33
33 43 55
55 43 59
55 52 33
55 75 52
59 75 55
58 37 49
58 43 37
44 18 29
88 92 76
78 44 60
62 44 78
29 36 48
48 44 29
60 44 48
19 11 10
19 36 11
10 23 19
188 215 209
215 229 209
235 229 215
238 242 219
223 209 229
229 245 223
310 326 301
301 285 310
77 71 93
77 50 71
1 22 2
27 1 0
22 1 27
45 50 27
50 22 27
4 3 17
17 26 4
38 26 17
148 133 131
131 154 148
148 154 165
118 133 128
95 86 111
111 124 114
111 87 95
114 87 111
105 86 98
98 106 105
125 111 105
105 111 86
61 69 84
99 78 81
81 78 60
535 532 508
554 532 535
508 532 501
562 532 554
554 574 562
594 588 612
612 615 594
503 528 516
790 767 774
617 606 596
602 607 587
607 592 587
424 399 413
361 388 374
388 397 374
384 373 359
425 403 404
404 403 384
392 373 384
384 403 392
379 373 392
1251 1280 1259
1259 1234 1251
1313 1291 1310
1310 1330 1313
1329 1330 1310
1310 1308 1329
1291 1308 1310
1350 1357 1358
1350 1330 1357
1350 1358 1346
1346 1313 1350
1313 1330 1350
1294 1313 1295
1337 1333 1314
1314 1318 1337
1337 1318 1336
1361 1333 1337
1360 1361 1337
1337 1336 1360
1363 1364 1349
1349 1331 1363
1349 1364 1334
1334 1340 1325
1225 1232 1254
1163 1174 1148
1148 1149 1163
1136 1149 1148
1148 1119 1136
1208 1232 1211
1226 1232 1208
1197 1195 1217
1229 1237 1246
1246 1252 1229
1283 1252 1268
1268 1252 1246
1314 1333 1312
1312 1293 1314
1314 1293 1301
1304 1318 1301
1301 1318 1314
1301 1286 1304
1339 1367 1368
1338 1367 1339
1316 1341 1338
1340 1341 1316
1316 1325 1340
1114 1130 1113
1036 1056 1064
1064 1059 1036
786 766 770
669 691 679
851 831 848
1343 1353 1354
1343 1354 1342
1323 1321 1344
1344 1343 1323
1352 1353 1344
1353 1343 1344
1278 1282 1255
1297 1282 1278
1297 1321 1323
1281 1247 1248
1248 1247 1228
1281 1282 1300
1300 1303 1281
1300 1297 1323
1282 1297 1300
1242 1218 1227
1257 1262 1269
1257 1242 1227
1285 1308 1291
1291 1271 1285
1285 1257 1269
1271 1257 1285
1247 1262 1231
1231 1230 1247
1231 1257 1227
1262 1257 1231
1103 1074 1083
1083 1074 1062
1061 1074 1085
1111 1093 1085
977 1005 997
1066 1093 1076
1061 1085 1066
1066 1085 1093
1235 1221 1212
1205 1221 1228
1190 1221 1205
1205 1193 1190
1167 1162 1150
1154 1162 1176
1176 1162 1190
1190 1193 1176
1196 1193 1216
1216 1206 1196
1193 1205 1216
1230 1231 1216
1216 1231 1206
1228 1230 1216
1216 1205 1228
1122 1117 1103
1095 1074 1103
1103 1117 1095
1095 1085 1074
1095 1117 1111
1111 1085 1095
1138 1162 1154
1150 1162 1138
1138 1122 1150
1117 1122 1138
1111 1117 1134
1134 1135 1111
1154 1135 1134
1134 1138 1154
1117 1138 1134
1111 1135 1116
1116 1093 1111
233 253 227
257 253 281
76 47 63
63 88 76
62 88 63
91 92 109
14 20 15
16 15 28
28 15 20
28 47 46
28 20 47
14 13 25
34 14 25
25 13 18
18 44 25
278 301 291
291 273 278
278 285 301
278 254 285
597 622 618
618 622 639
634 642 661
661 641 634
631 641 654
654 644 631
667 644 654
652 644 667
607 629 624
624 629 642
624 592 607
642 629 655
655 668 683
648 668 655
655 629 648
505 539 537
648 627 635
635 653 648
637 653 635
581 601 599
599 601 611
523 545 522
589 609 605
576 601 581
768 740 746
746 735 757
746 740 722
654 641 662
662 682 654
662 641 661
661 682 662
654 682 681
681 667 654
684 667 681
681 682 706
706 692 681
681 692 684
768 779 791
791 802 803
791 779 802
704 675 690
676 675 704
802 816 824
802 779 784
784 816 802
694 688 673
673 676 694
715 701 694
694 701 688
739 735 715
757 735 739
683 701 698
722 699 698
718 746 722
735 746 718
722 698 718
718 698 701
715 735 718
718 701 715
700 724 732
774 767 751
751 767 738
751 765 774
850 849 830
830 849 823
774 765 785
785 790 774
676 653 656
656 653 637
645 637 626
872 849 850
877 849 872
908 936 925
925 922 908
1013 1032 1030
1030 1032 1054
1030 1015 1013
1006 1020 1013
927 942 957
964 984 957
957 942 964
942 952 964
96 80 70
70 80 59
59 43 70
43 58 70
57 48 36
40 23 39
40 19 23
61 57 40
36 19 40
40 57 36
39 69 40
40 69 61
259 240 244
244 240 226
226 223 244
244 223 245
256 280 271
255 240 259
238 240 255
159 137 146
146 178 159
203 187 178
208 187 203
226 240 213
213 240 238
238 219 213
314 343 330
330 310 314
326 310 330
337 320 321
321 320 302
348 320 337
337 359 348
348 359 373
342 319 348
348 319 320
389 399 387
50 77 66
38 17 24
24 17 3
24 3 2
24 2 35
73 58 49
73 70 58
73 83 96
96 70 73
49 38 67
67 73 49
83 73 67
38 68 67
118 128 102
142 111 125
124 111 142
142 157 124
125 143 160
160 142 125
140 137 159
159 143 140
96 83 104
104 121 96
199 217 211
212 237 221
228 237 212
212 211 228
195 211 212
103 84 120
61 84 74
74 57 61
74 81 60
60 48 74
48 57 74
99 81 110
110 116 99
159 178 171
178 187 171
202 187 208
208 222 202
241 222 230
230 222 208
218 239 246
246 220 218
241 239 218
218 222 241
218 202 222
508 501 488
510 493 519
493 501 519
519 501 532
579 574 586
579 562 574
586 588 579
689 665 687
687 665 670
689 671 666
666 665 689
610 609 589
589 591 610
610 615 630
610 591 615
632 612 613
613 612 588
588 606 613
670 665 650
632 651 650
650 651 670
615 612 640
640 650 665
640 612 632
632 650 640
490 503 491
491 503 516
518 490 510
518 503 490
528 503 518
578 588 594
548 578 571
571 578 594
516 528 530
530 531 516
810 830 808
808 830 823
808 785 810
790 785 808
717 712 734
695 712 717
695 671 689
689 712 695
659 651 638
445 438 425
417 438 432
417 403 425
425 438 417
565 587 592
509 513 536
559 555 536
600 622 597
597 582 600
600 623 622
604 623 600
575 582 597
575 555 559
559 582 575
558 560 533
572 577 558
558 577 560
580 582 559
604 600 580
580 600 582
560 577 580
557 568 572
572 558 557
411 397 388
388 414 411
420 413 408
420 444 424
424 413 420
444 448 461
432 438 452
452 448 432
516 531 506
506 531 534
435 414 430
430 414 398
430 399 424
398 399 430
357 388 361
357 371 388
343 371 357
398 414 390
387 398 390
390 414 388
388 371 390
396 412 423
397 412 393
393 374 397
412 396 393
393 396 378
436 409 421
419 409 436
442 436 421
451 440 423
429 428 443
429 442 421
443 442 429
433 440 449
449 428 433
1274 1291 1294
1274 1271 1291
1294 1295 1274
1280 1251 1266
1266 1251 1253
1266 1295 1280
1253 1274 1266
1266 1274 1295
1328 1295 1313
1309 1295 1328
1328 1313 1346
1346 1332 1328
1332 1309 1328
1280 1295 1296
1296 1295 1309
1304 1286 1296
1296 1286 1280
1296 1318 1304
1309 1318 1296
1227 1218 1204
1204 1231 1227
1206 1231 1204
1196 1206 1198
1198 1179 1196
1183 1179 1198
1198 1204 1183
1206 1204 1198
1128 1155 1147
1183 1204 1185
1185 1204 1218
1215 1217 1195
1215 1234 1239
1080 1056 1058
1331 1349 1319
1319 1349 1334
1254 1232 1263
1267 1260 1254
1254 1284 1267
1267 1284 1287
1287 1270 1267
1267 1270 1260
1287 1284 1306
1306 1316 1287
1325 1316 1306
1299 1325 1306
1306 1284 1299
1254 1260 1238
1238 1225 1254
1189 1182 1207
1211 1232 1207
1232 1225 1207
1174 1187 1184
1187 1208 1184
1197 1217 1220
1220 1217 1237
1237 1229 1220
1237 1217 1240
1240 1215 1239
1217 1215 1240
1239 1259 1240
1259 1258 1240
1241 1229 1252
1246 1237 1261
1261 1268 1246
1237 1240 1261
1261 1240 1258
1315 1333 1348
1315 1312 1333
1348 1331 1315
1293 1312 1315
1279 1270 1288
1256 1270 1279
1345 1339 1368
1322 1339 1345
1096 1114 1088
1088 1070 1059
1088 1114 1113
1034 1056 1036
1113 1119 1098
792 786 770
660 669 679
686 669 652
652 667 686
686 667 684
691 669 686
684 692 686
679 691 703
725 703 733
723 692 706
750 723 737
727 740 755
755 740 768
728 723 743
743 723 750
868 899 901
901 899 918
901 884 868
868 857 867
867 899 868
904 901 918
884 901 904
868 884 863
828 848 831
853 828 826
848 828 853
869 890 882
882 853 869
869 853 858
955 937 945
851 848 873
1040 1031 1051
1009 1036 1026
945 937 923
923 939 945
905 939 923
882 890 893
890 905 893
1324 1343 1342
1303 1300 1324
1323 1343 1324
1324 1300 1323
1235 1255 1244
1244 1221 1235
1228 1221 1244
1244 1248 1228
1335 1355 1351
1335 1324 1342
1326 1324 1335
1354 1355 1335
1342 1354 1335
1327 1347 1329
1351 1347 1327
1329 1308 1327
1327 1335 1351
1326 1335 1327
1281 1303 1305
1326 1327 1305
1303 1324 1305
1305 1324 1326
1264 1257 1271
1242 1257 1264
1271 1274 1264
1021 1039 1025
1025 1039 1037
1052 1039 1062
1037 1039 1052
1062 1074 1052
1061 1037 1052
1052 1074 1061
997 1005 1023
1023 1025 1037
1005 1025 1023
980 977 997
958 977 980
972 952 951
894 866 877
894 908 922
925 936 946
946 977 958
1055 1066 1076
1017 1032 1020
1020 1006 1017
972 975 989
989 1008 972
989 980 997
975 980 989
1191 1212 1201
1201 1212 1221
1201 1221 1190
1180 1167 1191
1162 1167 1180
1191 1201 1180
1190 1162 1180
1180 1201 1190
1165 1193 1196
1165 1176 1193
1196 1179 1165
1165 1144 1154
1154 1176 1165
1165 1155 1144
1165 1179 1155
1131 1155 1128
1144 1155 1131
1131 1135 1144
1131 1116 1135
1076 1093 1105
1093 1116 1105
1105 1091 1076
1116 1131 1105
1105 1131 1128
227 206 210
210 233 227
210 206 185
185 192 210
192 214 210
210 214 233
282 281 253
62 63 54
54 47 34
54 63 47
153 147 132
168 147 153
173 162 144
112 109 92
112 115 132
92 88 112
88 115 112
243 217 225
261 260 276
276 260 288
298 297 315
311 326 334
326 349 334
315 297 318
266 278 273
254 278 266
246 254 266
266 260 246
273 260 266
633 644 652
619 634 641
604 580 598
598 580 577
642 634 620
620 624 642
620 619 603
634 619 620
603 592 620
592 624 620
661 642 657
642 655 657
523 522 512
542 545 523
552 534 563
552 527 534
563 576 552
552 542 527
552 576 581
608 611 637
637 635 608
608 599 611
608 627 602
608 635 627
585 608 602
599 608 585
581 599 585
585 566 581
696 690 677
677 664 671
677 695 696
671 695 677
690 675 663
663 677 690
664 677 663
636 610 630
609 610 636
664 663 636
769 746 757
757 784 769
769 784 779
769 779 768
768 746 769
843 857 868
768 791 788
788 791 803
738 767 756
767 777 756
767 790 795
795 777 767
805 822 807
805 787 799
825 805 799
822 805 825
855 867 857
803 802 829
802 824 829
829 855 857
824 855 829
857 843 829
829 843 832
753 731 752
739 731 753
732 724 744
765 751 744
744 751 732
670 651 680
702 700 678
724 700 702
658 656 637
637 645 658
658 675 676
676 656 658
658 663 675
645 663 658
886 872 888
877 872 886
888 908 886
886 894 877
908 894 886
936 908 913
913 908 888
1087 1091 1109
1109 1105 1128
1091 1105 1109
1015 1030 1044
1044 1046 1015
1044 1030 1054
1002 1015 1016
1015 1046 1016
1016 1046 1028
1002 1016 1001
1001 1016 1028
990 1006 984
972 1008 990
1008 1017 990
990 1017 1006
992 1015 1002
984 1006 994
994 992 974
994 1006 1013
1013 1015 994
1015 992 994
961 932 962
871 902 898
917 927 912
912 898 917
917 898 902
942 927 917
942 917 911
911 917 902
883 902 871
883 911 902
101 115 88
99 116 101
259 244 258
258 244 245
258 284 259
294 280 302
294 271 280
302 320 294
294 319 293
320 319 294
314 310 290
290 310 285
263 242 238
238 255 263
241 230 249
249 230 242
137 121 135
135 146 137
135 104 134
121 104 135
161 135 134
146 135 161
183 178 161
178 146 161
208 203 224
224 203 219
224 230 208
224 219 242
242 230 224
200 213 219
219 203 200
200 178 183
200 203 178
342 348 356
356 348 373
356 373 379
379 355 356
356 355 342
377 355 379
372 355 377
379 408 377
367 371 343
387 390 367
367 390 371
324 343 314
333 319 342
342 355 333
366 389 387
387 367 366
391 413 399
399 389 391
408 413 391
391 377 408
372 377 391
391 366 372
389 366 391
35 50 56
50 66 56
56 66 68
133 148 151
151 128 133
188 209 196
209 223 196
226 213 205
174 196 205
205 223 226
205 196 223
117 128 134
117 102 128
134 104 117
68 66 89
118 102 89
89 113 118
89 66 77
93 113 89
89 77 93
83 67 94
102 117 94
94 67 68
94 104 83
94 117 104
157 142 158
142 160 158
122 140 143
122 143 125
125 105 122
122 105 106
107 121 137
137 140 107
107 122 106
140 122 107
98 80 107
107 106 98
107 80 96
96 121 107
100 120 84
100 87 114
69 87 100
100 84 69
119 100 114
120 100 119
123 141 144
123 110 141
116 110 123
103 110 97
97 110 81
81 74 97
97 84 103
97 74 84
169 173 144
195 169 184
184 169 163
103 120 136
136 110 103
141 110 136
202 218 193
175 171 187
187 202 175
202 193 175
175 193 182
182 160 175
175 160 143
175 143 159
159 171 175
182 193 194
194 218 220
194 193 218
468 488 480
480 488 501
480 501 493
705 712 689
689 687 705
649 636 630
664 636 649
671 664 649
649 666 671
628 613 606
638 651 628
628 651 632
632 613 628
628 617 638
606 617 628
665 666 647
647 640 665
647 649 630
666 649 647
630 615 647
615 640 647
510 519 529
529 519 532
524 548 528
528 518 524
524 529 548
524 518 510
510 529 524
564 579 588
588 578 564
562 579 564
564 578 548
528 548 550
548 571 550
593 571 594
591 571 593
594 615 593
615 591 593
589 605 584
584 569 589
584 605 601
601 576 584
584 576 563
563 569 584
672 659 678
651 659 672
672 680 651
678 700 672
700 680 672
406 392 403
403 417 406
406 417 432
379 392 406
432 408 406
406 408 379
567 592 583
567 565 592
539 522 547
547 522 545
513 525 540
559 536 540
540 536 513
533 560 543
543 525 533
543 540 525
560 580 543
543 580 559
559 540 543
533 525 521
521 525 513
538 558 533
533 507 538
538 557 558
538 507 511
511 507 485
492 470 485
485 507 492
454 460 443
454 428 449
443 428 454
454 449 476
476 460 454
434 448 444
444 420 434
432 448 434
434 408 432
434 420 408
465 493 490
490 461 465
465 461 448
448 452 465
502 506 534
344 330 343
343 357 344
344 349 326
326 330 344
361 349 344
344 357 361
374 393 362
362 393 378
362 349 361
361 374 362
362 334 349
351 334 362
405 402 426
385 402 405
383 409 401
401 409 419
338 322 339
339 322 325
339 360 338
354 360 339
339 325 341
341 354 339
368 354 341
363 362 378
351 362 363
378 396 400
400 382 378
400 396 423
1159 1147 1164
1183 1185 1164
1164 1185 1159
1164 1179 1183
1155 1179 1164
1164 1147 1155
1202 1185 1218
1181 1215 1195
1199 1215 1181
1199 1181 1177
1177 1181 1160
1173 1195 1197
1197 1166 1173
1126 1114 1096
1139 1130 1126
1130 1114 1126
1234 1215 1214
1214 1215 1199
1233 1251 1234
1234 1214 1233
1233 1214 1209
1243 1253 1233
1253 1251 1233
1188 1177 1161
1199 1177 1188
1188 1202 1209
1188 1214 1199
1209 1214 1188
1046 1044 1057
1054 1078 1057
1057 1044 1054
1089 1078 1101
1079 1064 1056
1056 1080 1079
1101 1078 1100
1100 1124 1101
1307 1319 1292
1283 1307 1292
1292 1277 1283
1299 1277 1292
1292 1319 1299
1334 1325 1317
1317 1319 1334
1317 1325 1299
1299 1319 1317
1272 1263 1277
1272 1277 1299
1299 1284 1272
1272 1284 1254
1254 1263 1272
1174 1184 1169
1169 1148 1174
1211 1207 1200
1200 1207 1182
1200 1208 1211
1200 1184 1208
1182 1169 1200
1200 1169 1184
1186 1166 1197
1187 1166 1186
1222 1241 1226
1226 1208 1222
1222 1208 1187
1229 1241 1222
1277 1263 1249
1249 1241 1252
1226 1241 1249
1249 1252 1283
1283 1277 1249
1249 1232 1226
1249 1263 1232
1293 1268 1276
1268 1261 1276
1307 1315 1320
1320 1315 1331
1320 1319 1307
1331 1319 1320
1290 1315 1307
1293 1315 1290
1290 1268 1293
1290 1307 1283
1283 1268 1290
1279 1288 1298
1302 1270 1287
1302 1288 1270
1287 1316 1302
1260 1270 1245
1270 1256 1245
1245 1238 1260
1245 1256 1236
1084 1094 1104
1063 1040 1071
1071 1040 1051
1071 1084 1063
1094 1084 1071
1158 1151 1137
1168 1151 1158
1158 1172 1168
1170 1182 1189
1170 1169 1182
1053 1070 1081
1096 1088 1073
1073 1079 1096
1064 1079 1073
1059 1064 1073
1073 1088 1059
1058 1056 1048
1056 1034 1048
1048 1034 1028
1048 1046 1058
1028 1046 1048
1070 1088 1090
1081 1070 1090
1090 1098 1081
1090 1088 1113
1113 1098 1090
811 786 809
786 792 809
809 831 811
809 828 831
770 759 778
778 792 770
691 686 708
728 733 708
708 703 691
708 733 703
748 759 770
748 733 728
728 743 748
748 743 759
725 733 745
711 723 728
692 723 711
728 708 711
711 686 692
711 708 686
726 710 727
706 710 726
854 858 839
839 853 826
858 853 839
885 892 875
887 884 909
884 904 909
909 890 887
854 863 876
876 858 854
876 884 887
876 863 884
876 869 858
887 890 876
890 869 876
865 873 848
865 853 882
848 853 865
1036 1059 1042
1042 1026 1036
993 996 1011
1051 1031 1045
1003 1000 986
914 923 937
1265 1255 1282
1265 1244 1255
1248 1244 1265
1265 1282 1281
1281 1248 1265
1269 1262 1275
1275 1262 1247
1275 1247 1281
1281 1305 1275
1289 1327 1308
1289 1305 1327
1289 1285 1269
1308 1285 1289
1269 1275 1289
1289 1275 1305
1243 1242 1250
1242 1264 1250
1250 1253 1243
1250 1274 1253
1250 1264 1274
1061 1066 1041
1041 1037 1061
1041 1023 1037
966 975 972
972 951 966
958 980 966
966 980 975
966 940 958
951 940 966
879 870 861
861 856 879
856 866 879
866 894 879
879 894 903
1021 1025 998
998 1025 1005
1005 977 998
977 981 998
954 946 936
977 946 954
954 981 977
1072 1091 1087
1076 1091 1072
1072 1055 1076
1029 1017 1008
232 214 221
232 237 251
221 237 232
277 268 251
289 277 296
268 277 289
303 281 306
281 282 306
306 322 303
325 322 306
306 282 292
292 282 272
272 289 292
268 289 272
272 282 253
62 54 42
42 44 62
42 25 44
34 25 42
42 54 34
177 155 164
164 155 147
185 177 164
164 168 185
164 147 168
127 155 130
147 155 127
130 109 127
109 112 127
132 147 127
127 112 132
162 153 126
132 115 126
126 153 132
116 123 126
115 101 126
126 101 116
144 162 126
126 123 144
172 153 162
162 173 172
192 168 172
168 153 172
201 212 221
195 212 201
221 214 201
201 169 195
173 169 201
231 260 243
243 225 231
246 260 231
231 220 246
207 194 220
190 194 207
220 231 207
207 231 225
204 217 199
204 225 217
199 179 204
204 179 190
190 207 204
204 207 225
295 276 288
297 276 295
295 318 297
286 276 297
297 298 286
341 325 313
313 329 341
313 306 292
325 306 313
622 623 646
623 633 646
639 622 646
652 669 646
646 633 652
646 660 639
669 660 646
641 631 614
614 619 641
644 633 621
604 598 621
621 623 604
621 633 623
674 655 683
674 657 655
683 698 674
674 698 699
661 657 674
476 449 464
449 440 464
505 498 483
483 487 505
483 464 487
483 498 476
476 464 483
500 512 522
487 479 500
581 566 561
561 552 581
542 552 561
561 566 545
545 542 561
609 636 625
625 645 626
625 605 609
626 601 625
601 605 625
832 843 842
842 863 854
868 863 842
842 843 868
761 755 776
776 755 768
768 788 776
813 788 803
803 829 813
813 829 832
814 795 790
814 808 823
790 808 814
812 825 799
717 734 747
747 734 741
771 787 793
793 780 771
787 805 793
807 780 793
793 805 807
771 780 758
752 736 758
822 825 841
861 870 845
881 855 875
867 855 881
875 892 881
899 867 881
881 892 899
704 731 707
676 704 707
707 694 676
693 687 670
670 680 693
693 705 687
693 680 700
1128 1147 1127
1127 1109 1128
871 898 880
807 822 833
822 841 833
874 896 900
874 885 875
900 885 874
921 932 907
900 896 907
907 896 921
1024 1001 1028
1028 1034 1024
1024 1036 1009
1024 1034 1036
984 964 968
968 990 984
968 964 952
968 952 972
972 990 968
984 994 976
976 994 974
957 984 976
976 974 957
1002 1001 979
979 992 1002
974 992 979
947 962 932
947 979 962
864 880 897
921 896 897
897 915 921
897 880 898
912 915 897
897 898 912
930 952 942
942 911 930
891 883 870
891 903 916
916 911 891
911 883 891
870 879 891
891 879 903
82 88 62
82 101 88
62 78 82
82 78 99
99 101 82
250 258 245
250 245 229
256 271 250
250 235 256
229 235 250
275 294 293
271 294 275
293 284 275
284 258 275
275 250 271
258 250 275
264 254 241
241 249 264
285 254 264
283 290 269
269 264 249
269 290 285
285 264 269
259 284 274
274 255 259
283 263 279
279 304 283
279 263 255
255 274 279
307 290 283
283 304 307
314 290 307
307 324 314
304 324 307
183 161 167
335 324 317
317 324 304
350 367 343
343 324 350
350 324 335
335 366 350
350 366 367
352 355 372
352 333 355
372 366 352
352 366 335
41 24 35
35 56 41
38 24 41
41 68 38
41 56 68
128 151 152
152 151 174
170 151 148
170 148 165
174 151 170
170 196 174
170 165 188
188 196 170
68 89 85
85 89 102
85 94 68
102 94 85
157 158 166
182 194 166
166 160 182
166 158 160
144 141 145
145 169 144
163 169 145
141 136 145
145 136 163
180 184 163
180 179 199
199 211 191
191 180 199
184 180 191
191 211 195
195 184 191
181 179 157
190 179 181
157 166 181
181 194 190
181 166 194
157 179 156
468 480 459
459 445 468
438 445 459
459 452 438
459 480 493
493 465 459
459 465 452
730 734 712
712 705 730
741 734 730
730 756 741
738 756 730
424 444 441
444 466 441
441 466 457
441 430 424
457 430 441
491 466 477
490 491 477
477 461 490
444 461 477
477 466 444
495 466 491
495 491 516
516 506 495
562 564 544
532 562 544
544 529 532
548 529 544
544 564 548
531 530 546
546 530 528
528 550 546
546 550 571
539 547 549
549 547 565
587 565 573
565 547 573
566 585 573
545 566 573
573 547 545
602 587 573
573 585 602
504 507 533
533 521 504
492 507 504
489 513 509
489 484 513
489 469 472
472 484 489
499 521 513
513 484 499
492 504 499
499 504 521
431 401 419
402 401 431
426 402 431
426 431 446
446 431 455
472 469 446
446 455 472
419 436 439
439 431 419
455 431 439
462 485 470
470 442 462
443 460 462
462 442 443
481 498 511
511 485 481
481 460 476
476 498 481
481 462 460
485 462 481
511 498 520
520 526 511
520 498 505
520 505 537
537 526 520
568 557 556
583 568 556
556 567 583
556 526 537
423 412 422
422 412 397
427 414 435
427 411 414
364 368 341
383 368 364
376 401 402
354 368 376
383 401 376
376 368 383
376 402 385
385 360 376
376 360 354
440 433 418
423 440 418
418 400 423
1178 1188 1161
1202 1188 1178
1159 1185 1178
1185 1202 1178
1209 1202 1223
1243 1233 1223
1223 1233 1209
1223 1202 1218
1223 1242 1243
1218 1242 1223
1175 1181 1195
1160 1181 1175
1195 1173 1175
1110 1126 1096
1096 1079 1110
1110 1079 1080
1069 1080 1058
1069 1089 1080
1058 1046 1069
1046 1057 1069
1069 1057 1078
1078 1089 1069
1086 1078 1054
1086 1100 1078
1219 1210 1189
1189 1207 1219
1219 1207 1225
1225 1238 1219
1238 1210 1219
1187 1186 1203
1203 1222 1187
1197 1220 1203
1203 1186 1197
1203 1220 1229
1229 1222 1203
1273 1261 1258
1273 1276 1261
1259 1286 1273
1273 1258 1259
1286 1301 1273
1273 1301 1293
1293 1276 1273
1311 1316 1338
1311 1302 1316
1338 1339 1311
1311 1339 1322
1288 1302 1311
1322 1298 1311
1311 1298 1288
1077 1071 1051
1094 1071 1077
1104 1094 1115
1189 1172 1171
1171 1170 1189
1067 1053 1081
792 778 804
826 828 804
804 809 792
828 809 804
794 804 778
766 745 754
770 766 754
754 748 770
733 748 754
754 745 733
727 755 742
742 726 727
742 755 761
737 726 742
706 726 720
720 726 737
720 723 706
720 737 723
854 839 837
837 842 854
918 899 924
941 924 919
899 892 919
919 924 899
920 939 905
920 905 890
890 909 920
1022 999 1018
1018 999 1000
1018 1040 1022
1031 1040 1018
983 999 982
1000 999 983
983 986 1000
982 955 983
889 873 895
873 865 895
882 893 895
895 865 882
895 914 889
923 914 895
905 923 895
895 893 905
1059 1070 1038
1038 1042 1059
1070 1053 1038
1053 1033 1038
1026 1042 1038
1038 1033 1011
961 962 973
973 979 1001
962 979 973
1011 996 1010
1010 1038 1011
1026 1038 1010
1011 1033 1027
1019 1045 1031
1019 1000 1003
1031 1018 1019
1019 1018 1000
1007 993 1011
1011 1027 1007
945 939 959
986 983 959
959 955 945
959 983 955
1023 1041 1012
997 1023 1012
1012 989 997
1008 989 1012
1012 1029 1008
958 940 943
943 940 922
943 922 925
925 946 943
943 946 958
910 940 916
922 940 910
916 903 910
910 894 922
903 894 910
1065 1072 1087
1054 1032 1065
1065 1086 1054
1087 1086 1065
1032 1017 1049
1047 1055 1049
1055 1072 1049
1049 1065 1032
1072 1065 1049
1049 1029 1047
1017 1029 1049
251 268 247
247 232 251
233 214 247
214 232 247
309 289 296
292 289 309
309 313 292
329 313 309
189 172 173
173 201 189
192 172 189
189 214 192
189 201 214
261 276 262
276 286 262
262 243 261
378 382 358
358 363 378
351 363 358
358 336 351
331 336 318
351 336 331
311 334 331
331 334 351
616 621 598
616 614 631
616 631 644
644 621 616
603 619 590
619 614 590
590 583 603
590 568 583
572 568 590
661 674 685
685 682 661
697 682 685
685 699 697
685 674 699
440 451 463
463 464 440
487 464 463
463 479 487
475 479 458
458 463 451
479 463 458
515 522 539
515 500 522
539 505 515
505 487 515
487 500 515
645 625 643
643 625 636
643 663 645
643 636 663
781 776 788
781 813 800
788 813 781
761 776 781
835 814 823
823 849 835
835 849 856
795 814 819
814 835 819
799 787 783
783 812 799
709 690 696
709 704 690
709 716 704
696 695 719
719 695 717
719 709 696
716 709 719
736 716 719
717 747 719
729 731 704
704 716 729
752 731 729
729 736 752
729 716 736
771 758 749
749 758 736
749 747 771
736 719 749
749 719 747
816 784 815
763 784 757
757 739 763
739 753 763
806 780 807
807 833 806
752 758 772
772 758 780
825 812 827
827 845 825
812 819 827
852 841 825
825 845 852
871 841 852
715 694 714
694 707 714
714 707 731
714 739 715
714 731 739
721 751 738
732 751 721
721 700 732
721 693 700
1142 1147 1159
1142 1127 1147
844 833 859
859 833 841
864 844 859
859 880 864
859 841 871
871 880 859
896 874 878
864 897 878
878 897 896
921 915 935
912 927 935
935 915 912
935 927 957
929 951 952
952 930 929
916 940 929
929 940 951
929 911 916
929 930 911
265 269 249
242 263 265
265 249 242
265 263 283
283 269 265
150 161 134
150 167 161
134 128 150
128 152 150
174 167 150
150 152 174
186 205 213
213 200 186
174 205 186
186 167 174
186 200 183
183 167 186
304 279 300
300 317 304
300 279 274
300 274 284
333 352 328
317 300 328
335 317 328
328 352 335
120 119 138
114 124 138
138 119 114
124 157 138
157 156 138
705 693 713
713 730 705
738 730 713
713 721 738
693 721 713
457 466 478
466 495 478
531 546 553
553 569 563
563 534 553
534 531 553
570 571 591
570 546 571
570 591 589
589 569 570
569 553 570
570 553 546
456 439 436
456 442 470
436 442 456
541 556 557
526 556 541
557 538 541
541 538 511
511 526 541
551 556 537
567 556 551
537 539 551
539 549 551
565 567 551
551 549 565
450 451 423
423 422 450
450 458 451
450 422 437
475 458 450
447 427 435
437 427 447
411 427 416
397 411 416
416 422 397
437 422 416
416 427 437
341 329 345
345 364 341
1139 1126 1157
1157 1166 1139
1157 1173 1166
1106 1089 1101
1080 1089 1106
1106 1110 1080
1109 1127 1102
1087 1109 1102
1102 1086 1087
1194 1213 1192
1210 1213 1194
1192 1168 1194
1194 1168 1172
1194 1172 1189
1189 1210 1194
1236 1213 1224
1224 1213 1210
1224 1245 1236
1224 1210 1238
1238 1245 1224
1104 1115 1123
1123 1137 1151
1123 1115 1137
1148 1169 1140
1170 1171 1153
1158 1137 1153
1153 1172 1158
1153 1171 1172
1060 1045 1035
1053 1067 1050
1050 1033 1053
1050 1060 1035
1067 1060 1050
1035 1027 1050
1050 1027 1033
750 737 764
761 781 764
764 742 761
737 742 764
817 837 839
820 813 832
800 813 820
832 842 820
842 837 820
820 817 800
837 817 820
941 950 953
969 956 953
961 973 987
987 973 1001
969 953 970
970 953 950
970 987 991
970 950 961
961 987 970
906 907 932
906 885 900
900 907 906
892 885 906
906 919 892
1026 1010 995
1009 1026 995
995 991 1009
969 970 995
995 970 991
995 1010 996
918 924 931
939 920 926
926 920 909
996 993 978
933 909 904
933 904 918
918 931 933
933 931 956
1003 986 988
1014 1027 1035
1014 1007 1027
1014 988 1007
1003 988 1014
1014 1019 1003
1035 1045 1014
1045 1019 1014
1043 1012 1041
1043 1041 1066
1047 1029 1043
1029 1012 1043
1043 1055 1047
1066 1055 1043
233 247 252
253 233 252
252 272 253
268 272 252
252 247 268
296 277 299
277 287 299
298 312 299
299 287 298
248 237 228
234 217 243
243 262 234
262 248 234
234 248 228
228 211 234
234 211 217
311 331 308
291 311 308
318 295 308
308 331 318
308 288 291
308 295 288
595 616 598
595 577 572
595 598 577
614 616 595
572 590 595
595 590 614
840 856 861
840 835 856
840 819 835
840 827 819
861 845 840
845 827 840
777 795 798
795 819 798
798 819 812
798 783 777
812 783 798
773 783 787
773 787 771
771 747 773
789 815 784
801 815 789
784 763 789
875 855 860
860 874 875
847 878 874
847 844 864
864 878 847
780 806 782
782 772 780
862 845 870
862 852 845
870 883 862
862 883 871
871 852 862
1159 1178 1143
1143 1142 1159
1161 1141 1143
1143 1178 1161
1143 1141 1124
1127 1142 1143
921 935 928
928 935 947
928 932 921
928 947 932
947 935 960
974 979 960
979 947 960
957 974 960
960 935 957
305 284 293
305 300 284
293 319 305
139 136 120
120 138 139
486 495 506
486 478 495
506 502 486
439 456 473
473 499 484
492 499 473
455 439 473
473 470 492
473 456 470
473 484 472
472 455 473
496 479 475
512 500 496
496 500 479
514 494 497
514 542 523
527 542 514
523 512 514
512 496 514
514 496 494
323 345 329
323 309 296
329 309 323
296 299 323
323 299 312
1110 1106 1133
1118 1102 1127
1124 1100 1118
1118 1143 1124
1127 1143 1118
1100 1086 1099
1086 1102 1099
1099 1118 1100
1102 1118 1099
1132 1140 1125
1119 1148 1132
1148 1140 1132
1137 1115 1107
1107 1115 1094
1094 1077 1107
1108 1132 1125
1081 1098 1108
1108 1098 1119
1119 1132 1108
1170 1153 1156
1156 1153 1125
1125 1140 1156
1169 1170 1156
1156 1140 1169
1121 1153 1137
1137 1107 1121
1121 1107 1112
1121 1112 1125
1125 1153 1121
1045 1060 1068
1051 1045 1068
1068 1077 1051
750 764 762
762 764 794
762 743 750
759 743 762
762 778 759
762 794 778
818 839 826
818 817 839
794 817 818
826 804 818
804 794 818
800 817 797
797 817 794
794 764 797
797 781 800
797 764 781
1001 1024 1004
1004 987 1001
991 987 1004
1009 991 1004
1004 1024 1009
934 906 932
934 932 961
961 950 934
934 950 941
941 919 934
919 906 934
969 995 985
985 995 996
996 978 985
985 956 969
985 978 956
944 953 956
956 931 944
941 953 944
944 924 941
944 931 924
939 926 948
938 926 909
909 933 938
938 933 949
949 948 938
938 948 926
956 978 963
963 933 956
949 933 963
270 286 298
298 287 270
270 262 286
270 248 262
251 237 267
237 248 267
267 277 251
267 287 277
267 270 287
248 270 267
760 747 741
760 773 747
741 756 760
760 756 777
777 783 760
783 773 760
801 806 821
847 836 821
821 815 801
821 836 815
801 789 796
796 806 801
796 782 806
316 328 300
300 305 316
333 328 316
319 333 316
316 305 319
149 138 156
149 139 138
179 180 149
149 156 179
149 180 163
163 136 149
136 139 149
502 497 482
497 467 482
482 486 502
435 430 453
453 430 457
453 447 435
453 467 447
437 447 471
447 467 471
497 494 471
471 467 497
475 450 471
471 450 437
471 496 475
494 496 471
527 514 517
517 514 497
517 497 502
534 527 517
517 502 534
345 323 346
1126 1110 1129
1110 1133 1129
1145 1177 1160
1124 1141 1145
1161 1177 1145
1145 1141 1161
1125 1112 1097
1097 1108 1125
967 988 986
816 815 838
815 836 838
838 824 816
838 855 824
838 860 855
846 847 874
846 836 847
874 860 846
860 838 846
846 838 836
834 821 806
834 833 844
834 806 833
844 847 834
847 821 834
772 782 775
782 796 775
775 753 752
752 772 775
775 763 753
775 789 763
775 796 789
478 486 474
486 482 474
457 478 474
474 453 457
474 482 467
467 453 474
327 298 315
327 312 298
315 318 340
318 336 340
340 327 315
347 327 340
336 358 340
332 347 353
353 346 332
312 327 332
332 327 347
332 323 312
332 346 323
369 346 353
364 345 369
345 346 369
410 433 428
428 395 410
410 418 433
382 400 410
400 418 410
428 429 407
407 395 428
1152 1157 1126
1126 1129 1152
1152 1175 1173
1173 1157 1152
1160 1175 1152
1152 1129 1133
1124 1145 1120
1120 1145 1133
1101 1124 1120
1120 1106 1101
1120 1133 1106
1092 1097 1112
1077 1068 1092
1092 1107 1077
1112 1107 1092
939 948 965
948 967 965
965 959 939
986 959 965
965 967 986
971 948 949
971 967 948
949 963 971
993 1007 971
971 978 993
971 963 978
1007 988 971
988 967 971
370 358 382
370 340 358
381 409 383
383 364 381
364 369 381
395 407 375
375 380 395
375 369 353
1160 1152 1146
1146 1152 1133
1146 1145 1160
1133 1145 1146
1075 1068 1060
1075 1092 1068
1097 1092 1075
386 370 382
382 410 386
386 410 395
395 380 386
353 347 365
347 340 365
340 370 365
365 386 380
370 386 365
365 375 353
380 375 365
394 375 407
409 381 394
394 381 369
369 375 394
1082 1060 1067
1082 1075 1060
1097 1075 1082
1108 1097 1082
1082 1067 1081
1081 1108 1082
421 409 415
409 394 415
415 394 407
415 429 421
415 407 429
