0.964025 0.307641 -1.52291e-07 2.42409 
0.964025 0.30764 -7.62891e-08 2.42409 
0.964003 0.307543 -2.73379e-05 2.42401 
0.957518 0.114867 -0.000305036 2.39647 
0.961748 0.120206 -0.00509374 2.4104 
0.958123 0.219479 0.00428961 2.40225 
0.964026 0.307641 2.38332e-07 2.42409 
0.964026 0.307641 4.46283e-07 2.42409 
0.964025 0.307641 2.81365e-07 2.42409 
0.964025 0.307641 7.64727e-08 2.42409 
0.964026 0.307641 4.52901e-07 2.42409 
0.964025 0.307641 2.83614e-07 2.42409 
0.964929 0.307759 0.00216745 2.42705 
0.964027 0.307642 6.55515e-07 2.42409 
0.964025 0.307642 5.49952e-07 2.42409 
0.964026 0.307644 1.90931e-06 2.42409 
0.964026 0.307644 1.48631e-06 2.42409 
0.964026 0.307642 1.55791e-07 2.42409 
0.964027 0.307838 -3.25394e-05 2.42408 
0.964201 0.30669 0.000691486 2.42437 
0.963992 0.308291 -1.09362e-05 2.42407 
0.964042 0.307646 2.08303e-05 2.42415 
0.952292 0.135155 -0.000260291 2.38015 
0.964043 0.307529 -3.09176e-05 2.4241 
0.964027 0.307642 -8.51605e-07 2.42409 
0.964028 0.307642 -3.15387e-06 2.4241 
0.964025 0.307641 -4.79401e-08 2.42409 
0.964025 0.307641 -3.22082e-07 2.42409 
0.964025 0.307641 -1.82837e-07 2.42409 
0.964026 0.307641 -4.73294e-07 2.42409 
0.964026 0.307641 -1.20087e-06 2.42409 
0.964026 0.307641 -1.19475e-06 2.42409 
0.964045 0.307591 3.21306e-05 2.42415 
0.96408 0.307528 0.000114488 2.42426 
0.964 0.307536 2.99928e-05 2.424 
0.964026 0.307628 -1.81493e-05 2.42409 
0.964025 0.307637 1.87114e-05 2.42409 
0.964027 0.307642 1.41702e-06 2.42409 
0.951693 0.108515 -0.000492811 2.37588 
0.94951 0.13425 -0.00108143 2.36987 
0.966766 0.316732 0.00308067 2.43375 
0.967234 0.345093 0.00220782 2.43868 
0.969232 0.330945 -0.00140359 2.44346 
0.96816 0.320198 0.00300764 2.43848 
0.952894 0.114236 0.00554809 2.38255 
0.953549 0.111261 -0.00267552 2.38289 
0.953999 0.113549 -0.00512035 2.38365 
0.954413 0.112551 0.00413093 2.38774 
0.968657 0.246347 0.000942716 2.43658 
0.954085 0.240908 0.00354177 2.39076 
0.964026 0.307641 3.15144e-07 2.42409 
0.964026 0.307641 5.32992e-07 2.42409 
0.964026 0.307641 1.33487e-06 2.42409 
0.964027 0.307641 2.49167e-06 2.42409 
0.964026 0.307641 1.46188e-06 2.42409 
0.964025 0.307641 -4.46848e-08 2.42409 
0.964025 0.307641 7.20447e-08 2.42409 
0.964025 0.307641 -5.10266e-08 2.42409 
0.964025 0.307641 5.66001e-08 2.42409 
0.964029 0.307641 5.18747e-06 2.4241 
0.96403 0.307642 6.61768e-06 2.42411 
0.964026 0.307641 -2.99893e-07 2.42409 
0.964026 0.307641 -4.81074e-07 2.42409 
0.964026 0.307641 -1.28921e-06 2.42409 
0.954114 0.111005 0.00199986 2.38568 
0.961918 0.226225 0.00341647 2.41499 
0.966052 0.327704 0.000401805 2.43412 
0.964058 0.307662 -4.11541e-05 2.42421 
0.964104 0.307676 9.82177e-05 2.42437 
0.964055 0.307678 2.44551e-05 2.42422 
0.964094 0.307622 5.07731e-06 2.42438 
0.964027 0.307642 2.34523e-07 2.42409 
0.964082 0.307706 7.48062e-05 2.42429 
0.964058 0.307704 6.36385e-05 2.42421 
0.964027 0.307642 3.37081e-07 2.42409 
0.964028 0.307654 -8.72787e-06 2.4241 
0.964028 0.307646 -3.68738e-06 2.4241 
0.964026 0.307645 -1.97829e-06 2.42409 
0.964026 0.307642 2.06482e-07 2.42409 
0.964026 0.307642 8.40557e-07 2.42409 
0.964033 0.307656 -1.53637e-05 2.42412 
0.96411 0.30768 -9.95016e-05 2.42439 
0.962973 0.315689 -0.000464077 2.42284 
0.963369 0.304464 0.00227936 2.42117 
0.964128 0.304515 0.000747395 2.42403 
0.964098 0.307653 -7.63955e-05 2.42434 
0.964069 0.307654 -5.37332e-05 2.42424 
0.964062 0.307649 -4.57026e-05 2.42422 
0.964049 0.307645 -2.8165e-05 2.42417 
0.964065 0.307649 -4.41241e-05 2.42423 
0.964064 0.307645 -4.27389e-05 2.42422 
0.96405 0.307644 -2.96574e-05 2.42417 
0.964066 0.308163 0.000303096 2.42452 
0.965189 0.305556 0.00187704 2.42801 
0.964787 0.306431 0.00146804 2.42701 
0.95455 0.103626 0.00337317 2.38585 
0.953061 0.22932 0.00518667 2.38696 
0.965375 0.225313 -0.00317121 2.42454 
0.958929 0.126645 -0.00396664 2.3999 
0.958293 0.135128 -0.00140531 2.40049 
0.965055 0.249458 -0.00955278 2.42603 
0.949778 0.133831 0.00118252 2.37071 
0.959931 0.256536 0.00481105 2.40934 
0.96587 0.324017 0.00106949 2.43224 
0.952128 0.10874 0.000512619 2.37737 
0.952433 0.234266 0.00648856 2.38336 
0.966782 0.316811 -0.00299128 2.4338 
0.967308 0.345031 -0.00198491 2.43889 
0.964132 0.308207 -5.21021e-05 2.42453 
0.96403 0.307644 -5.85933e-06 2.42411 
0.964027 0.307642 -1.55805e-06 2.42409 
0.964028 0.307642 2.25097e-06 2.4241 
0.964029 0.307643 4.80042e-06 2.4241 
0.964028 0.307642 -3.49649e-06 2.4241 
0.964029 0.307642 -4.6092e-06 2.4241 
0.964027 0.307642 -9.56886e-07 2.42409 
0.964027 0.307642 -1.52e-06 2.42409 
0.964027 0.307642 3.13811e-07 2.42409 
0.964028 0.307642 3.53036e-06 2.4241 
0.964029 0.307642 5.07488e-06 2.4241 
0.964048 0.30765 -2.58545e-05 2.42417 
0.964052 0.307653 -3.10583e-05 2.42418 
0.96407 0.307663 -5.40093e-05 2.42425 
0.964101 0.307701 -9.56828e-05 2.42437 
0.964137 0.307722 -0.000147861 2.42449 
0.964226 0.307707 -0.000254313 2.4248 
0.964027 0.307642 -1.67314e-06 2.42409 
0.964028 0.307642 -3.51564e-06 2.4241 
0.964028 0.307642 -3.82039e-06 2.4241 
0.968252 0.349024 0.00160127 2.441 
0.968828 0.322942 0.00355843 2.4406 
0.96405 0.307645 2.45923e-05 2.42418 
0.964025 0.30764 4.80107e-08 2.42409 
0.964026 0.307641 -3.80267e-07 2.42409 
0.964025 0.307641 -1.48379e-07 2.42409 
0.964024 0.30765 -6.94133e-06 2.42408 
0.964035 0.307654 -7.5324e-06 2.42412 
0.964031 0.307636 5.09561e-06 2.4241 
0.964026 0.307638 1.68479e-06 2.42409 
0.964027 0.307638 4.30867e-06 2.42409 
0.964028 0.30764 2.15003e-06 2.4241 
0.964029 0.307639 5.30367e-06 2.4241 
0.964026 0.307641 1.13127e-06 2.42409 
0.964027 0.307641 1.83302e-06 2.42409 
0.964029 0.307641 4.34332e-06 2.4241 
0.964059 0.30763 2.97995e-05 2.4242 
0.964037 0.307634 8.05406e-06 2.42413 
0.964126 0.30762 -1.43364e-05 2.42437 
0.968678 0.329787 0.00638983 2.4411 
0.964196 0.307526 -0.000233982 2.42466 
0.964379 0.307806 -0.000460739 2.42527 
0.964037 0.307604 -1.79311e-05 2.42413 
0.964084 0.307526 -0.000117323 2.42426 
0.964115 0.307564 -0.000138316 2.42438 
0.964023 0.307651 6.74669e-06 2.42408 
0.964033 0.307656 7.1997e-06 2.42411 
0.964026 0.307637 -1.22395e-06 2.42409 
0.974188 0.249701 0.00724498 2.45401 
0.963477 0.257587 0.0141112 2.42297 
0.959074 0.136507 0.00716593 2.40236 
0.964145 0.307704 0.000125475 2.42452 
0.970754 0.341605 0.012292 2.45018 
0.968972 0.325565 0.00568421 2.44372 
0.964028 0.307643 3.54686e-06 2.4241 
0.964029 0.307643 4.81039e-06 2.4241 
0.951979 0.234053 -0.00704598 2.38187 
0.959623 0.256806 -0.00505885 2.40837 
0.96659 0.33057 0.00732689 2.43331 
0.969237 0.14552 0.018999 2.42779 
0.967099 0.259305 0.0132741 2.434 
0.954799 0.135272 0.00465056 2.38842 
0.957534 0.258539 0.00572213 2.40354 
0.964137 0.308229 4.92398e-05 2.42455 
0.964048 0.307551 4.3046e-05 2.42411 
0.964135 0.307673 3.36526e-06 2.42441 
0.964877 0.326706 0.00182457 2.42751 
0.967941 0.243025 0.00265308 2.43362 
0.953531 0.240863 0.00402034 2.38969 
0.964282 0.30434 0.00216424 2.42453 
0.964026 0.307641 3.24898e-07 2.42409 
0.964026 0.307641 -1.21169e-06 2.42409 
0.964026 0.307641 -3.38006e-07 2.42409 
0.964026 0.307641 -1.05044e-06 2.42409 
0.964027 0.307641 2.19997e-06 2.42409 
0.964028 0.307641 3.7238e-06 2.4241 
0.964027 0.307641 1.28266e-06 2.42409 
0.964026 0.307641 9.97867e-07 2.42409 
0.964032 0.30764 -9.84019e-06 2.42411 
0.964185 0.307528 -0.000203413 2.42463 
0.964142 0.307585 -0.000164714 2.4245 
0.956459 0.127992 0.00218044 2.39423 
0.956393 0.126877 -0.000118347 2.3936 
0.961676 0.241635 0.005049 2.41452 
0.965098 0.248015 0.00324425 2.425 
0.957274 0.133046 -0.00156253 2.39556 
0.96527 0.307121 0.00235737 2.42849 
0.964943 0.308529 0.000999943 2.42747 
0.964283 0.307655 0.000267542 2.42496 
0.965899 0.334985 0.00363578 2.43242 
0.957766 0.123104 0.000135033 2.3963 
0.964029 0.307643 -4.2321e-06 2.4241 
0.964033 0.307644 -9.03259e-06 2.42412 
0.964217 0.30765 0.000235891 2.42477 
0.964029 0.307642 3.87798e-06 2.4241 
0.964028 0.307642 3.55463e-06 2.4241 
0.951161 0.133307 -0.00366902 2.37725 
0.960685 0.103309 -0.00428577 2.40452 
0.953822 0.100098 -0.000473037 2.3838 
0.960946 0.254636 -0.00602929 2.41421 
0.953017 0.226901 -0.00882395 2.38597 
0.966324 0.342114 -0.00206019 2.43481 
0.964027 0.307642 1.36837e-06 2.42409 
0.964027 0.307642 1.2518e-06 2.42409 
0.964053 0.30765 3.5417e-05 2.42418 
0.964053 0.307655 3.55703e-05 2.42419 
0.964076 0.307676 5.97583e-05 2.42427 
0.964098 0.307679 0.000107898 2.42434 
0.964086 0.307657 7.92244e-05 2.4243 
0.964028 0.307658 1.37845e-05 2.42411 
0.964035 0.307662 2.16031e-05 2.42413 
0.964028 0.307643 2.01656e-06 2.4241 
0.964032 0.307647 9.44824e-06 2.42411 
0.964041 0.307649 1.7025e-05 2.42414 
0.964034 0.307645 1.09252e-05 2.42412 
0.964027 0.307643 -2.48581e-06 2.4241 
0.964026 0.307642 -1.18843e-06 2.42409 
0.964026 0.307642 -3.94373e-07 2.42409 
0.964026 0.307643 -1.86497e-06 2.42409 
0.964025 0.307642 -5.54988e-07 2.42409 
0.964026 0.307642 -3.28752e-07 2.42409 
0.96404 0.30767 -1.13039e-05 2.42415 
0.964042 0.30768 -3.53446e-05 2.42416 
0.964049 0.307632 4.2767e-06 2.42419 
0.964164 0.30866 0.000139639 2.42478 
0.964554 0.308216 -0.00108441 2.42629 
0.964132 0.307693 -0.000134591 2.42446 
0.964103 0.30767 -0.000100024 2.42436 
0.964102 0.307661 -9.24284e-05 2.42436 
0.964128 0.307669 -0.000129411 2.42445 
0.964351 0.307637 -0.00042044 2.42525 
0.964272 0.307697 -0.000296909 2.42494 
0.96403 0.307643 -5.60651e-06 2.4241 
0.96404 0.307646 -1.88007e-05 2.42414 
0.964051 0.307647 -3.12843e-05 2.42418 
0.964059 0.307653 -4.40963e-05 2.42421 
0.964047 0.307647 -2.69281e-05 2.42417 
0.964029 0.307644 -4.67419e-06 2.4241 
0.96403 0.307643 -5.37612e-06 2.4241 
0.964028 0.307643 -3.67004e-06 2.4241 
0.964026 0.307642 -7.29049e-07 2.42409 
0.964027 0.307642 -1.4633e-06 2.42409 
0.964027 0.307642 -7.98977e-07 2.42409 
0.963243 0.246752 0.00196006 2.43268 
0.962005 0.322468 -0.000369032 2.41627 
0.962841 0.305082 -0.000414427 2.41962 
0.962858 0.304369 0.000181334 2.42009 
0.963576 0.306621 0.000544165 2.42261 
0.96405 0.307649 -2.90684e-05 2.42418 
0.964029 0.307642 -4.46778e-06 2.4241 
0.964033 0.307643 -9.56764e-06 2.42412 
0.957852 0.141821 -0.00518091 2.39855 
0.960116 0.236946 0.00334874 2.40913 
0.956545 0.115981 -0.00509321 2.39524 
0.968132 0.346547 0.00536144 2.44249 
0.966511 0.32016 0.00506457 2.43717 
0.957869 0.112834 -0.00213585 2.39828 
0.973657 0.247106 0.00843838 2.45542 
0.960355 0.135961 0.0107796 2.40688 
0.960876 0.261465 0.0131895 2.41211 
0.953496 0.108907 -0.000524962 2.38301 
0.956467 0.113112 -0.00545206 2.39205 
0.95827 0.115543 0.00424247 2.40027 
0.9649 0.304821 0.00122857 2.42718 
0.964409 0.30398 0.00271787 2.42555 
0.965527 0.32633 0.00279572 2.42935 
0.966008 0.316325 0.00270988 2.43157 
0.958201 0.244019 0.00658397 2.40404 
0.971753 0.246839 0.00258007 2.44706 
0.964084 0.30766 7.59949e-05 2.4243 
0.9642 0.307594 9.54995e-05 2.42473 
0.964099 0.307704 9.70074e-05 2.42436 
0.96409 0.307641 7.23703e-05 2.42432 
0.96407 0.307661 4.05016e-05 2.42425 
0.96413 0.307593 6.9648e-05 2.42445 
0.9641 0.307724 7.70584e-05 2.42436 
0.964528 0.308163 0.000612693 2.4259 
0.964919 0.308777 0.000993854 2.42731 
0.964199 0.307685 0.000257726 2.4247 
0.96423 0.307709 0.000323923 2.42486 
0.960858 0.120126 -0.00492953 2.40738 
0.95684 0.114604 -0.000427908 2.39421 
0.968059 0.318563 -0.0023737 2.43785 
0.965732 0.300555 0.000793645 2.42934 
0.967454 0.34582 -0.000607307 2.43751 
0.964682 0.308452 0.00115311 2.42645 
0.966644 0.307927 0.00145345 2.43324 
0.964574 0.305434 0.000906306 2.42625 
0.960234 0.137902 0.00775148 2.40651 
0.968767 0.315495 0.0062629 2.44023 
0.967094 0.319724 0.00263329 2.4355 
0.965835 0.30538 -0.000845965 2.42997 
0.949808 0.135078 -0.00297718 2.37226 
0.964644 0.32047 -0.002366 2.42694 
0.967703 0.32749 -0.00144892 2.43692 
0.964107 0.306301 0.00336044 2.42402 
0.96467 0.30845 0.00137989 2.42648 
0.96452 0.308314 0.000489358 2.42589 
0.964923 0.304507 0.000663672 2.42671 
0.964861 0.308652 0.00108189 2.42708 
0.964505 0.308014 0.000579218 2.42579 
0.965328 0.305499 0.00213991 2.42837 
0.965407 0.300806 0.000471758 2.42783 
0.957885 0.134395 0.00573242 2.39888 
0.97297 0.2497 0.00705834 2.4501 
0.962164 0.256594 0.0127888 2.41847 
0.967188 0.329697 0.00588095 2.43475 
0.970562 0.341499 0.010814 2.44949 
0.968665 0.315645 0.00686692 2.43991 
0.964627 0.342001 -0.00139037 2.42989 
0.958516 0.250477 0.000194266 2.4043 
0.952828 0.128173 0.000812527 2.38031 
0.958496 0.246071 0.00526982 2.40631 
0.969303 0.325249 0.00438485 2.44405 
0.965778 0.305479 0.00454342 2.42968 
0.965958 0.306472 0.00177285 2.43076 
0.966042 0.324551 0.00075355 2.43328 
0.96808 0.346093 0.00316515 2.44268 
0.965506 0.30541 0.00299892 2.42893 
0.965985 0.305389 0.00258958 2.43029 
0.967324 0.338321 -0.00769147 2.43808 
0.954205 0.136926 0.00254336 2.38661 
0.966692 0.345953 0.00167038 2.43514 
0.963846 0.321792 0.00201581 2.4253 
0.964221 0.304626 -0.000692489 2.4245 
0.954537 0.113817 0.00523298 2.38551 
0.966571 0.33071 -0.00724289 2.43327 
0.969164 0.145632 -0.0190307 2.42757 
0.966995 0.259437 -0.0132197 2.4337 
0.954786 0.134794 -0.00458041 2.38836 
0.957397 0.258274 -0.00550393 2.40308 
0.96386 0.304688 -2.61459e-06 2.42311 
0.963337 0.299344 -0.000438141 2.42083 
0.963987 0.308954 0.000278389 2.42424 
0.964108 0.307865 0.000438981 2.42439 
0.964027 0.307642 1.0925e-06 2.42409 
0.964027 0.307642 3.17366e-07 2.42409 
0.964028 0.307642 3.0944e-06 2.4241 
0.964028 0.307642 3.52955e-06 2.4241 
0.953341 0.105878 -0.00339994 2.38547 
0.958233 0.100418 -4.27387e-05 2.39736 
0.964064 0.307641 -4.59454e-05 2.42422 
0.964105 0.307664 -9.63069e-05 2.42437 
0.964314 0.307452 -0.000291004 2.42504 
0.964648 0.307881 -0.000757742 2.42629 
0.964978 0.308537 -0.00121499 2.42749 
0.96573 0.305912 -0.0026124 2.42962 
0.964032 0.307643 -8.46943e-06 2.42411 
0.964036 0.307644 -1.3305e-05 2.42413 
0.964035 0.307644 -1.16574e-05 2.42412 
0.964035 0.307644 -1.15662e-05 2.42412 
0.96403 0.307642 -5.57895e-06 2.4241 
0.964029 0.307642 -4.28268e-06 2.4241 
0.96403 0.307642 -5.55782e-06 2.4241 
0.964042 0.307645 -2.04797e-05 2.42415 
0.964027 0.307642 -1.53417e-06 2.42409 
0.964027 0.307642 -8.47132e-07 2.42409 
0.964027 0.307642 5.41382e-07 2.42409 
0.964028 0.307642 3.5607e-06 2.4241 
0.964028 0.307642 3.67802e-06 2.4241 
0.964027 0.307642 -8.92666e-07 2.42409 
0.96406 0.307646 3.79074e-05 2.42421 
0.96403 0.307642 5.43624e-06 2.4241 
0.964037 0.307646 -1.45505e-05 2.42413 
0.964028 0.307642 -3.5922e-06 2.4241 
0.964037 0.307646 -1.37597e-05 2.42413 
0.964256 0.307604 -0.000288262 2.42487 
0.964263 0.30761 -0.000290075 2.4249 
0.964146 0.307692 -0.000149252 2.42452 
0.964153 0.3077 -0.000152153 2.42454 
0.964338 0.307684 -0.000487474 2.42521 
0.964808 0.30832 -0.00101874 2.42685 
0.964981 0.309039 -0.00122213 2.42756 
0.964339 0.307744 -0.000414482 2.42524 
0.964543 0.308525 -0.000742234 2.42599 
0.964765 0.309158 -0.00106064 2.42685 
0.964035 0.307646 -1.20325e-05 2.42412 
0.964037 0.307644 -1.34305e-05 2.42413 
0.964033 0.307644 -9.12541e-06 2.42412 
0.964033 0.307644 8.66477e-06 2.42412 
0.964029 0.307642 4.39241e-06 2.4241 
0.96403 0.307642 -4.94607e-06 2.4241 
0.964029 0.307642 -4.97942e-06 2.4241 
0.964028 0.307642 -3.59551e-06 2.4241 
0.964027 0.307642 -1.04828e-06 2.42409 
0.964027 0.307642 1.66541e-07 2.42409 
0.964027 0.307642 -1.72236e-06 2.42409 
0.964027 0.307642 -1.91735e-06 2.4241 
0.964027 0.307642 -1.30551e-06 2.42409 
0.964027 0.307642 -1.46128e-06 2.42409 
0.96403 0.307643 -6.60806e-06 2.42411 
0.96404 0.307649 -1.89841e-05 2.42414 
0.964033 0.307645 -8.68975e-06 2.42411 
0.964029 0.307643 -4.67766e-06 2.4241 
0.964033 0.307645 -9.79645e-06 2.42412 
0.96403 0.307643 -6.13591e-06 2.42411 
0.964028 0.307642 -2.87524e-06 2.4241 
0.964028 0.307642 -3.20496e-06 2.4241 
0.960822 0.224193 -0.00124214 2.41054 
0.971959 0.338985 0.00836729 2.45286 
0.969359 0.318824 0.00782386 2.44281 
0.959723 0.241231 0.00314186 2.40998 
0.958251 0.139138 0.00632361 2.40013 
0.962641 0.256174 0.0137296 2.41901 
0.954378 0.121375 -0.00770142 2.38751 
0.969725 0.253475 -0.0008032 2.44222 
0.964027 0.307642 1.09928e-06 2.42409 
0.964027 0.307642 1.25349e-06 2.42409 
0.96403 0.307643 5.32605e-06 2.4241 
0.95076 0.136619 0.000576721 2.37526 
0.961227 0.260312 -0.00233679 2.41372 
0.971251 0.247479 0.00500156 2.44399 
0.967812 0.330011 0.00535046 2.43635 
0.964044 0.307643 1.97535e-05 2.42415 
0.964042 0.307642 2.0067e-05 2.42415 
0.964035 0.307645 1.06575e-05 2.42412 
0.964051 0.307653 2.93991e-05 2.42418 
0.964057 0.307653 3.87564e-05 2.4242 
0.964063 0.307654 4.56949e-05 2.42422 
0.96407 0.307659 5.30947e-05 2.42425 
0.964113 0.307675 9.50828e-05 2.4244 
0.964042 0.30764 2.42602e-05 2.42414 
0.964035 0.307638 1.30251e-05 2.42412 
0.964035 0.307636 1.19019e-05 2.42412 
0.964039 0.307632 1.7293e-05 2.42413 
0.964046 0.307637 -1.29906e-05 2.42416 
0.964026 0.30764 -9.6806e-07 2.42409 
0.964026 0.307638 -2.91797e-06 2.42409 
0.964033 0.307634 -1.08263e-05 2.42411 
0.964028 0.307637 -3.42791e-06 2.4241 
0.964033 0.307636 -3.71937e-06 2.42411 
0.964027 0.30764 -2.0576e-06 2.42409 
0.96403 0.307638 -5.692e-06 2.4241 
0.964846 0.308569 0.00114914 2.42706 
0.965136 0.308818 0.000960893 2.42818 
0.965504 0.30543 0.00251963 2.42877 
0.965469 0.305177 0.00343437 2.429 
0.95303 0.105256 -0.0013236 2.37932 
0.964496 0.308321 0.000683455 2.42587 
0.96438 0.307694 0.000404157 2.42536 
0.96406 0.307639 4.50587e-05 2.42421 
0.964071 0.307651 5.63366e-05 2.42425 
0.964069 0.307652 5.04679e-05 2.42424 
0.964056 0.307648 3.90892e-05 2.4242 
0.964773 0.308423 0.000880006 2.42683 
0.964356 0.307611 0.000493162 2.42524 
0.964214 0.307599 0.000237283 2.42474 
0.964037 0.307644 1.31369e-05 2.42413 
0.964034 0.307645 9.77135e-06 2.42412 
0.96403 0.307643 5.16294e-06 2.4241 
0.962485 0.106803 -0.00242562 2.41006 
0.95189 0.104078 -0.00119 2.37906 
0.972662 0.239644 0.0096139 2.44807 
0.960505 0.143817 0.00825386 2.4072 
0.959551 0.25571 0.00651475 2.41027 
0.967414 0.315499 0.00462688 2.43564 
0.965484 0.32684 0.00541013 2.42976 
0.964145 0.307704 0.000149901 2.42451 
0.966566 0.345967 -0.00192977 2.43473 
0.964088 0.307881 -0.000529729 2.42433 
0.963981 0.308976 -0.000329161 2.42423 
0.963842 0.304668 5.83946e-06 2.42305 
0.963302 0.299266 0.000389763 2.42072 
0.964066 0.307656 6.87642e-05 2.42423 
0.964052 0.307651 4.06377e-05 2.42418 
0.964082 0.307662 6.02674e-05 2.42429 
0.964062 0.307665 4.63796e-05 2.42422 
0.964166 0.307477 0.000137204 2.42454 
0.964119 0.307579 0.000123186 2.42439 
0.964102 0.307566 0.000113316 2.42435 
0.964272 0.307819 0.000340516 2.42494 
0.964857 0.305085 0.000915252 2.42639 
0.964026 0.307641 5.85334e-07 2.42409 
0.964026 0.307641 -5.34072e-07 2.42409 
0.964027 0.307641 -1.25852e-06 2.42409 
0.964028 0.307641 3.20992e-06 2.4241 
0.964027 0.307641 1.13236e-06 2.42409 
0.964044 0.307639 2.28733e-05 2.42415 
0.964037 0.307643 1.34381e-05 2.42413 
0.964086 0.307631 7.63699e-05 2.4243 
0.964083 0.307654 6.07567e-05 2.42429 
0.964052 0.307649 -3.30516e-05 2.42418 
0.964207 0.30768 -0.00025898 2.42474 
0.964135 0.307708 -0.000134253 2.42449 
0.964112 0.307691 -0.00010376 2.4244 
0.964124 0.307704 -0.000122191 2.42445 
0.964044 0.30764 -2.08453e-05 2.42415 
0.964043 0.307642 -2.5267e-05 2.42415 
0.964044 0.307637 -2.58018e-05 2.42415 
0.964097 0.30765 -9.68054e-05 2.42434 
0.964082 0.307643 -7.45248e-05 2.42428 
0.964054 0.30764 -3.54946e-05 2.42418 
0.964174 0.307637 -0.000205349 2.42459 
0.964205 0.307644 -0.000258011 2.42473 
0.964057 0.307648 4.01337e-05 2.4242 
0.964057 0.30765 3.88303e-05 2.4242 
0.964041 0.307646 2.00423e-05 2.42414 
0.964038 0.307645 1.55127e-05 2.42413 
0.964037 0.307645 1.44484e-05 2.42413 
0.964042 0.307648 2.04483e-05 2.42415 
0.964028 0.307642 2.16566e-06 2.4241 
0.964027 0.307642 9.62098e-07 2.42409 
0.964029 0.307643 4.76599e-06 2.4241 
0.964031 0.307643 7.47608e-06 2.42411 
0.964032 0.307643 7.78622e-06 2.42411 
0.955665 0.121901 0.000796671 2.38865 
0.965307 0.308279 0.000765291 2.42865 
0.966358 0.320593 -0.000653374 2.43312 
0.966281 0.33615 0.00308951 2.43431 
0.954826 0.239923 -0.0010538 2.39456 
0.966245 0.259393 0.00248019 2.43145 
0.971998 0.336809 -0.000533252 2.4543 
0.964612 0.308039 0.000533985 2.42609 
0.964916 0.305273 0.00258774 2.42644 
0.964184 0.307504 0.000135941 2.42462 
0.964179 0.307689 -0.000112248 2.42469 
0.964084 0.307677 7.07934e-05 2.4243 
0.964121 0.307706 0.000132641 2.42443 
0.964173 0.307624 0.000144755 2.42463 
0.964211 0.307665 0.000231171 2.42475 
0.965806 0.305128 0.00165571 2.43026 
0.966275 0.306397 0.0029959 2.43152 
0.968602 0.320517 0.00150839 2.44006 
0.963786 0.300029 -0.000149086 2.42237 
0.963304 0.31936 -0.00123948 2.42339 
0.966046 0.319583 0.000939137 2.43103 
0.96468 0.308972 0.00126398 2.42653 
0.964314 0.305608 -0.00159492 2.42504 
0.964632 0.306867 0.00143309 2.4267 
0.964282 0.302474 -0.00175928 2.42528 
0.964278 0.30787 0.000150747 2.42511 
0.96423 0.307726 0.000218592 2.42479 
0.964667 0.307403 0.000887496 2.42633 
0.964387 0.307679 0.000246345 2.42545 
0.964362 0.307573 0.00023848 2.42522 
0.965682 0.306672 0.00199481 2.42953 
0.964946 0.308436 0.000963727 2.42729 
0.964648 0.308266 0.000795381 2.42633 
0.964195 0.307637 0.000217535 2.42468 
0.964126 0.307705 0.00013844 2.42446 
0.957843 0.106209 -0.00280146 2.39578 
0.969841 0.232372 0.00557869 2.43929 
0.955465 0.107941 0.00293027 2.3911 
0.954222 0.238639 0.000481129 2.39216 
0.964197 0.307296 0.000113122 2.42462 
0.964119 0.307586 4.46073e-05 2.42441 
0.964192 0.307603 0.00024311 2.42464 
0.964196 0.307525 0.000265078 2.42467 
0.95195 0.147668 -0.00109677 2.3807 
0.958122 0.135048 0.00786989 2.39851 
0.96867 0.336451 0.0110575 2.44231 
0.971358 0.230819 0.00562779 2.44334 
0.962994 0.251979 0.0154901 2.42012 
0.964034 0.307644 -1.01268e-05 2.42412 
0.950666 0.133749 4.898e-05 2.37433 
0.951727 0.119433 -0.00212381 2.37651 
0.954366 0.2355 -0.000242685 2.39295 
0.968441 0.250229 -0.000833863 2.43711 
0.970858 0.329008 0.00346189 2.44949 
0.969103 0.322538 -0.002599 2.44179 
0.95528 0.120051 0.00533266 2.38841 
0.952365 0.117856 0.000374481 2.37924 
0.959723 0.228534 0.00263629 2.40575 
0.964695 0.308333 -0.000915353 2.42658 
0.964382 0.30817 -0.000469878 2.42541 
0.964541 0.308524 -0.000844069 2.42595 
0.967441 0.327643 -0.000281662 2.43556 
0.964376 0.315963 -0.00182186 2.42623 
0.965109 0.32998 -0.00411735 2.42786 
0.964618 0.30655 -0.00114036 2.4263 
0.964196 0.307634 -0.000204095 2.42468 
0.964298 0.307671 -0.000280449 2.42506 
0.964029 0.307642 5.06847e-06 2.4241 
0.964034 0.307644 1.04974e-05 2.42412 
0.964595 0.308032 0.000571774 2.42608 
0.964377 0.307624 0.000390409 2.42528 
0.964308 0.307637 0.000362866 2.42506 
0.964742 0.308305 0.000991245 2.42659 
0.968357 0.323445 0.00546792 2.44095 
0.965092 0.304577 0.00199586 2.42759 
0.964101 0.307675 9.69374e-05 2.42436 
0.96406 0.307657 4.34162e-05 2.42421 
0.964051 0.307649 3.13714e-05 2.42418 
0.964061 0.307649 4.38269e-05 2.42421 
0.964145 0.307688 0.000134062 2.42451 
0.9641 0.307673 8.62621e-05 2.42435 
0.96403 0.307642 6.10032e-06 2.42411 
0.964034 0.307643 1.11888e-05 2.42412 
0.964037 0.307644 1.48764e-05 2.42413 
0.964053 0.307647 3.42583e-05 2.42419 
0.964072 0.307654 5.90212e-05 2.42425 
0.96404 0.307645 1.82667e-05 2.42414 
0.96404 0.307644 1.77693e-05 2.42414 
0.964027 0.307642 -1.26491e-06 2.42409 
0.964027 0.307642 5.8911e-07 2.42409 
0.964027 0.307642 1.22996e-06 2.42409 
0.964027 0.307642 -6.17324e-07 2.42409 
0.964027 0.307642 -1.29548e-06 2.42409 
0.964659 0.308536 -0.000796427 2.4264 
0.964813 0.304441 -0.000899841 2.42651 
0.964535 0.307949 -0.000251913 2.42594 
0.964029 0.307642 -4.23365e-06 2.4241 
0.964135 0.307674 -0.000156187 2.42448 
0.964408 0.307845 -0.000414693 2.4254 
0.964231 0.307646 -0.000285149 2.42482 
0.96404 0.307646 -1.7849e-05 2.42414 
0.964054 0.30765 -3.35408e-05 2.42419 
0.964043 0.307646 2.13159e-05 2.42415 
0.964055 0.307655 3.44564e-05 2.42419 
0.964034 0.307645 1.1421e-05 2.42412 
0.964028 0.307642 3.34165e-06 2.4241 
0.96403 0.307643 5.69515e-06 2.42411 
0.964029 0.307642 3.88845e-06 2.4241 
0.964033 0.307644 9.87587e-06 2.42412 
0.964032 0.307644 8.62008e-06 2.42411 
0.964032 0.307644 8.14255e-06 2.42411 
0.964028 0.307642 3.44887e-06 2.4241 
0.964031 0.307646 9.05693e-06 2.42411 
0.964027 0.307644 3.05718e-06 2.4241 
0.964027 0.307642 2.31058e-06 2.4241 
0.964027 0.307642 2.30078e-06 2.4241 
0.964027 0.307642 2.23605e-06 2.4241 
0.964026 0.307642 6.2087e-08 2.42409 
0.964027 0.307642 7.1962e-07 2.42409 
0.964026 0.307642 1.28224e-07 2.42409 
0.964026 0.307642 8.19575e-07 2.42409 
0.964113 0.307674 0.000101267 2.4244 
0.964218 0.307632 0.000246826 2.42475 
0.964269 0.307508 0.000276176 2.42491 
0.96438 0.307661 0.000344845 2.42529 
0.964308 0.30764 0.000400505 2.42506 
0.964194 0.307581 0.000197108 2.42469 
0.964197 0.307665 0.000188417 2.42468 
0.964244 0.30758 0.00023642 2.42484 
0.964235 0.307682 0.000278209 2.42483 
0.96412 0.307688 9.63039e-05 2.42443 
0.964094 0.307666 7.67761e-05 2.42433 
0.964028 0.307642 -2.31696e-06 2.4241 
0.964027 0.307642 2.45061e-07 2.42409 
0.964027 0.307642 -5.8848e-07 2.42409 
0.964061 0.307699 -3.72587e-05 2.42422 
0.964072 0.307692 -5.25695e-05 2.42427 
0.964647 0.308219 -0.000625975 2.42628 
0.964834 0.30557 0.00135164 2.42781 
0.964178 0.305536 0.000791422 2.42475 
0.963974 0.300481 0.000399208 2.42324 
0.965733 0.319224 -9.1422e-05 2.42996 
0.963486 0.322443 0.00248007 2.42445 
0.964814 0.305239 -0.00188381 2.4262 
0.964072 0.303774 -0.00190438 2.42361 
0.964181 0.307365 -0.000122394 2.4247 
0.96443 0.30875 -0.00089731 2.4256 
0.964388 0.307927 -0.000269852 2.42537 
0.965793 0.309614 -0.00177092 2.43081 
0.965437 0.308529 -0.00339379 2.42904 
0.964969 0.306569 -0.000986794 2.42747 
0.96476 0.308149 -0.000781739 2.4266 
0.965034 0.308584 -0.000938573 2.42779 
0.964157 0.307677 -0.00014365 2.42455 
0.964161 0.307664 -0.000169867 2.42457 
0.964033 0.307643 -9.09669e-06 2.42411 
0.964032 0.307643 -8.62886e-06 2.42411 
0.964039 0.307645 -1.63325e-05 2.42414 
0.96403 0.307642 -5.15707e-06 2.4241 
0.964027 0.307642 -1.00117e-06 2.42409 
0.964028 0.307642 -2.29911e-06 2.4241 
0.964027 0.307642 -9.88942e-07 2.42409 
0.964027 0.307642 -1.74775e-06 2.4241 
0.964068 0.307652 -4.9384e-05 2.42424 
0.964035 0.307645 -1.1656e-05 2.42412 
0.964037 0.307646 -1.43386e-05 2.42413 
0.96403 0.307643 -5.97609e-06 2.42411 
0.964029 0.307642 -3.98273e-06 2.4241 
0.964033 0.307649 -9.06476e-06 2.42412 
0.964032 0.307647 -9.28421e-06 2.42411 
0.964038 0.307651 -1.45712e-05 2.42414 
0.964033 0.307647 -9.91711e-06 2.42412 
0.948654 0.228941 0.00519366 2.37317 
0.952046 0.144459 0.00136823 2.38058 
0.954314 0.111233 0.0067361 2.39123 
0.949927 0.100925 0.00205756 2.36895 
0.964038 0.307646 -1.60767e-05 2.42413 
0.964053 0.307649 -3.44432e-05 2.42419 
0.96405 0.307649 -2.88351e-05 2.42418 
0.964028 0.307642 -3.01049e-06 2.4241 
0.964109 0.307676 -8.64853e-05 2.42439 
0.963618 0.26147 -0.00579847 2.42453 
0.954429 0.129164 0.00119993 2.38853 
0.967101 0.322473 -0.00406304 2.43658 
0.96543 0.303936 -0.00312589 2.42887 
0.964989 0.307128 -0.00183962 2.42795 
0.970129 0.337407 -0.0019222 2.44657 
0.964722 0.307391 -0.0013136 2.42715 
0.954349 0.122071 0.00698365 2.3854 
0.952066 0.118204 -0.00437641 2.37905 
0.964704 0.309091 -0.000518758 2.42665 
0.964483 0.307587 -0.000362605 2.42572 
0.96406 0.307649 -3.89093e-05 2.42421 
0.964049 0.307649 -3.07633e-05 2.42417 
0.965322 0.307313 -0.00295074 2.4279 
0.964911 0.307583 -0.00135316 2.42719 
0.964075 0.307653 -5.7042e-05 2.42426 
0.964074 0.307652 -5.9021e-05 2.42426 
0.964137 0.307668 -0.000128158 2.42448 
0.964056 0.307648 -3.78912e-05 2.4242 
0.964056 0.307649 -3.69263e-05 2.4242 
0.964121 0.307683 -0.000120328 2.42443 
0.964164 0.307691 -0.000183863 2.42458 
0.964166 0.307673 -0.000174366 2.42459 
0.955771 0.244639 -0.006049 2.39689 
0.968589 0.31693 -0.00344657 2.43963 
0.970237 0.330851 -0.000784801 2.44695 
0.96559 0.306045 -0.00264477 2.42954 
0.96602 0.303268 -0.00241625 2.43052 
0.965061 0.306269 -0.00184074 2.42774 
0.954774 0.12277 0.00672836 2.38695 
0.956146 0.112413 0.00160329 2.39119 
0.962073 0.266183 -0.00422887 2.4182 
0.964033 0.307643 -8.74505e-06 2.42411 
0.96062 0.237476 0.0028987 2.4103 
0.969868 0.336153 -0.00221166 2.44497 
0.966368 0.320704 -0.00283767 2.43336 
0.966095 0.3041 -0.00211894 2.43074 
0.965942 0.303248 -0.00197272 2.42992 
0.966737 0.319181 0.004183 2.43472 
0.968119 0.31803 0.0047051 2.43843 
0.966312 0.328035 0.00659355 2.43298 
0.971633 0.331228 0.00297283 2.45113 
0.95371 0.133783 -0.00305907 2.38539 
0.962096 0.252263 0.00828008 2.41799 
0.970327 0.341579 0.010457 2.44755 
0.967966 0.324584 0.00440226 2.43852 
0.96448 0.308612 0.000849746 2.42524 
0.965816 0.302752 0.000884989 2.42875 
0.964869 0.306574 0.00127704 2.42717 
0.96407 0.307501 0.00183604 2.42684 
0.964873 0.3028 0.00211311 2.42752 
0.964135 0.307716 0.000186847 2.42453 
0.964154 0.307704 0.000199438 2.42466 
0.964153 0.307683 0.000199883 2.42457 
0.964607 0.308012 0.000534862 2.42581 
0.964765 0.30833 0.000863785 2.42653 
0.96513 0.301862 0.000425443 2.42731 
0.96451 0.308116 0.00067456 2.42586 
0.965378 0.302136 0.00245297 2.42776 
0.964955 0.306338 0.00177018 2.42745 
0.964087 0.307697 7.49664e-05 2.42431 
0.964079 0.307681 6.27818e-05 2.42428 
0.964052 0.307649 3.78179e-05 2.42418 
0.955614 0.109635 -0.0047194 2.38874 
0.968919 0.241679 0.00229226 2.43625 
0.952582 0.114868 0.00610471 2.38191 
0.95338 0.240853 0.00558099 2.38934 
0.957291 0.219245 0.0043471 2.39966 
0.968371 0.331976 -0.00029189 2.44193 
0.964967 0.323428 -0.00207241 2.42993 
0.965788 0.324846 -0.0018943 2.43214 
0.964459 0.324555 0.00189134 2.42562 
0.969353 0.330219 -0.00926221 2.44398 
0.967232 0.320679 0.00195228 2.43459 
0.964993 0.31885 -0.000476187 2.42833 
0.964295 0.307612 0.000346188 2.42504 
0.966449 0.325744 -0.000388662 2.43365 
0.967272 0.315696 -0.00170433 2.43479 
0.963371 0.254553 0.0114681 2.42203 
0.966771 0.343693 0.00564931 2.43812 
0.964678 0.30797 0.000794647 2.42635 
0.964068 0.307656 4.08423e-05 2.42424 
0.964068 0.307667 4.24628e-05 2.42424 
0.96469 0.309218 0.000294122 2.42664 
0.96425 0.307962 0.000185237 2.42503 
0.963869 0.30049 0.00108583 2.42285 
0.96417 0.304714 -0.000809312 2.42456 
0.961057 0.100588 0.00177892 2.4052 
0.971824 0.227481 0.0149308 2.445 
0.966381 0.321004 0.0110809 2.43235 
0.952469 0.0958552 -0.00591769 2.38039 
0.949733 0.222057 -0.0104403 2.37545 
0.961343 0.195978 -0.0039569 2.40994 
0.968 0.327921 -0.0141564 2.43801 
0.966425 0.303358 -0.007331 2.43095 
0.964876 0.308058 0.000490616 2.42707 
0.964367 0.304749 0.00181968 2.42486 
0.964484 0.308066 0.000146179 2.4257 
0.96435 0.306475 -2.60401e-05 2.42551 
0.964374 0.302372 7.85491e-05 2.42494 
0.964642 0.308926 0.000652436 2.42642 
0.964319 0.30812 0.000176844 2.42522 
0.964402 0.307754 0.000457053 2.42542 
0.964575 0.308537 0.000880169 2.42616 
0.964863 0.308769 0.00159245 2.42726 
0.965273 0.30878 0.00119522 2.42864 
0.964569 0.308072 0.000447729 2.42602 
0.964827 0.308521 0.00094495 2.42695 
0.964362 0.307677 0.000323082 2.42527 
0.964842 0.308319 0.000874565 2.42699 
0.964392 0.307616 0.000531576 2.42537 
0.965332 0.326167 -0.000327607 2.42993 
0.967174 0.32005 -0.00272588 2.43632 
0.970518 0.333147 0.00544232 2.4467 
0.968693 0.322909 -0.00079943 2.4401 
0.964865 0.305281 -0.00292927 2.42662 
0.966231 0.306539 -0.00157747 2.43158 
0.966153 0.263815 -0.000418435 2.43054 
0.963927 0.304452 -0.00140242 2.4233 
0.96591 0.321851 -0.00033849 2.43124 
0.96662 0.324113 -0.000120466 2.43298 
0.96628 0.31796 -0.00311469 2.43244 
0.970142 0.322007 -0.00579157 2.44479 
0.964706 0.308288 -0.000773747 2.42652 
0.969528 0.246727 -0.00129414 2.43944 
0.968576 0.319693 -0.00353921 2.43986 
0.964312 0.325314 -0.00182867 2.4249 
0.964462 0.314655 -0.00159447 2.42619 
0.964034 0.307645 -1.11899e-05 2.42412 
0.96403 0.307643 -5.29173e-06 2.4241 
0.964028 0.307643 -3.57787e-06 2.4241 
0.964045 0.307646 -2.2982e-05 2.42416 
0.964027 0.307642 7.9299e-07 2.42409 
0.964027 0.307642 1.27143e-06 2.42409 
0.964035 0.307645 -1.18157e-05 2.42412 
0.964027 0.307642 4.67949e-07 2.42409 
0.964027 0.307642 1.66477e-06 2.4241 
0.964027 0.307642 1.32081e-06 2.4241 
0.964027 0.307642 -4.6852e-07 2.42409 
0.964027 0.307642 -7.34099e-07 2.42409 
0.965846 0.30149 -0.00185466 2.42943 
0.964108 0.307663 -0.000101521 2.42438 
0.964558 0.301856 -0.000438454 2.42569 
0.964262 0.306304 -0.00035176 2.42524 
0.964057 0.307647 -3.45693e-05 2.4242 
0.964045 0.307648 -2.29957e-05 2.42416 
0.964073 0.30765 -5.21357e-05 2.42426 
0.964075 0.307642 -5.44561e-05 2.42426 
0.964052 0.307654 -3.05505e-05 2.42419 
0.964043 0.307647 -2.1073e-05 2.42415 
0.964056 0.307645 -3.72075e-05 2.42419 
0.96404 0.307645 -1.78496e-05 2.42414 
0.964027 0.307642 -8.19005e-07 2.42409 
0.964027 0.307642 3.53491e-07 2.42409 
0.964035 0.307644 1.1662e-05 2.42412 
0.964032 0.307644 8.19661e-06 2.42411 
0.964033 0.307643 9.05311e-06 2.42412 
0.964028 0.307642 3.60108e-06 2.4241 
0.964029 0.307642 4.71091e-06 2.4241 
0.964027 0.307642 1.60202e-06 2.42409 
0.964027 0.307642 6.11331e-07 2.42409 
0.964027 0.307642 1.54411e-06 2.42409 
0.964027 0.307642 -1.18052e-06 2.42409 
0.964027 0.307642 -7.16728e-07 2.42409 
0.964027 0.307642 -5.10185e-07 2.42409 
0.964027 0.307642 7.01544e-07 2.42409 
0.964027 0.307642 1.33438e-06 2.42409 
0.964027 0.307642 7.7602e-07 2.42409 
0.96405 0.307635 2.34208e-05 2.42417 
0.96408 0.307662 5.37829e-05 2.42428 
0.964074 0.307673 6.55492e-05 2.42426 
0.964087 0.307687 7.7518e-05 2.42431 
0.964036 0.307647 1.3337e-05 2.42413 
0.964044 0.307648 2.09281e-05 2.42416 
0.964058 0.307656 4.13764e-05 2.42421 
0.964115 0.307693 9.66587e-05 2.42441 
0.964087 0.307687 7.98576e-05 2.42431 
0.964059 0.307653 4.1024e-05 2.42421 
0.964029 0.307643 -4.31394e-06 2.4241 
0.964028 0.307642 -2.82801e-06 2.4241 
0.964029 0.307642 -4.33924e-06 2.4241 
0.964033 0.307644 -8.96466e-06 2.42411 
0.964033 0.307644 -8.70212e-06 2.42411 
0.964067 0.307648 -5.07665e-05 2.42423 
0.964043 0.307646 -1.97886e-05 2.42415 
0.964044 0.307643 -2.08931e-05 2.42415 
0.96486 0.302383 0.00175638 2.42657 
0.965202 0.306597 0.00248727 2.42832 
0.964141 0.317381 0.0022908 2.42648 
0.965688 0.304635 0.001817 2.43002 
0.964073 0.307651 5.08178e-05 2.42425 
0.964143 0.307685 0.00012866 2.4245 
0.964145 0.307684 0.000150596 2.42452 
0.964113 0.307672 9.92546e-05 2.4244 
0.96404 0.307645 -1.81851e-05 2.42414 
0.964039 0.307643 -1.62819e-05 2.42414 
0.964034 0.307643 -1.08808e-05 2.42412 
0.96404 0.307645 -1.84452e-05 2.42414 
0.964035 0.307643 -1.13794e-05 2.42412 
0.964054 0.307646 -3.56481e-05 2.42419 
0.964067 0.307648 -5.01133e-05 2.42423 
0.964028 0.307642 3.07632e-06 2.4241 
0.964027 0.307642 1.14025e-06 2.42409 
0.961404 0.108008 -0.00084821 2.4079 
0.959594 0.139288 0.00735804 2.40553 
0.972153 0.236676 0.0129515 2.44759 
0.968669 0.335387 -0.000404575 2.44108 
0.953989 0.120441 0.0012131 2.38351 
0.954496 0.120803 -0.00168661 2.38761 
0.964028 0.307642 2.8262e-06 2.4241 
0.964029 0.307643 4.89924e-06 2.4241 
0.964029 0.307642 4.159e-06 2.4241 
0.964028 0.307642 2.60269e-06 2.4241 
0.964033 0.307645 9.80909e-06 2.42412 
0.964033 0.307644 1.004e-05 2.42412 
0.950692 0.111781 0.000466343 2.37305 
0.951276 0.237275 -0.00723904 2.38123 
0.958206 0.223179 0.000540798 2.40164 
0.968633 0.335196 -0.00771363 2.44323 
0.96468 0.324962 -0.00416706 2.42845 
0.96014 0.120526 -0.0042998 2.40467 
0.956408 0.116523 -0.000258962 2.39238 
0.964157 0.307685 0.000168666 2.42455 
0.964242 0.307615 0.000284122 2.42485 
0.964262 0.307622 0.000297061 2.42491 
0.964032 0.307643 7.76743e-06 2.42411 
0.964029 0.307642 3.95607e-06 2.4241 
0.964034 0.307644 1.08345e-05 2.42412 
0.964028 0.307642 2.63118e-06 2.4241 
0.964028 0.307642 2.41805e-06 2.4241 
0.964027 0.307642 8.4888e-07 2.42409 
0.964027 0.307642 1.06316e-06 2.42409 
0.964026 0.307642 3.20357e-07 2.42409 
0.964076 0.307692 6.62417e-05 2.42428 
0.964188 0.30775 0.000245679 2.4247 
0.96411 0.307681 4.80843e-05 2.42441 
0.96409 0.307709 6.16679e-05 2.42432 
0.964029 0.307643 4.05516e-06 2.4241 
0.96405 0.307649 3.21236e-05 2.42418 
0.964033 0.307645 9.4532e-06 2.42412 
0.964045 0.30765 2.36646e-05 2.42416 
0.964035 0.307646 1.12568e-05 2.42412 
0.964032 0.307645 7.91411e-06 2.42411 
0.964027 0.307642 -4.55375e-07 2.42409 
0.964073 0.307659 5.47388e-05 2.42426 
0.96405 0.307648 2.99717e-05 2.42418 
0.964051 0.307648 3.1751e-05 2.42418 
0.964069 0.307655 4.93846e-05 2.42424 
0.964064 0.307655 4.79126e-05 2.42423 
0.964106 0.307675 0.00010125 2.42437 
0.964108 0.307671 9.50509e-05 2.42438 
0.964114 0.307675 0.000104395 2.4244 
0.964138 0.307678 0.000140785 2.42449 
0.964565 0.301965 0.000612987 2.42561 
0.964444 0.308087 -0.000335739 2.42556 
0.965405 0.305989 0.00143483 2.42866 
0.965632 0.305433 0.00125474 2.43005 
0.96429 0.305637 0.000999458 2.42507 
0.952744 0.139333 -0.000403212 2.38136 
0.963886 0.234744 0.00337262 2.41897 
0.951881 0.233424 -0.00398035 2.38321 
0.965951 0.318188 -0.00185371 2.43084 
0.969959 0.330308 -0.00418474 2.44478 
0.964036 0.307647 1.36304e-05 2.42413 
0.964034 0.307645 1.02277e-05 2.42412 
0.964138 0.307692 0.000138598 2.42449 
0.96423 0.307635 0.000232926 2.4248 
0.96404 0.307646 1.82619e-05 2.42414 
0.964056 0.307653 3.84194e-05 2.4242 
0.96407 0.307656 5.55886e-05 2.42425 
0.964084 0.307661 6.61887e-05 2.4243 
0.964178 0.307602 0.000153609 2.4246 
0.964099 0.307675 9.4174e-05 2.42434 
0.964165 0.307572 0.00016823 2.42456 
0.964129 0.307668 0.000112829 2.42445 
0.96415 0.307665 0.00017158 2.42453 
0.964123 0.307656 0.000113983 2.42442 
0.964064 0.307646 4.64642e-05 2.42422 
0.964091 0.307678 8.4544e-05 2.42433 
0.964054 0.307647 3.43023e-05 2.42419 
0.964097 0.307689 8.74208e-05 2.42435 
0.964064 0.307649 5.04882e-05 2.42422 
0.964225 0.307635 0.000246434 2.42478 
0.964127 0.307702 0.000138611 2.42445 
0.964146 0.307668 0.000156096 2.42452 
0.964115 0.307671 0.00010211 2.4244 
0.970314 0.322024 0.00927137 2.44557 
0.9707 0.350197 0.00856976 2.45007 
0.966167 0.326292 0.0026547 2.43336 
0.966156 0.306519 0.00363701 2.43155 
0.965606 0.302729 0.00425535 2.42858 
0.965132 0.306684 0.00191343 2.42801 
0.964828 0.308246 0.00126897 2.42689 
0.964659 0.306931 0.00133361 2.42656 
0.964048 0.307643 2.76918e-05 2.42417 
0.964069 0.307649 5.6478e-05 2.42424 
0.964051 0.307643 3.1006e-05 2.42418 
0.964048 0.307649 2.51801e-05 2.42417 
0.965388 0.299732 -7.28774e-06 2.42793 
0.965332 0.303692 0.00166757 2.42791 
0.964152 0.307696 0.000161561 2.42453 
0.964111 0.307666 0.000106272 2.42439 
0.964281 0.307635 0.000304959 2.42499 
0.964225 0.307676 0.000247355 2.4248 
0.964478 0.308002 0.000466654 2.42573 
0.964757 0.308719 0.000721715 2.42675 
0.964521 0.308128 0.000780832 2.42588 
0.964315 0.307611 0.000377712 2.42512 
0.964239 0.307664 0.000265966 2.42484 
0.965774 0.321619 0.00029424 2.4308 
0.966622 0.323781 0.000138243 2.43297 
0.963872 0.304264 0.00127958 2.42311 
0.965457 0.318418 0.0017669 2.42979 
0.965549 0.305222 0.000750594 2.4294 
0.967606 0.329239 0.00651762 2.43607 
0.968871 0.315206 0.0070681 2.44052 
0.964787 0.308708 0.000939063 2.42688 
0.964708 0.305808 0.000981599 2.42677 
0.965935 0.30562 0.00250411 2.43015 
0.9658 0.300792 0.000746471 2.42961 
0.964395 0.307772 0.000374973 2.42537 
0.964614 0.308479 0.000431926 2.42617 
0.96423 0.30755 0.000151611 2.4248 
0.964145 0.304609 0.000912966 2.42423 
0.964487 0.301996 -0.000637991 2.42534 
0.964275 0.315086 0.0012811 2.42561 
0.963877 0.321922 -0.00231464 2.42536 
0.963941 0.325459 0.00135965 2.42371 
0.968496 0.329867 -0.00704814 2.4405 
0.964151 0.307584 0.00022779 2.42452 
0.964423 0.308067 0.00027597 2.42548 
0.964364 0.307998 0.000474857 2.42524 
0.964152 0.307678 0.000200532 2.42454 
0.964209 0.307708 0.000215489 2.42476 
0.964027 0.307641 -8.01221e-07 2.42409 
0.964027 0.307641 4.59586e-07 2.42409 
0.964032 0.307643 8.37127e-06 2.42411 
0.964029 0.307641 4.46283e-06 2.4241 
0.964028 0.307641 3.18143e-06 2.4241 
0.964029 0.307641 4.39776e-06 2.4241 
0.96405 0.307639 2.74886e-05 2.42417 
0.964042 0.30764 1.98228e-05 2.42415 
0.964032 0.307642 8.30703e-06 2.42411 
0.964034 0.307643 1.14055e-05 2.42412 
0.964032 0.307641 8.58956e-06 2.42411 
0.964031 0.307642 7.26807e-06 2.42411 
0.964041 0.307645 1.93703e-05 2.42414 
0.964052 0.307647 2.79624e-05 2.42418 
0.964034 0.307643 -1.16444e-05 2.42412 
0.964027 0.307641 -2.74739e-06 2.4241 
0.964027 0.307641 -2.76398e-06 2.4241 
0.964031 0.307642 -7.75489e-06 2.42411 
0.964029 0.307641 -4.23645e-06 2.4241 
0.964032 0.307642 -7.64271e-06 2.42411 
0.964253 0.307462 -0.000247276 2.42485 
0.964199 0.307576 -0.000146955 2.42467 
0.964252 0.307548 -0.000163061 2.42488 
0.964081 0.307658 -6.55099e-05 2.42428 
0.964101 0.307666 -9.46855e-05 2.42436 
0.964081 0.307653 -6.2721e-05 2.42428 
0.964053 0.30764 -2.91435e-05 2.42418 
0.964054 0.307648 -3.52723e-05 2.42419 
0.96435 0.307621 -0.000524267 2.42523 
0.964147 0.307706 -0.000165999 2.42452 
0.964128 0.307672 -0.000130007 2.42445 
0.964051 0.307637 -3.12183e-05 2.42418 
0.964086 0.307662 -7.47915e-05 2.4243 
0.964118 0.307678 -0.000100371 2.42441 
0.96403 0.307642 5.23637e-06 2.4241 
0.96404 0.307644 1.93879e-05 2.42414 
0.964037 0.307644 1.38307e-05 2.42413 
0.964031 0.307643 6.8664e-06 2.42411 
0.964029 0.307642 4.25058e-06 2.4241 
0.964028 0.307642 3.64595e-06 2.4241 
0.96403 0.307642 5.15241e-06 2.4241 
0.964035 0.307642 1.20536e-05 2.42412 
0.96404 0.307643 1.87397e-05 2.42414 
0.964027 0.307642 1.69094e-06 2.4241 
0.964027 0.307642 7.73304e-07 2.42409 
0.964028 0.307642 2.01736e-06 2.4241 
0.951076 0.10475 -0.00352899 2.37426 
0.9605 0.221907 -0.00166088 2.4082 
0.96351 0.324168 -0.00537947 2.42372 
0.96426 0.308004 0.000261182 2.42503 
0.964682 0.308855 0.00104779 2.42646 
0.96411 0.307675 9.97262e-05 2.42439 
0.96409 0.307691 8.11228e-05 2.42432 
0.964116 0.307708 8.53382e-05 2.42441 
0.964126 0.307696 3.53233e-05 2.42446 
0.969123 0.337126 0.00609065 2.44282 
0.965272 0.257622 0.00846326 2.42672 
0.965485 0.343574 0.00863153 2.43313 
0.967296 0.32084 0.00557772 2.43663 
0.958152 0.127605 0.00251155 2.39745 
0.964199 0.241467 0.00502237 2.42314 
0.964155 0.308021 9.6242e-05 2.42468 
0.964692 0.309458 0.000654417 2.42653 
0.964233 0.307649 0.000322617 2.42481 
0.964174 0.307703 0.000293111 2.42465 
0.964259 0.307479 0.000274746 2.42491 
0.964517 0.308539 0.000708822 2.42584 
0.965367 0.303875 -0.00102806 2.42871 
0.965474 0.318265 7.40319e-05 2.42996 
0.964797 0.308966 0.000911686 2.42697 
0.964479 0.308235 0.00072539 2.42576 
0.964616 0.305474 0.000553071 2.42605 
0.964923 0.308602 0.00164667 2.42722 
0.965387 0.305574 0.00121235 2.42844 
0.967695 0.321376 0.00432887 2.43741 
0.96507 0.302012 0.00252653 2.42739 
0.968131 0.342588 0.00668738 2.4403 
0.965026 0.305192 0.00154674 2.4277 
0.964569 0.307993 0.000535759 2.42601 
0.964612 0.30808 0.000755813 2.42615 
0.964486 0.308003 0.000595988 2.42577 
0.964318 0.307582 0.00037744 2.42511 
0.964589 0.307971 0.000572837 2.42608 
0.964322 0.307544 0.000355043 2.4251 
0.964051 0.307649 3.19557e-05 2.42418 
0.964056 0.307647 4.09423e-05 2.4242 
0.964038 0.307644 1.61908e-05 2.42413 
0.964034 0.307643 1.09943e-05 2.42412 
0.964037 0.307644 1.41594e-05 2.42413 
0.964047 0.307643 2.69105e-05 2.42417 
0.946841 0.0978259 -0.00306903 2.36122 
0.946841 0.229958 -0.00710296 2.36792 
0.966613 0.335331 -0.013344 2.43517 
0.956535 0.213607 -0.00201686 2.39418 
0.96058 0.319839 -0.0115955 2.41408 
0.971117 0.32762 -0.010987 2.4492 
0.965532 0.32039 0.00185286 2.42902 
0.967972 0.317136 0.00434833 2.43767 
0.966804 0.323067 -0.00292393 2.43505 
0.966346 0.304069 0.000589872 2.43133 
0.96423 0.304734 0.00151305 2.42484 
0.964053 0.307653 -3.44822e-05 2.42419 
0.964039 0.307646 -1.63739e-05 2.42414 
0.96403 0.307643 -5.09786e-06 2.4241 
0.964027 0.307642 -2.1951e-06 2.4241 
0.967246 0.347616 -0.000470014 2.4378 
0.952991 0.243439 0.00470552 2.38734 
0.961011 0.256997 0.00273708 2.41309 
0.964766 0.306278 -0.000982172 2.42634 
0.965077 0.305274 -0.00188143 2.42715 
0.96477 0.324105 0.00169859 2.42845 
0.964958 0.304412 -0.000897678 2.4269 
0.965764 0.317207 0.00133329 2.43066 
0.966948 0.337806 0.00656013 2.43729 
0.964543 0.30429 -0.00240587 2.42545 
0.96782 0.324468 -0.00211416 2.43715 
0.964577 0.308057 -0.000700628 2.42612 
0.964583 0.308049 -0.000560036 2.42611 
0.964299 0.30769 -0.000379669 2.42505 
0.964343 0.307707 -0.000307347 2.42518 
0.964357 0.307809 -0.000358802 2.42524 
0.96469 0.308879 -0.000687252 2.42665 
0.96462 0.308173 -0.000433011 2.42625 
0.964123 0.307723 -0.000133751 2.42444 
0.96407 0.30765 -4.88439e-05 2.42424 
0.964109 0.307683 -9.30486e-05 2.42438 
0.964065 0.307646 -4.78068e-05 2.42423 
0.964089 0.307683 -8.46183e-05 2.42432 
0.964869 0.308512 0.000647803 2.42724 
0.964611 0.30835 0.000630239 2.42628 
0.965074 0.305673 0.00156686 2.42741 
0.965383 0.305881 0.00196794 2.42842 
0.964665 0.308734 0.000960322 2.42652 
0.964212 0.304043 0.00235122 2.42427 
0.964549 0.305593 0.000894503 2.4259 
0.965426 0.305513 0.00126759 2.42852 
0.965443 0.304477 0.000597622 2.42915 
0.964048 0.307649 2.72089e-05 2.42417 
0.964033 0.307643 9.16548e-06 2.42412 
0.964034 0.307643 9.90553e-06 2.42412 
0.964028 0.307642 2.87615e-06 2.4241 
0.964029 0.307643 4.65231e-06 2.4241 
0.964028 0.307642 3.0634e-06 2.4241 
0.96403 0.307642 5.26002e-06 2.4241 
0.964027 0.307642 6.06373e-07 2.42409 
0.964027 0.307642 -7.14504e-07 2.42409 
0.964027 0.307642 1.47731e-06 2.42409 
0.964027 0.307642 1.54439e-06 2.42409 
0.964027 0.307642 5.77783e-07 2.42409 
0.964026 0.307642 -4.79185e-07 2.42409 
0.96183 0.102498 0.00326947 2.40771 
0.950555 0.0993017 0.000938263 2.37439 
0.964156 0.304034 -0.00211024 2.42425 
0.966016 0.304157 -5.02698e-05 2.43078 
0.954926 0.107318 -0.000900723 2.38824 
0.954432 0.234442 0.0029522 2.39073 
0.95945 0.109161 0.00359002 2.40082 
0.971541 0.23775 -0.00712455 2.44442 
0.97058 0.32899 0.00401255 2.44735 
0.965752 0.323121 -0.00457906 2.43034 
0.968024 0.319388 -0.00751589 2.43868 
0.964027 0.307642 -1.31573e-06 2.42409 
0.964027 0.307642 -1.11423e-06 2.42409 
0.964028 0.307642 -3.0278e-06 2.4241 
0.96403 0.307642 -5.37e-06 2.4241 
0.964028 0.307642 -2.9398e-06 2.4241 
0.964116 0.307698 0.00011807 2.42441 
0.964126 0.307711 9.39379e-05 2.42445 
0.964098 0.307696 8.7491e-05 2.42435 
0.964167 0.30768 0.000125662 2.42461 
0.964227 0.307753 0.000278231 2.42484 
0.964214 0.307734 0.000258391 2.42476 
0.96406 0.307651 3.8613e-05 2.42421 
0.964027 0.307642 -9.15027e-07 2.42409 
0.964027 0.307642 4.89564e-07 2.42409 
0.964027 0.307642 1.3413e-06 2.42409 
0.964027 0.307642 8.54488e-07 2.42409 
0.96403 0.307643 -5.86572e-06 2.42411 
0.964035 0.307644 -1.15236e-05 2.42412 
0.964034 0.307644 -1.01115e-05 2.42412 
0.964039 0.307645 -1.62421e-05 2.42414 
0.964038 0.307645 -1.54933e-05 2.42414 
0.964027 0.307642 1.28022e-06 2.42409 
0.964027 0.307642 1.39878e-06 2.42409 
0.964028 0.307642 3.30167e-06 2.4241 
0.964028 0.307642 3.31795e-06 2.4241 
0.96403 0.307643 5.6706e-06 2.42411 
0.964034 0.307645 1.0109e-05 2.42412 
0.96403 0.307643 5.89383e-06 2.42411 
0.96403 0.307643 5.36355e-06 2.4241 
0.964028 0.307642 3.39537e-06 2.4241 
0.964035 0.307645 1.10182e-05 2.42412 
0.964028 0.307642 3.56038e-06 2.4241 
0.96403 0.307643 5.78889e-06 2.42411 
0.964029 0.307642 3.93124e-06 2.4241 
0.964032 0.307643 8.23956e-06 2.42411 
0.964032 0.307643 7.9821e-06 2.42411 
0.964029 0.307642 4.17158e-06 2.4241 
0.964028 0.307642 -3.67234e-06 2.4241 
0.964027 0.307642 -1.71296e-06 2.42409 
0.964032 0.307643 7.87965e-06 2.42411 
0.964032 0.307643 8.43856e-06 2.42411 
0.964087 0.307724 -7.43613e-05 2.42432 
0.964087 0.307699 -7.3955e-05 2.42432 
0.964125 0.307698 -0.000142656 2.42445 
0.964174 0.307645 -0.00020386 2.42462 
0.964124 0.307654 -0.000124132 2.42445 
0.964159 0.308166 -0.000221466 2.42467 
0.964083 0.307558 -0.000111832 2.42429 
0.964142 0.308022 -0.00032899 2.4246 
0.964111 0.3075 -0.000122179 2.42439 
0.964298 0.307814 -0.000401524 2.42507 
0.964318 0.307897 -0.000315846 2.42515 
0.964227 0.307992 0.000157133 2.42492 
0.964634 0.309202 -0.000662117 2.42638 
0.964667 0.308552 -0.000956337 2.42637 
0.964236 0.307673 -0.000225754 2.42485 
0.964227 0.307704 -0.000250287 2.42481 
0.964689 0.308108 -0.000730071 2.4264 
0.964878 0.308548 -0.00102977 2.42705 
0.964372 0.307672 -0.000441817 2.42533 
0.964312 0.307661 -0.000359466 2.42508 
0.964589 0.308081 -0.000678374 2.4261 
0.964366 0.307625 -0.000364073 2.42528 
0.964041 0.307645 -1.95859e-05 2.42414 
0.964058 0.307651 -4.02233e-05 2.4242 
0.964114 0.307677 -0.000107877 2.4244 
0.964146 0.307689 -0.000154252 2.42452 
0.964126 0.307673 -0.000115545 2.42444 
0.964074 0.307653 -5.75098e-05 2.42426 
0.964209 0.307622 -0.000240658 2.42474 
0.964098 0.307679 -8.81536e-05 2.42435 
0.96413 0.307707 -0.000141455 2.42447 
0.9641 0.307685 -9.07459e-05 2.42436 
0.964141 0.307691 -0.000139428 2.4245 
0.964224 0.307712 -0.000262391 2.42479 
0.964332 0.307663 -0.000287074 2.42515 
0.964034 0.307645 -1.08827e-05 2.42412 
0.964034 0.307645 -1.06919e-05 2.42412 
0.96405 0.307659 -3.20506e-05 2.42418 
0.964045 0.307654 -2.37303e-05 2.42416 
0.964067 0.307689 -4.53111e-05 2.42424 
0.96406 0.30768 -3.46631e-05 2.42422 
0.964049 0.307655 -3.02367e-05 2.42417 
0.964038 0.307649 -1.61825e-05 2.42413 
0.964038 0.307647 -1.66862e-05 2.42413 
0.964063 0.307662 -4.34498e-05 2.42422 
0.964054 0.307657 -3.62136e-05 2.42419 
0.948853 0.0985103 0.00143181 2.36607 
0.968062 0.334549 -0.000468682 2.43888 
0.967691 0.336477 0.00847992 2.43811 
0.963352 0.311313 -3.97537e-05 2.42242 
0.964435 0.343218 -0.00492733 2.42942 
0.963496 0.253235 -0.00630281 2.42001 
0.968033 0.323485 -0.00236954 2.43959 
0.955796 0.123773 -0.00272712 2.38859 
0.956059 0.114969 0.00125434 2.39128 
0.949122 0.109044 -0.00573582 2.37133 
0.948184 0.234407 0.0020216 2.37301 
0.946481 0.097492 -0.00227278 2.35901 
0.956719 0.208436 -0.00180039 2.39477 
0.961537 0.242641 -0.00463997 2.41617 
0.956033 0.122066 0.00676031 2.39294 
0.971338 0.255415 -0.00157245 2.44776 
0.965334 0.306409 -0.00125238 2.42854 
0.964648 0.308452 -0.000675246 2.42637 
0.964134 0.307683 -0.000124408 2.42447 
0.964036 0.307645 -1.35014e-05 2.42413 
0.964031 0.307643 -6.71243e-06 2.42411 
0.96403 0.307643 -6.24518e-06 2.42411 
0.964034 0.307644 -1.09065e-05 2.42412 
0.964039 0.307646 -1.69122e-05 2.42414 
0.964027 0.307642 -6.00234e-07 2.42409 
0.964027 0.307642 -1.23455e-06 2.42409 
0.964027 0.307642 -7.07924e-07 2.42409 
0.964026 0.307642 4.77673e-07 2.42409 
0.964026 0.307642 3.58216e-07 2.42409 
0.964065 0.307657 -5.16471e-05 2.42423 
0.964109 0.307671 -0.000109141 2.42438 
0.964118 0.3077 -0.000131019 2.42442 
0.964064 0.307656 -4.32555e-05 2.42422 
0.964086 0.307679 -6.7938e-05 2.42431 
0.953946 0.109052 0.000476915 2.38546 
0.953967 0.237396 0.00404615 2.39109 
0.956449 0.114121 0.00558513 2.39222 
0.971301 0.247881 -0.00238547 2.44564 
0.968222 0.316889 -0.0058044 2.43778 
0.969192 0.342789 -0.00977508 2.44365 
0.964537 0.334217 -0.00350088 2.42741 
0.968046 0.335712 0.00612383 2.44016 
0.968911 0.25533 0.000620451 2.43921 
0.951298 0.247055 0.000798793 2.38372 
0.966237 0.319293 -0.00237265 2.43251 
0.966804 0.318708 0.00455726 2.43374 
0.965752 0.309912 -0.00240255 2.42995 
0.965627 0.305743 0.000921667 2.43008 
0.950911 0.112361 3.89966e-05 2.37414 
0.964547 0.302732 -0.00142915 2.42463 
0.964591 0.305413 0.000329018 2.42585 
0.96744 0.31987 0.000250297 2.43603 
0.964669 0.303121 0.000209989 2.42652 
0.962893 0.316761 0.000179182 2.42245 
0.964126 0.307704 -9.3257e-05 2.42446 
0.964211 0.307699 -0.000213119 2.42475 
0.964614 0.308498 -0.000836518 2.4263 
0.965122 0.302203 -0.00193513 2.42694 
0.965229 0.306595 -0.00212656 2.42809 
0.964029 0.307642 -3.70738e-06 2.4241 
0.96444 0.307619 -0.000482697 2.4255 
0.964279 0.307655 -0.00034229 2.42499 
0.964801 0.308052 -0.000915252 2.42687 
0.964378 0.307699 -0.000462991 2.4253 
0.964724 0.30824 -0.00071227 2.42655 
0.964483 0.307696 -0.000410252 2.42563 
0.96431 0.307722 -0.000336278 2.42508 
0.96498 0.308489 -0.000890858 2.42764 
0.96486 0.308155 -0.000746628 2.42705 
0.964891 0.308247 -0.00110801 2.4274 
0.969755 0.240942 -0.0049996 2.44002 
0.968488 0.319042 -0.00342801 2.44022 
0.965847 0.325934 -0.00294772 2.43132 
0.964037 0.307644 -1.39217e-05 2.42413 
0.964036 0.307643 -1.29268e-05 2.42413 
0.964109 0.307668 -0.000105948 2.42438 
0.965936 0.336606 -0.00575985 2.43227 
0.964938 0.318763 -0.000383057 2.4282 
0.955395 0.128834 0.0017832 2.38949 
0.954412 0.236405 -0.00432925 2.3915 
0.963212 0.257756 -0.00201469 2.4221 
0.96757 0.34724 0.002382 2.4396 
0.970517 0.331459 -0.00446356 2.44796 
0.964769 0.32252 0.000388213 2.42927 
0.964193 0.308086 0.000245968 2.42481 
0.964447 0.308776 0.000752912 2.42568 
0.964843 0.306935 0.000708647 2.42699 
0.964219 0.306401 0.000238078 2.42507 
0.964241 0.307702 0.000286569 2.42485 
0.964461 0.3079 0.000370809 2.42558 
0.964167 0.307466 0.000168571 2.42454 
0.964178 0.30763 0.000209079 2.4246 
0.964365 0.308096 0.000344493 2.42529 
0.964608 0.308534 0.000452476 2.42616 
0.964045 0.307647 2.46088e-05 2.42416 
0.964053 0.307642 3.25425e-05 2.42419 
0.964038 0.307647 1.49059e-05 2.42413 
0.964038 0.307647 1.5278e-05 2.42413 
0.964046 0.307644 2.48993e-05 2.42416 
0.964981 0.305761 0.00353001 2.42691 
0.969618 0.320249 0.00406044 2.44243 
0.964447 0.316583 0.0018908 2.42645 
0.964694 0.309764 0.0011197 2.42657 
0.96456 0.308505 0.000795258 2.42601 
0.964925 0.302277 -0.00085379 2.42732 
0.964788 0.306034 0.00016972 2.42661 
0.964826 0.307036 0.00130475 2.42727 
0.964795 0.309079 0.00124594 2.42686 
0.964802 0.308674 0.00040677 2.42698 
0.964351 0.304683 0.000534738 2.42509 
0.964638 0.302596 0.00274817 2.42563 
0.96526 0.305486 0.00336362 2.42803 
0.964808 0.306602 0.00183066 2.42681 
0.952967 0.105141 -0.000396748 2.38057 
0.952699 0.230873 -0.0086403 2.38453 
0.960992 0.259469 -0.00604028 2.41338 
0.950752 0.137544 -0.00323442 2.37509 
0.958077 0.133897 0.00582723 2.39906 
0.961171 0.252492 0.00827917 2.41462 
0.954914 0.134886 0.000907351 2.38838 
0.964163 0.307656 0.000185804 2.42457 
0.964268 0.307712 0.000317326 2.42495 
0.964361 0.307686 0.000405237 2.42523 
0.96417 0.307526 9.99983e-05 2.4246 
0.964587 0.308199 -0.000725393 2.4261 
0.964276 0.30776 -0.000242764 2.42499 
0.964257 0.30776 -0.000305781 2.42492 
0.964357 0.308079 -0.000254963 2.42531 
0.964482 0.307998 -0.000501759 2.42574 
0.964574 0.308432 -0.000399627 2.42612 
0.954245 0.124442 -0.00197849 2.38526 
0.955302 0.251098 0.00129018 2.39552 
0.951572 0.124772 0.0023673 2.37648 
0.963656 0.251235 0.00235163 2.42111 
0.968903 0.342896 0.00263602 2.44444 
0.966446 0.321925 -0.00280835 2.43414 
0.964693 0.301346 -0.00293733 2.42553 
0.964763 0.304581 -0.00166534 2.42631 
0.968584 0.345643 -0.00516992 2.44178 
0.964535 0.305476 -0.000950055 2.42556 
0.964504 0.307949 -0.000601401 2.4257 
0.964456 0.307747 -6.38754e-05 2.42553 
0.964303 0.30465 -0.00138394 2.42489 
0.964939 0.302578 -0.00214247 2.4268 
0.955707 0.116306 -0.00767073 2.39043 
0.95648 0.24186 -0.00732771 2.39911 
0.960548 0.234515 -0.00893671 2.4107 
0.963781 0.33351 -0.00314844 2.42805 
0.970604 0.335235 -0.0041051 2.44963 
0.95542 0.110643 0.00261225 2.38917 
0.970228 0.242404 -0.00358328 2.44103 
0.955585 0.112616 -0.00437792 2.39169 
0.955108 0.241065 -0.00421038 2.39406 
0.966048 0.326059 -0.00320372 2.43122 
0.970092 0.330525 0.000464937 2.44625 
0.965417 0.30573 -0.00175841 2.42857 
0.964492 0.304121 -0.00232863 2.42525 
0.965827 0.305148 -0.00111348 2.43035 
0.96443 0.307812 -0.000365797 2.4255 
0.964937 0.305142 -0.000958134 2.42666 
0.964631 0.308592 -0.000459618 2.42626 
0.964744 0.308399 -0.00102035 2.42655 
0.964544 0.307749 -0.000592808 2.42582 
0.964919 0.304939 -0.0018262 2.42704 
0.965145 0.308226 -0.000890275 2.42803 
0.966426 0.307622 -0.00169805 2.43268 
0.965228 0.306253 -0.00399754 2.42829 
0.964312 0.307644 -0.000328344 2.42508 
0.964211 0.307677 -0.000226696 2.42475 
0.96453 0.308044 -0.000563329 2.42592 
0.964242 0.307674 -0.000258554 2.42484 
0.964394 0.307691 -0.00041121 2.42539 
0.964029 0.307643 -4.40811e-06 2.4241 
0.96403 0.307643 -6.03346e-06 2.42411 
0.964027 0.307642 -1.45263e-06 2.4241 
0.964027 0.307642 -8.23944e-07 2.42409 
0.964027 0.307642 -1.12009e-06 2.42409 
0.964028 0.307642 -2.10064e-06 2.4241 
0.964027 0.307642 -1.92414e-06 2.4241 
0.964029 0.307642 -4.12294e-06 2.4241 
0.964039 0.307646 -1.67078e-05 2.42414 
0.964034 0.307645 -1.11552e-05 2.42412 
0.964036 0.307645 -1.37578e-05 2.42413 
0.964031 0.307642 -6.96968e-06 2.42411 
0.964029 0.307642 -4.98268e-06 2.4241 
0.96403 0.307643 -6.11763e-06 2.42411 
0.964029 0.307643 -4.24049e-06 2.4241 
0.964031 0.307644 -7.36994e-06 2.42411 
0.964031 0.307644 -7.2113e-06 2.42411 
0.964035 0.307646 -1.18405e-05 2.42412 
0.964045 0.307647 -2.26375e-05 2.42416 
0.965978 0.31849 -0.000634845 2.4315 
0.964558 0.302117 -0.00069738 2.4255 
0.966629 0.320232 0.00053605 2.43356 
0.965663 0.336539 -0.000140567 2.43103 
0.966159 0.324416 -0.00580413 2.43297 
0.968164 0.320711 -0.0032736 2.43896 
0.969908 0.229484 -0.0104336 2.43918 
0.970681 0.343202 -0.00933335 2.44955 
0.969577 0.31769 -0.00693855 2.44289 
0.960133 0.137864 -0.00757109 2.40484 
0.961145 0.2516 -0.00814053 2.41512 
0.964261 0.307624 -0.000236197 2.4249 
0.964168 0.307715 -0.000191121 2.4246 
0.965579 0.30464 -0.00150339 2.429 
0.964802 0.304394 -0.0016259 2.4263 
0.964893 0.304712 -0.00368435 2.42649 
0.966719 0.304865 -0.000197559 2.43281 
0.964035 0.307644 -1.182e-05 2.42412 
0.96404 0.307646 -1.8659e-05 2.42414 
0.964035 0.307645 -1.24758e-05 2.42412 
0.964042 0.307648 -2.07437e-05 2.42415 
0.964055 0.307647 -3.82812e-05 2.42419 
0.96405 0.307647 -3.02962e-05 2.42418 
0.964039 0.307645 -1.65556e-05 2.42414 
0.96405 0.307648 -2.81427e-05 2.42418 
0.964038 0.307646 -1.58366e-05 2.42414 
0.964037 0.307646 -1.48174e-05 2.42413 
0.96406 0.307652 -4.12848e-05 2.42421 
0.964049 0.307649 -2.97709e-05 2.42417 
0.964027 0.307642 -1.58346e-06 2.42409 
0.964029 0.307642 -3.74361e-06 2.4241 
0.964027 0.307642 1.19144e-06 2.42409 
0.964028 0.307642 2.6746e-06 2.4241 
0.964028 0.307642 2.4598e-06 2.4241 
0.964027 0.307642 3.01228e-07 2.42409 
0.964027 0.307642 7.50762e-07 2.42409 
0.964054 0.307648 3.81661e-05 2.42419 
0.964033 0.307644 1.01035e-05 2.42412 
0.964049 0.307644 2.86987e-05 2.42417 
0.964033 0.307644 9.70948e-06 2.42412 
0.964038 0.307646 1.59974e-05 2.42413 
0.9641 0.30767 -9.22459e-05 2.42435 
0.964237 0.307649 -0.00030743 2.42483 
0.964147 0.307685 -0.0001426 2.42452 
0.964102 0.307668 -9.01919e-05 2.42436 
0.964078 0.307686 -6.47336e-05 2.42428 
0.964055 0.307652 -3.66019e-05 2.42419 
0.964051 0.30765 -2.96582e-05 2.42418 
0.964057 0.307643 -3.7819e-05 2.4242 
0.964054 0.307645 -3.45729e-05 2.42419 
0.964068 0.307648 -5.13764e-05 2.42424 
0.969452 0.321435 0.00162263 2.44318 
0.966048 0.322414 0.00127631 2.43142 
0.970719 0.33021 -0.00506577 2.4486 
0.964272 0.307643 0.000311104 2.42492 
0.964185 0.307517 0.000201789 2.42462 
0.964246 0.307616 0.000460886 2.42482 
0.964089 0.307662 7.08202e-05 2.42431 
0.964058 0.307648 3.54185e-05 2.4242 
0.964101 0.307672 8.92489e-05 2.42435 
0.964052 0.307646 3.30735e-05 2.42418 
0.964068 0.307653 5.37419e-05 2.42424 
0.964048 0.307649 2.59291e-05 2.42417 
0.964036 0.307645 1.32939e-05 2.42413 
0.964108 0.307668 0.000103554 2.42438 
0.964506 0.308408 0.000497984 2.42588 
0.964031 0.307643 -6.87697e-06 2.42411 
0.964036 0.307644 -1.28525e-05 2.42413 
0.964031 0.307643 -6.33957e-06 2.42411 
0.96404 0.307646 -1.80841e-05 2.42414 
0.964036 0.307644 -1.24323e-05 2.42413 
0.964028 0.307642 2.9959e-06 2.4241 
0.964028 0.307642 2.80547e-06 2.4241 
0.964027 0.307642 8.16297e-07 2.42409 
0.964417 0.303634 0.00313694 2.42475 
0.964178 0.311116 -0.000340457 2.42515 
0.964479 0.306683 0.00022003 2.42571 
0.964989 0.323014 -0.00642651 2.42837 
0.964145 0.307676 0.00013956 2.42451 
0.964156 0.307703 0.000140524 2.42455 
0.964056 0.307653 3.73754e-05 2.4242 
0.964054 0.307644 3.43739e-05 2.42419 
0.964062 0.307645 4.46864e-05 2.42422 
0.964027 0.307642 4.49273e-07 2.42409 
0.964027 0.307642 -1.74391e-06 2.4241 
0.964027 0.307642 -7.63322e-07 2.42409 
0.964027 0.307642 1.10185e-06 2.42409 
0.964027 0.307642 5.9653e-07 2.42409 
0.964027 0.307642 1.65014e-06 2.4241 
0.964027 0.307642 -7.30445e-07 2.42409 
0.964027 0.307642 -1.23733e-06 2.42409 
0.964029 0.307642 -4.49623e-06 2.4241 
0.964028 0.307642 -3.06235e-06 2.4241 
0.964093 0.307667 8.58648e-05 2.42433 
0.964099 0.307702 0.000103167 2.42436 
0.964132 0.307675 0.000123704 2.42446 
0.96421 0.307659 0.000254882 2.42474 
0.964191 0.307721 0.000256024 2.42468 
0.964046 0.307649 2.55188e-05 2.42416 
0.964037 0.307648 1.50538e-05 2.42413 
0.964049 0.30765 2.92925e-05 2.42417 
0.964039 0.307648 1.7807e-05 2.42414 
0.964027 0.307642 1.36689e-06 2.42409 
0.964028 0.307642 3.26343e-06 2.4241 
0.96403 0.307643 5.50794e-06 2.4241 
0.964027 0.307642 9.87196e-07 2.42409 
0.964027 0.307642 1.69422e-06 2.4241 
0.964035 0.307645 1.19947e-05 2.42412 
0.964029 0.307642 3.92055e-06 2.4241 
0.96403 0.307643 6.02986e-06 2.42411 
0.96404 0.307647 1.82644e-05 2.42414 
0.964034 0.307644 1.07722e-05 2.42412 
0.964039 0.307646 1.73681e-05 2.42414 
0.964142 0.307711 0.000124944 2.42451 
0.964137 0.307712 0.00014936 2.42449 
0.964337 0.307841 0.00038482 2.42518 
0.964514 0.308018 0.000412627 2.42588 
0.964349 0.307761 0.000313721 2.42522 
0.964217 0.307747 0.000256272 2.42478 
0.964586 0.307917 0.000587808 2.42607 
0.964458 0.307984 0.000808071 2.42575 
0.964223 0.306524 -0.00061623 2.42491 
0.963937 0.306409 0.000263239 2.42412 
0.964298 0.308521 -0.000758142 2.4251 
0.964259 0.30817 -0.000406649 2.42499 
0.964508 0.308671 -0.000442315 2.42582 
0.965304 0.323544 -0.000325558 2.43026 
0.967326 0.348539 0.00366225 2.44071 
0.953087 0.231055 -0.00576522 2.38674 
0.952043 0.136424 -0.00193582 2.37968 
0.960337 0.252962 0.00617718 2.41177 
0.963687 0.324342 -0.00246819 2.42495 
0.961989 0.332878 7.98837e-06 2.42037 
0.965315 0.307401 0.000300783 2.42877 
0.963831 0.305855 0.00273986 2.4236 
0.97032 0.33664 -0.00465945 2.44692 
0.968055 0.325922 0.000610078 2.43843 
0.964031 0.307643 7.09368e-06 2.42411 
0.964037 0.307646 1.39171e-05 2.42413 
0.964031 0.307643 6.46205e-06 2.42411 
0.964051 0.307654 3.19064e-05 2.42418 
0.96404 0.307648 1.83099e-05 2.42414 
0.964037 0.307647 1.48389e-05 2.42413 
0.964035 0.307645 1.2159e-05 2.42412 
0.964678 0.308863 0.00041507 2.42659 
0.964617 0.308488 0.000663541 2.42623 
0.964131 0.307702 0.000119146 2.42447 
0.964107 0.307694 0.00012302 2.42439 
0.964181 0.307622 0.000223244 2.42465 
0.964281 0.307727 0.000427858 2.42499 
0.964057 0.307657 3.53948e-05 2.4242 
0.964076 0.307685 5.34213e-05 2.42427 
0.964045 0.307649 2.43344e-05 2.42416 
0.964053 0.307652 3.32612e-05 2.42419 
0.964076 0.30768 5.54891e-05 2.42427 
0.964264 0.307592 0.000322706 2.42491 
0.964108 0.307642 9.14628e-05 2.42438 
0.964096 0.307673 7.02355e-05 2.42434 
0.964061 0.307644 4.05243e-05 2.42421 
0.964062 0.30765 3.76886e-05 2.42422 
0.964098 0.307653 7.70793e-05 2.42434 
0.964132 0.307655 0.000130916 2.42446 
0.964104 0.307658 9.1271e-05 2.42436 
0.964738 0.307828 0.00081594 2.42655 
0.964974 0.308448 0.000796296 2.42746 
0.964359 0.307644 0.000415634 2.42525 
0.964256 0.307618 0.000279027 2.42486 
0.964299 0.304633 0.00129889 2.42488 
0.964935 0.302439 0.00194418 2.42677 
0.964438 0.307716 5.9731e-05 2.42546 
0.964483 0.308094 0.000675763 2.42566 
0.964538 0.305567 0.000855462 2.42558 
0.965194 0.305391 0.00153442 2.42779 
0.964874 0.305563 0.00170292 2.427 
0.969808 0.321484 0.0041073 2.44338 
0.969029 0.333231 -0.00106921 2.44434 
0.965006 0.305722 0.00386843 2.42714 
0.9668 0.30793 0.00155099 2.43383 
0.965267 0.323709 -0.00197023 2.431 
0.968224 0.318524 -0.00187184 2.43848 
0.96401 0.306357 0.000494532 2.42426 
0.963888 0.306078 -0.000398967 2.42396 
0.964257 0.308668 0.000535493 2.42505 
0.964371 0.308472 0.000218436 2.42542 
0.964027 0.307641 -8.52364e-07 2.42409 
0.964027 0.307641 5.37007e-07 2.42409 
0.964027 0.307641 1.08801e-06 2.42409 
0.964027 0.307641 4.04768e-07 2.42409 
0.96423 0.307575 -0.000248512 2.42478 
0.964232 0.307603 -0.000294409 2.4248 
0.964149 0.307682 -0.000149488 2.42452 
0.964121 0.307649 -9.89499e-05 2.42442 
0.964103 0.307652 -9.58486e-05 2.42436 
0.964079 0.307651 -6.81533e-05 2.42428 
0.964043 0.307647 -2.27462e-05 2.42415 
0.964063 0.307648 -4.58357e-05 2.42422 
0.964057 0.307648 -3.86889e-05 2.4242 
0.964076 0.307652 -6.03607e-05 2.42427 
0.964095 0.307676 -8.53514e-05 2.42434 
0.9641 0.30768 -9.58442e-05 2.42436 
0.964029 0.307642 -4.31057e-06 2.4241 
0.964029 0.307642 -4.75681e-06 2.4241 
0.964027 0.307641 -1.56464e-06 2.42409 
0.964027 0.307642 -1.94684e-06 2.4241 
0.964027 0.307642 -8.89093e-07 2.42409 
0.96403 0.307642 -6.09477e-06 2.42411 
0.950432 0.232279 -0.00724489 2.37852 
0.950666 0.138143 -0.00139419 2.37546 
0.959883 0.253626 0.00712718 2.41015 
0.966461 0.347868 0.00523127 2.43751 
0.96863 0.335569 -0.00863884 2.44114 
0.967907 0.324343 0.000136752 2.43755 
0.964418 0.322875 -0.000622767 2.42733 
0.964443 0.307889 0.000643406 2.42555 
0.964406 0.308584 0.000425391 2.42561 
0.964637 0.30848 0.000990198 2.42628 
0.964674 0.30911 0.000624198 2.42661 
0.964532 0.305707 7.68846e-05 2.42569 
0.964249 0.307644 0.000288329 2.42487 
0.964216 0.307626 0.000210539 2.42477 
0.964142 0.3077 0.000132101 2.42451 
0.964134 0.307691 0.000150232 2.42448 
0.964106 0.307688 9.67728e-05 2.42438 
0.964338 0.307822 0.000430161 2.42518 
0.964327 0.308114 0.000323188 2.42532 
0.964715 0.309011 0.000810765 2.42674 
0.964649 0.30836 0.000901559 2.42628 
0.964325 0.307609 0.000407176 2.42513 
0.964166 0.307712 0.000174209 2.4246 
0.964153 0.30771 0.0001374 2.42455 
0.964107 0.307669 9.56591e-05 2.42438 
0.967673 0.321622 0.00533449 2.43702 
0.970384 0.34212 0.00597349 2.44657 
0.968646 0.317757 0.00272859 2.43927 
0.965153 0.301499 0.00167506 2.42692 
0.965779 0.303253 0.00286036 2.42967 
0.964129 0.307692 0.000109502 2.42446 
0.96421 0.307615 0.000198347 2.42473 
0.964286 0.307528 0.000262188 2.42497 
0.96427 0.307559 0.000318415 2.42494 
0.964031 0.307643 -7.59096e-06 2.42411 
0.964031 0.307643 -7.53096e-06 2.42411 
0.96403 0.307643 -5.14472e-06 2.4241 
0.964029 0.307643 -4.74512e-06 2.4241 
0.964027 0.307642 -5.93495e-07 2.42409 
0.964027 0.307642 -7.75438e-07 2.42409 
0.964027 0.307642 -2.09364e-06 2.4241 
0.964028 0.307642 -3.04333e-06 2.4241 
0.964027 0.307642 -1.24663e-06 2.42409 
0.964828 0.3083 -0.000948055 2.42705 
0.96489 0.305378 -0.00146432 2.42691 
0.96479 0.308176 -0.000826202 2.4269 
0.957031 0.136241 -0.0055537 2.39597 
0.959867 0.256583 -0.0102675 2.41038 
0.957716 0.110255 0.00416186 2.39489 
0.970154 0.239471 -0.00373633 2.44072 
0.967028 0.321374 -0.000519195 2.43492 
0.967204 0.341379 -0.00447375 2.43844 
0.965086 0.305617 -0.00184053 2.42776 
0.9656 0.302762 -0.00154512 2.42902 
0.967272 0.319518 -0.00302976 2.43543 
0.965324 0.325692 -0.00363582 2.42859 
0.971934 0.234794 -0.00781657 2.44448 
0.958418 0.146684 -0.00632438 2.40008 
0.962422 0.263914 -0.00483187 2.42085 
0.953161 0.107829 -0.000352604 2.38262 
0.952224 0.23607 0.00526207 2.3855 
0.965291 0.301408 -0.00195174 2.4279 
0.969245 0.318788 -0.00753442 2.44117 
0.969544 0.345628 -0.00891228 2.44539 
0.964532 0.308209 -0.000608734 2.4259 
0.964358 0.308026 -0.000533629 2.42535 
0.964188 0.307618 -0.000156277 2.42464 
0.964267 0.307523 -0.000186523 2.42493 
0.964113 0.307657 -0.000112519 2.42441 
0.964222 0.307696 -0.000286184 2.42478 
0.964111 0.307703 -9.25082e-05 2.4244 
0.964088 0.307658 -6.82578e-05 2.42431 
0.964149 0.307567 -0.000129363 2.42451 
0.964234 0.307511 -0.000291018 2.42477 
0.964102 0.307662 -9.11353e-05 2.42436 
0.964108 0.307673 -0.000108981 2.42439 
0.964061 0.307647 -3.87766e-05 2.42421 
0.964055 0.307648 -3.70733e-05 2.42419 
0.964071 0.307657 -5.75914e-05 2.42425 
0.96413 0.307699 -0.0001426 2.42446 
0.964095 0.30769 -8.84182e-05 2.42434 
0.964064 0.307653 -4.71878e-05 2.42423 
0.964074 0.307658 -5.92017e-05 2.42426 
0.964027 0.307642 -4.35795e-07 2.42409 
0.964027 0.307642 8.48558e-07 2.42409 
0.964037 0.307646 1.48249e-05 2.42413 
0.964034 0.307644 1.05985e-05 2.42412 
0.965337 0.303941 -0.0018183 2.42839 
0.965746 0.304517 -0.00142775 2.42985 
0.970596 0.331463 0.00724943 2.44773 
0.966139 0.345403 -0.00938364 2.43601 
0.967987 0.323786 0.00035088 2.43872 
0.964118 0.322795 -0.000138446 2.4266 
0.949697 0.229561 0.00415087 2.37656 
0.953566 0.145559 -0.00225495 2.38641 
0.962266 0.260636 -0.0129327 2.41789 
0.964035 0.307644 -1.16336e-05 2.42412 
0.96403 0.307643 -5.82704e-06 2.42411 
0.964029 0.307642 -4.93593e-06 2.4241 
0.964035 0.307646 1.13387e-05 2.42412 
0.964038 0.307647 1.47903e-05 2.42413 
0.964062 0.307659 4.53127e-05 2.42422 
0.964052 0.307654 3.06951e-05 2.42418 
0.964038 0.307647 1.51437e-05 2.42413 
0.964036 0.307646 1.30313e-05 2.42413 
0.964034 0.307645 1.07033e-05 2.42412 
0.964049 0.307647 2.80043e-05 2.42417 
0.964045 0.307647 2.45566e-05 2.42416 
0.964055 0.307645 3.57745e-05 2.42419 
0.964027 0.307642 -1.34899e-06 2.42409 
0.964027 0.307642 -4.56799e-07 2.42409 
0.964028 0.307642 -3.10382e-06 2.4241 
0.96403 0.307642 -5.11651e-06 2.4241 
0.964029 0.307642 -4.12429e-06 2.4241 
0.964027 0.307642 -1.73237e-06 2.42409 
0.964027 0.307641 5.95669e-07 2.42409 
0.964027 0.307642 1.1833e-06 2.42409 
0.964027 0.307642 1.18035e-06 2.42409 
0.964028 0.307642 2.64998e-06 2.4241 
0.964029 0.307642 4.20097e-06 2.4241 
0.964028 0.307642 3.35211e-06 2.4241 
0.964038 0.307644 1.53483e-05 2.42413 
0.964038 0.307644 1.51848e-05 2.42413 
0.966628 0.316535 -0.00311974 2.43342 
0.965917 0.302531 -0.00119818 2.43026 
0.965338 0.304928 -0.00263677 2.42845 
0.965686 0.304334 -0.00528489 2.42928 
0.970605 0.321293 -0.00618821 2.44591 
0.964059 0.307653 -4.21123e-05 2.42421 
0.964073 0.307655 -5.55958e-05 2.42426 
0.96404 0.307646 -1.71482e-05 2.42414 
0.964043 0.307647 -2.2405e-05 2.42415 
0.964044 0.307647 -2.31441e-05 2.42416 
0.964061 0.30765 -4.27087e-05 2.42421 
0.964029 0.307642 -4.1644e-06 2.4241 
0.96403 0.307643 -5.92347e-06 2.42411 
0.964027 0.307642 -1.15881e-06 2.42409 
0.964027 0.307642 -1.93053e-06 2.4241 
0.964027 0.307642 -1.63961e-06 2.42409 
0.964028 0.307643 -3.80629e-06 2.4241 
0.96403 0.307643 -5.92553e-06 2.42411 
0.964546 0.320353 0.00384452 2.4266 
0.962212 0.326921 0.00604793 2.42077 
0.966662 0.326965 0.00967239 2.43083 
0.949271 0.225509 0.0074171 2.37347 
0.959327 0.326908 0.00770465 2.41133 
0.949108 0.131914 0.00195647 2.37002 
0.958122 0.221614 0.000597757 2.39898 
0.966498 0.319471 0.0108094 2.43387 
0.963732 0.31083 0.00462488 2.42239 
0.961836 0.218496 -0.00134312 2.41482 
0.967333 0.319605 -0.00264359 2.43652 
0.965355 0.302025 -0.000973715 2.42788 
0.964188 0.307664 -0.000172489 2.42466 
0.966458 0.322863 -0.00248681 2.4347 
0.965028 0.316057 -0.00228158 2.42878 
0.971011 0.33413 0.0034389 2.45031 
0.965325 0.327115 -0.00350339 2.42906 
0.964371 0.303529 -0.00206973 2.42519 
0.959517 0.103142 0.00223288 2.40125 
0.971277 0.232005 -0.0105651 2.44294 
0.965455 0.324217 -0.00908383 2.42915 
0.967656 0.317856 0.00324794 2.43615 
0.95749 0.212566 0.00359219 2.39849 
0.964096 0.307668 -8.8568e-05 2.42433 
0.964117 0.307671 -9.26399e-05 2.42441 
0.964103 0.307708 -0.000115084 2.42437 
0.964217 0.307639 -0.000218805 2.42474 
0.964237 0.307678 -0.000235741 2.42484 
0.964236 0.307628 -0.000200751 2.42482 
0.964299 0.308002 -0.000237211 2.42522 
0.964294 0.307802 -0.000202359 2.42516 
0.964518 0.308009 -0.000588298 2.42585 
0.964281 0.307543 -0.000322017 2.42494 
0.964059 0.30765 -4.3048e-05 2.42421 
0.964038 0.307647 -1.70269e-05 2.42414 
0.964035 0.307644 -1.22759e-05 2.42412 
0.964041 0.307646 -2.03151e-05 2.42415 
0.96503 0.303168 -0.00194843 2.42736 
0.965438 0.305768 -0.00208658 2.42859 
0.964988 0.308527 -0.00126618 2.42757 
0.954414 0.110859 -0.00228301 2.38719 
0.952879 0.239138 -0.00040478 2.38645 
0.952573 0.114846 0.0063364 2.38075 
0.967768 0.243329 8.369e-05 2.43246 
0.951659 0.113263 0.00321648 2.37627 
0.966071 0.244891 -0.000572327 2.42824 
0.96384 0.327977 0.000644291 2.42422 
0.953136 0.113836 -0.00307635 2.38316 
0.957542 0.134764 -0.00652852 2.39766 
0.959997 0.256231 -0.00952582 2.41118 
0.967873 0.323184 -0.000989949 2.43851 
0.967983 0.342406 -0.00450563 2.44151 
0.953334 0.129848 -0.00246061 2.38277 
0.961058 0.24904 -0.00169569 2.41205 
0.969261 0.34322 -0.00234562 2.44413 
0.968022 0.322201 -0.00138478 2.43836 
0.964059 0.307647 -4.2039e-05 2.42421 
0.964048 0.307646 -2.79822e-05 2.42417 
0.964095 0.307668 -8.39302e-05 2.42433 
0.964119 0.307674 -0.000108489 2.42442 
0.964048 0.307646 -2.78614e-05 2.42417 
0.964116 0.307676 -0.000107421 2.42441 
0.964027 0.307642 -5.68567e-07 2.42409 
0.964027 0.307642 5.89364e-07 2.42409 
0.964027 0.307642 7.59253e-07 2.42409 
0.964085 0.307663 -6.486e-05 2.4243 
0.964085 0.307663 -7.23165e-05 2.4243 
0.964053 0.307646 -3.41127e-05 2.42419 
0.964191 0.307594 -0.00020428 2.42466 
0.966778 0.318116 -0.00571865 2.43313 
0.968171 0.321284 -0.0017254 2.43869 
0.965476 0.322403 -0.00027323 2.42815 
0.968596 0.330636 0.00595435 2.44153 
0.96418 0.307638 -0.000186636 2.42463 
0.964246 0.307557 -0.000219897 2.42485 
0.964766 0.333606 -0.0043528 2.42782 
0.969263 0.333784 0.00338911 2.44405 
0.969713 0.256011 -0.000415124 2.44169 
0.952946 0.244589 -0.000812226 2.38805 
0.964953 0.304738 -0.000523451 2.42753 
0.963783 0.305394 0.00236273 2.42333 
0.964622 0.305478 0.00202034 2.42575 
0.964384 0.307882 0.000150764 2.42539 
0.964414 0.307738 0.00037111 2.42537 
0.966306 0.304441 0.00309887 2.43141 
0.965613 0.301715 0.00270974 2.42863 
0.969417 0.318055 0.00766617 2.4419 
0.970513 0.34443 0.0117237 2.4495 
0.967083 0.32284 0.00555793 2.43713 
0.964919 0.308568 0.00118428 2.42731 
0.964968 0.304988 0.00121745 2.42737 
0.964843 0.308175 0.000905895 2.42703 
0.965739 0.304388 0.000999646 2.42996 
0.964911 0.307083 0.00156919 2.42729 
0.964122 0.307662 0.000121872 2.42443 
0.964055 0.30764 3.53762e-05 2.42419 
0.964053 0.307644 3.32719e-05 2.42418 
0.964075 0.30765 5.98158e-05 2.42426 
0.964098 0.307663 7.36776e-05 2.42434 
0.964269 0.307386 0.000371187 2.42488 
0.964251 0.307606 0.000286024 2.42485 
0.964092 0.307651 7.3512e-05 2.42432 
0.964132 0.307664 0.000132132 2.42447 
0.964205 0.307358 0.000244123 2.4247 
0.964156 0.307557 0.000142397 2.42453 
0.964625 0.309119 -0.000499783 2.42632 
0.964461 0.308553 -0.00034237 2.42569 
0.964414 0.306226 -0.00125499 2.42586 
0.964531 0.308959 -0.000952899 2.426 
0.964678 0.308498 -0.000771064 2.42652 
0.965125 0.306222 -0.00188733 2.42766 
0.965142 0.30491 -0.00188755 2.4279 
0.964429 0.306079 -0.000644782 2.42567 
0.96485 0.308056 -0.0014452 2.42699 
0.964627 0.308364 -0.000720752 2.42628 
0.965369 0.305513 -0.00201237 2.42853 
0.964621 0.306163 -0.00134939 2.42633 
0.964778 0.308875 -0.000746443 2.42689 
0.964034 0.307646 -1.04651e-05 2.42412 
0.964037 0.307647 -1.39422e-05 2.42413 
0.964035 0.307646 -1.09226e-05 2.42412 
0.96403 0.307642 -5.34736e-06 2.4241 
0.964028 0.307642 -3.05327e-06 2.4241 
0.964028 0.307642 -2.85523e-06 2.4241 
0.964028 0.307642 -3.76339e-06 2.4241 
0.964029 0.307642 -3.86917e-06 2.4241 
0.964028 0.307642 -2.62228e-06 2.4241 
0.964026 0.307642 -4.82427e-07 2.42409 
0.964027 0.307642 -1.05271e-06 2.42409 
0.96502 0.307953 -0.000512464 2.42749 
0.964393 0.307554 -0.000271305 2.42532 
0.96462 0.307983 -0.000674405 2.42622 
0.964943 0.308224 -0.0015888 2.42735 
0.964093 0.307641 -6.92487e-05 2.42433 
0.964152 0.307658 -0.000154075 2.42453 
0.964083 0.307665 -6.22391e-05 2.4243 
0.964112 0.307701 -9.3508e-05 2.4244 
0.964155 0.307617 -0.000139671 2.42454 
0.964065 0.30765 -5.12715e-05 2.42423 
0.964109 0.307673 -0.000103239 2.42438 
0.964114 0.307683 -0.000111142 2.4244 
0.96407 0.30766 -5.89218e-05 2.42425 
0.964055 0.307652 -3.76976e-05 2.4242 
0.96403 0.307642 -5.17226e-06 2.4241 
0.964033 0.307644 -9.23459e-06 2.42412 
0.964033 0.307644 -8.89631e-06 2.42411 
0.964029 0.307642 -4.6983e-06 2.4241 
0.964027 0.307642 -1.26592e-06 2.42409 
0.964028 0.307642 -3.10396e-06 2.4241 
0.964028 0.307642 -2.89678e-06 2.4241 
0.96403 0.307643 -5.82685e-06 2.42411 
0.964028 0.307642 -3.54251e-06 2.4241 
0.964035 0.307644 -1.13862e-05 2.42412 
0.964034 0.307644 -1.04483e-05 2.42412 
0.96403 0.307643 -5.17596e-06 2.4241 
0.964037 0.307645 1.47724e-05 2.42413 
0.964048 0.307651 2.84971e-05 2.42417 
0.964038 0.307646 1.57144e-05 2.42413 
0.964048 0.30765 2.60543e-05 2.42417 
0.964073 0.307665 -5.02127e-05 2.42426 
0.964121 0.30768 -9.58483e-05 2.42442 
0.964081 0.307664 -5.82468e-05 2.42428 
0.964095 0.307703 -7.26867e-05 2.42434 
0.968434 0.320529 0.0036925 2.44047 
0.967363 0.340553 0.00830954 2.43936 
0.966247 0.319276 0.00120428 2.4327 
0.965026 0.30494 0.00291427 2.42693 
0.966591 0.306453 0.00167208 2.43267 
0.964192 0.307606 0.000241204 2.42469 
0.964286 0.307487 0.000378022 2.42497 
0.964046 0.307639 2.37894e-05 2.42416 
0.964036 0.307646 1.27588e-05 2.42413 
0.964036 0.307644 1.25023e-05 2.42413 
0.964081 0.307687 7.09876e-05 2.42429 
0.964106 0.307722 7.44814e-05 2.42438 
0.964053 0.307637 3.65766e-05 2.42418 
0.964046 0.307645 2.58285e-05 2.42416 
0.964045 0.307646 2.3848e-05 2.42416 
0.964109 0.307679 8.54959e-05 2.42438 
0.964029 0.307642 4.9444e-06 2.4241 
0.964033 0.307643 9.08276e-06 2.42411 
0.964029 0.307642 4.94725e-06 2.4241 
0.964033 0.307643 9.79963e-06 2.42412 
0.964036 0.307645 1.28182e-05 2.42413 
0.964055 0.307651 3.67587e-05 2.42419 
0.964047 0.307645 2.69741e-05 2.42416 
0.96409 0.307667 8.58704e-05 2.42432 
0.964054 0.307644 3.27189e-05 2.42419 
0.964084 0.307657 7.37873e-05 2.4243 
0.964027 0.307642 -1.36314e-06 2.42409 
0.964027 0.307642 -1.14389e-06 2.42409 
0.964026 0.307642 -6.45849e-07 2.42409 
0.964026 0.307642 5.04699e-07 2.42409 
0.964039 0.307644 1.71474e-05 2.42414 
0.96404 0.307645 1.8198e-05 2.42414 
0.964034 0.307644 1.00508e-05 2.42412 
0.964037 0.307644 1.36835e-05 2.42413 
0.964389 0.307707 0.000387367 2.42533 
0.96432 0.307642 0.000318515 2.42514 
0.964685 0.307823 0.000659723 2.42641 
0.96413 0.307702 0.000140116 2.42446 
0.964206 0.307639 0.000246981 2.42473 
0.964102 0.307687 9.31232e-05 2.42436 
0.964027 0.307642 -5.63097e-07 2.42409 
0.964027 0.307642 4.01059e-07 2.42409 
0.964027 0.307642 1.23437e-06 2.42409 
0.964026 0.307642 -4.69234e-07 2.42409 
0.964027 0.307642 6.96514e-07 2.42409 
0.966118 0.317428 0.00497836 2.43217 
0.966465 0.327824 0.0120176 2.43422 
0.970091 0.325811 0.00160293 2.4445 
0.966965 0.316351 -3.32648e-05 2.4334 
0.964095 0.307671 8.86652e-05 2.42434 
0.964102 0.307673 9.18514e-05 2.42436 
0.964039 0.307645 1.72406e-05 2.42414 
0.964053 0.307647 3.44286e-05 2.42419 
0.964036 0.307644 1.32873e-05 2.42413 
0.964039 0.307645 1.66814e-05 2.42414 
0.964064 0.307651 5.0047e-05 2.42423 
0.964054 0.307651 3.56991e-05 2.42419 
0.964027 0.307642 1.54411e-06 2.4241 
0.96403 0.307643 6.28393e-06 2.42411 
0.964029 0.307642 3.98581e-06 2.4241 
0.96403 0.307643 6.09222e-06 2.42411 
0.964039 0.307646 1.58138e-05 2.42414 
0.964034 0.307645 1.08779e-05 2.42412 
0.96404 0.307646 1.75152e-05 2.42414 
0.964305 0.307546 0.000336113 2.42505 
0.964211 0.307615 0.000224617 2.42474 
0.964625 0.308082 0.0006248 2.42621 
0.964685 0.308054 0.000781017 2.42639 
0.964352 0.307626 0.000294948 2.42522 
0.96422 0.307626 0.000255305 2.42476 
0.964051 0.307649 3.1988e-05 2.42418 
0.964091 0.307681 7.99321e-05 2.42432 
0.964063 0.307654 4.53258e-05 2.42422 
0.964093 0.307683 7.80265e-05 2.42433 
0.964059 0.307653 4.50034e-05 2.42421 
0.964298 0.307553 0.000380834 2.42502 
0.96442 0.307603 0.000437717 2.42544 
0.964582 0.307835 0.000652805 2.42596 
0.964872 0.308451 0.00103523 2.42695 
0.964657 0.308009 0.000783616 2.42635 
0.96489 0.308761 0.000988223 2.42721 
0.964545 0.30813 0.000444118 2.42596 
0.964335 0.307645 0.000313306 2.42517 
0.964753 0.308735 0.00121383 2.42672 
0.96474 0.308035 0.000927054 2.42656 
0.964255 0.307676 0.000320465 2.4249 
0.964345 0.30759 0.000401177 2.42519 
0.964145 0.307718 0.000177616 2.42454 
0.964122 0.307684 6.95876e-05 2.42445 
0.964325 0.307929 0.00031872 2.42516 
0.964459 0.308091 0.000254626 2.42569 
0.964569 0.308107 0.000449561 2.426 
0.964212 0.307561 0.000108445 2.42472 
0.964188 0.307576 0.000196747 2.42464 
0.964291 0.30754 0.000303798 2.42496 
0.964032 0.307642 -7.95302e-06 2.42411 
0.964028 0.307641 -3.2134e-06 2.4241 
0.964029 0.307641 -4.59179e-06 2.4241 
0.964028 0.307641 -3.2803e-06 2.4241 
0.96403 0.307641 -5.3567e-06 2.4241 
0.964271 0.304525 0.000243131 2.42474 
0.964931 0.30802 0.00130181 2.42718 
0.965606 0.304981 0.0012761 2.42891 
0.966012 0.303166 0.00053432 2.43042 
0.964873 0.303458 0.0023201 2.42659 
0.964113 0.307675 0.000106297 2.4244 
0.964116 0.307678 0.000117785 2.42442 
0.964099 0.307666 7.39045e-05 2.42435 
0.964054 0.307644 3.16095e-05 2.42419 
0.964046 0.307647 2.31824e-05 2.42416 
0.96406 0.307659 4.06029e-05 2.42421 
0.964219 0.307667 0.000270034 2.42478 
0.964222 0.307637 0.000243564 2.42477 
0.964132 0.307685 0.000130228 2.42446 
0.964088 0.307659 7.7833e-05 2.4243 
0.964081 0.307652 6.67743e-05 2.42428 
0.96411 0.307656 8.86702e-05 2.42438 
0.965377 0.305313 -0.00259578 2.42853 
0.964765 0.30842 -0.00142589 2.42667 
0.964862 0.307603 -0.000852293 2.42694 
0.964143 0.307695 -0.000128434 2.42451 
0.964107 0.307685 -9.32982e-05 2.42438 
0.964215 0.307645 -0.000234491 2.42474 
0.964213 0.307649 -0.000246359 2.42474 
0.964131 0.307698 -0.000143478 2.42447 
0.964056 0.307651 -3.88361e-05 2.4242 
0.964053 0.30765 -3.34664e-05 2.42419 
0.964042 0.307647 -2.11745e-05 2.42415 
0.964036 0.307646 -1.30589e-05 2.42413 
0.96404 0.307647 -1.74047e-05 2.42414 
0.964036 0.307646 -1.31804e-05 2.42413 
0.964027 0.307642 -1.59149e-06 2.4241 
0.964027 0.307642 -4.141e-07 2.42409 
0.964027 0.307642 -1.49669e-06 2.42409 
0.964027 0.307642 1.15596e-06 2.42409 
0.964027 0.307642 -6.43473e-07 2.42409 
0.964035 0.307645 1.19478e-05 2.42412 
0.96403 0.307643 6.33005e-06 2.42411 
0.96403 0.307643 5.74103e-06 2.42411 
0.964029 0.307642 3.86765e-06 2.4241 
0.964027 0.307642 1.99548e-06 2.4241 
0.964028 0.307642 2.25782e-06 2.4241 
0.964029 0.307642 4.47018e-06 2.4241 
0.965151 0.306165 -0.0011913 2.4277 
0.964618 0.305645 -0.000769228 2.42604 
0.964034 0.307644 -1.10345e-05 2.42412 
0.964038 0.307645 -1.5428e-05 2.42413 
0.964034 0.307644 -1.07951e-05 2.42412 
0.964028 0.307642 2.31971e-06 2.4241 
0.964027 0.307642 8.60617e-07 2.42409 
0.964027 0.307642 -3.74503e-07 2.42409 
0.964105 0.307683 9.84827e-05 2.42437 
0.964106 0.307677 0.000100201 2.42438 
0.964073 0.30765 5.65014e-05 2.42426 
0.955816 0.114303 0.00348734 2.39022 
0.971149 0.248064 -0.00281294 2.44456 
0.955823 0.114756 -0.00300127 2.3924 
0.956331 0.245916 -0.00296134 2.39932 
0.971411 0.334315 -0.000107632 2.45171 
0.966118 0.328295 -0.00284083 2.43187 
0.956183 0.116633 -0.00602726 2.39294 
0.956093 0.244021 -0.00548659 2.39805 
0.959684 0.225559 -0.00731439 2.40834 
0.970982 0.334636 -0.00124589 2.45041 
0.965864 0.327219 -0.00225998 2.43346 
0.961071 0.107065 -0.00083517 2.40783 
0.960524 0.139065 -0.00721019 2.40885 
0.972998 0.236241 -0.0151497 2.45058 
0.964318 0.307679 -0.000429314 2.42514 
0.965045 0.302635 -0.00154567 2.42769 
0.972896 0.339026 -0.0104055 2.45597 
0.966573 0.336082 -0.00587343 2.43495 
0.965598 0.319307 -0.00334206 2.4316 
0.964572 0.306942 -0.000528614 2.42615 
0.964231 0.307657 -0.00028503 2.42483 
0.964214 0.307658 -0.000247521 2.42475 
0.964579 0.308524 -0.000637172 2.42607 
0.964373 0.307979 -0.00038549 2.42535 
0.964403 0.308003 -0.000604479 2.42542 
0.964233 0.307539 -0.000299481 2.42482 
0.964426 0.307632 -0.000501936 2.42544 
0.964139 0.307638 -0.000109088 2.42451 
0.964157 0.307674 -0.000168677 2.42457 
0.964247 0.307631 -0.000300828 2.42486 
0.964435 0.308013 -0.000539496 2.42561 
0.964112 0.307664 -0.000101989 2.42439 
0.964129 0.307662 -0.000123774 2.42445 
0.964134 0.307693 -0.000141294 2.42448 
0.964217 0.3076 -0.000219238 2.42473 
0.964211 0.307636 -0.000252794 2.42475 
0.964291 0.307534 -0.000260687 2.42499 
0.964034 0.307645 -1.09854e-05 2.42412 
0.964047 0.307653 -2.64546e-05 2.42417 
0.964027 0.307642 -1.41931e-06 2.42409 
0.964027 0.307642 -8.29073e-07 2.42409 
0.964037 0.307646 -1.37108e-05 2.42413 
0.964033 0.307645 -9.33875e-06 2.42412 
0.964029 0.307643 -4.63072e-06 2.4241 
0.964029 0.307643 -4.96858e-06 2.4241 
0.964028 0.307643 -3.52741e-06 2.4241 
0.964027 0.307642 -5.00935e-07 2.42409 
0.964027 0.307642 -1.40493e-06 2.42409 
0.964027 0.307642 -6.21201e-07 2.42409 
0.964028 0.307642 -3.25413e-06 2.4241 
0.96403 0.307642 -5.4186e-06 2.4241 
0.964045 0.307644 -2.31664e-05 2.42416 
0.964036 0.307645 -1.24874e-05 2.42413 
0.964033 0.307644 -9.13074e-06 2.42412 
0.964037 0.307646 -1.38486e-05 2.42413 
0.964033 0.307644 -9.0109e-06 2.42412 
0.964056 0.30765 -3.40699e-05 2.4242 
0.964067 0.307653 -5.38313e-05 2.42424 
0.964975 0.306928 -0.00156689 2.42771 
0.96482 0.308802 -0.00116867 2.42685 
0.964105 0.307667 -9.50345e-05 2.42437 
0.964242 0.307666 -0.00027142 2.42487 
0.964143 0.30772 -0.000149462 2.42451 
0.964104 0.307687 -9.60899e-05 2.42437 
0.964099 0.307696 -9.62601e-05 2.42435 
0.96536 0.304402 -0.00056711 2.42843 
0.964559 0.308309 -0.00083188 2.42591 
0.964448 0.307869 -0.000451311 2.42556 
0.964584 0.308271 -0.000670076 2.42605 
0.964789 0.30554 -0.00156471 2.42639 
0.964455 0.304607 -0.00218293 2.42526 
0.96474 0.306638 -0.00119985 2.42656 
0.965082 0.305743 -0.000650874 2.42799 
0.965224 0.306121 0.000898542 2.42787 
0.964301 0.305615 0.00116357 2.42505 
0.964328 0.30799 0.000479721 2.4252 
0.964534 0.308453 0.00078059 2.42581 
0.964525 0.308112 0.000521105 2.42583 
0.964798 0.308665 0.000552254 2.42689 
0.964914 0.301392 0.000823538 2.42718 
0.966328 0.318227 -0.00131272 2.43243 
0.968092 0.319003 -0.00345981 2.43725 
0.964517 0.299716 -0.0009877 2.42495 
0.96471 0.304868 1.22548e-05 2.42622 
0.964264 0.307542 -0.000314566 2.42488 
0.964166 0.307579 -0.000149608 2.42457 
0.964108 0.307666 -0.000108024 2.42438 
0.964119 0.307673 -8.7105e-05 2.42442 
0.964109 0.307687 -9.31059e-05 2.42439 
0.96404 0.307649 -1.86597e-05 2.42414 
0.96404 0.307649 -1.89033e-05 2.42414 
0.964053 0.307655 -3.44904e-05 2.42419 
0.964073 0.30767 -5.44624e-05 2.42426 
0.964071 0.307665 -5.74098e-05 2.42425 
0.964053 0.307652 -3.54854e-05 2.42419 
0.964027 0.307642 -1.03706e-06 2.42409 
0.964027 0.307642 -5.31588e-07 2.42409 
0.964029 0.307642 -3.90235e-06 2.4241 
0.964028 0.307642 -2.95062e-06 2.4241 
0.964027 0.307642 -1.26051e-06 2.42409 
0.964028 0.307642 -2.70722e-06 2.4241 
0.964547 0.307995 -0.000106882 2.42591 
0.964443 0.308277 -0.000562406 2.42559 
0.964571 0.308683 -0.000385368 2.42608 
0.964372 0.307762 -0.000365755 2.4253 
0.964204 0.307653 -0.000255206 2.42472 
0.964226 0.307761 -0.000268922 2.42481 
0.965212 0.305936 0.0010821 2.4279 
0.965657 0.302227 0.00024641 2.4294 
0.964878 0.305868 0.00184423 2.42718 
0.96473 0.308233 0.00127598 2.42657 
0.964662 0.309109 0.00111279 2.42646 
0.964664 0.308178 0.000763054 2.4263 
0.965313 0.306719 0.00112542 2.42834 
0.964257 0.305618 0.00077634 2.42494 
0.964815 0.308701 0.00031404 2.427 
0.964714 0.308924 0.00114372 2.42654 
0.964493 0.30836 0.000403782 2.42581 
0.964207 0.307602 0.000232544 2.42472 
0.964112 0.307655 9.12213e-05 2.42438 
0.964112 0.307663 0.000113084 2.4244 
0.964026 0.307642 -3.26095e-07 2.42409 
0.964027 0.307642 8.63133e-07 2.42409 
0.964026 0.307642 -2.69712e-07 2.42409 
0.964029 0.307642 -4.18725e-06 2.4241 
0.964027 0.307642 -1.7613e-06 2.4241 
0.964027 0.307642 1.80173e-06 2.4241 
0.964031 0.307643 6.62649e-06 2.42411 
0.964029 0.307642 4.56784e-06 2.4241 
0.964034 0.307643 1.00344e-05 2.42412 
0.964034 0.307643 1.0087e-05 2.42412 
0.964287 0.307502 0.000359044 2.42498 
0.964192 0.307604 0.000201743 2.42469 
0.964275 0.307673 0.000315268 2.42494 
0.964136 0.307668 0.000136101 2.42449 
0.964141 0.307699 0.000117148 2.4245 
0.964053 0.307654 3.49029e-05 2.42419 
0.964065 0.307658 5.02896e-05 2.42423 
0.964036 0.307645 1.35021e-05 2.42413 
0.964039 0.307647 1.75456e-05 2.42414 
0.964036 0.307645 1.34132e-05 2.42413 
0.96407 0.307657 5.37759e-05 2.42424 
0.964029 0.307643 4.21754e-06 2.4241 
0.964029 0.307643 3.99848e-06 2.4241 
0.964027 0.307642 1.82094e-06 2.4241 
0.964027 0.307642 1.69581e-06 2.4241 
0.96403 0.307643 5.27655e-06 2.4241 
0.96403 0.307643 5.9062e-06 2.42411 
0.964028 0.307642 3.76034e-06 2.4241 
0.964035 0.307645 1.26108e-05 2.42412 
0.964035 0.307645 1.1638e-05 2.42412 
0.964029 0.30513 0.000265781 2.42391 
0.964244 0.308098 0.000427226 2.425 
0.964409 0.301197 7.20954e-05 2.42459 
0.964047 0.307642 -2.6622e-05 2.42416 
0.964036 0.307642 -1.23058e-05 2.42412 
0.964074 0.307661 5.1177e-05 2.42426 
0.964078 0.307675 5.8834e-05 2.42428 
0.964054 0.30765 3.25958e-05 2.42419 
0.965335 0.30336 -0.00283695 2.42815 
0.967541 0.318249 -0.00336037 2.43726 
0.965632 0.303292 -0.00147723 2.42931 
0.96639 0.32276 -0.00121107 2.43446 
0.964598 0.306731 -0.00108445 2.42628 
0.965351 0.306835 -0.00174736 2.42852 
0.965244 0.324807 -0.00159126 2.4288 
0.970863 0.331907 0.00643097 2.44953 
0.964027 0.307642 -6.20966e-07 2.42409 
0.964027 0.307642 -7.77882e-07 2.42409 
0.964027 0.307642 -1.30749e-06 2.42409 
0.964028 0.307642 3.5207e-06 2.4241 
0.964027 0.307642 1.18196e-06 2.42409 
0.964028 0.307642 2.73227e-06 2.4241 
0.964027 0.307642 5.56267e-07 2.42409 
0.964027 0.307642 5.97822e-07 2.42409 
0.964027 0.307642 1.52608e-06 2.42409 
0.964444 0.308536 -0.000787436 2.42564 
0.964549 0.308158 -0.000678264 2.42598 
0.964729 0.308444 -0.000764558 2.4266 
0.964301 0.307612 -0.000357646 2.42503 
0.964187 0.307632 -0.000220815 2.42466 
0.964027 0.307642 -3.02029e-07 2.42409 
0.964066 0.307648 5.25244e-05 2.42423 
0.964038 0.307644 1.50989e-05 2.42413 
0.964041 0.307645 1.88144e-05 2.42414 
0.964058 0.307651 4.10606e-05 2.42421 
0.964044 0.307646 2.3238e-05 2.42415 
0.964056 0.307645 3.724e-05 2.42419 
0.964043 0.307647 2.20835e-05 2.42415 
0.964055 0.307645 3.57405e-05 2.42419 
0.964626 0.308115 -0.00070608 2.42618 
0.964221 0.307596 -0.00025241 2.42474 
0.96432 0.307601 -0.000410951 2.42509 
0.967422 0.326413 -0.0149064 2.4376 
0.970189 0.319981 -0.00434067 2.44515 
0.968684 0.317823 0.00220326 2.43903 
0.964522 0.307971 -0.000538601 2.42583 
0.964179 0.307687 -0.00018033 2.42464 
0.964154 0.30765 -0.000119282 2.42456 
0.964245 0.3075 -0.000179316 2.42482 
0.965102 0.306678 -0.00201032 2.42829 
0.965428 0.306854 -0.00243852 2.42913 
0.964879 0.308745 -0.000976469 2.42711 
0.964951 0.308805 -0.000711635 2.42744 
0.964691 0.308307 -0.000842296 2.42647 
0.969666 0.318458 -0.00823779 2.44393 
0.967413 0.317209 -0.00560087 2.43676 
0.966533 0.303188 -0.000311107 2.43248 
0.96622 0.306041 -0.00108443 2.43109 
0.965246 0.302608 -0.00129086 2.42789 
0.964511 0.303747 -0.000873044 2.42558 
0.96362 0.317662 0.00211024 2.4247 
0.968664 0.322546 0.00396066 2.44045 
0.964533 0.308239 -0.000704474 2.42597 
0.964623 0.30865 -0.000764521 2.42633 
0.965148 0.308879 -0.00202682 2.42812 
0.965117 0.305676 -0.000847801 2.42781 
0.964941 0.301808 1.57345e-05 2.42675 
0.965228 0.306087 -0.00159238 2.428 
0.965365 0.305571 -0.000680282 2.42828 
0.964726 0.308828 -0.000902459 2.42666 
0.964816 0.308743 -0.000643429 2.42683 
0.965329 0.302956 0.000385968 2.4285 
0.964655 0.306954 -0.00072173 2.42661 
0.964246 0.307529 -0.000354015 2.42484 
0.964511 0.308144 -0.000588029 2.42578 
0.964409 0.307947 -0.000470529 2.42543 
0.964179 0.307562 -0.000193502 2.4246 
0.964195 0.307454 -0.000163735 2.42466 
0.964027 0.307642 -1.44514e-06 2.42409 
0.964027 0.307642 -1.53109e-06 2.42409 
0.964028 0.307642 -3.30096e-06 2.4241 
0.964029 0.307642 -4.58871e-06 2.4241 
0.964028 0.307642 -3.42282e-06 2.4241 
0.964027 0.307642 -1.80825e-06 2.4241 
0.964027 0.307642 -1.78353e-06 2.4241 
0.964029 0.307643 -4.06328e-06 2.4241 
0.964031 0.307644 -7.56515e-06 2.42411 
0.964032 0.307644 -8.29786e-06 2.42411 
0.964029 0.307642 -4.70584e-06 2.4241 
0.964045 0.307648 -2.33302e-05 2.42416 
0.964054 0.30765 -3.40059e-05 2.42419 
0.964076 0.30766 -5.82299e-05 2.42427 
0.964054 0.307655 -3.20118e-05 2.42419 
0.96407 0.307661 -5.01587e-05 2.42425 
0.964049 0.307654 -2.90189e-05 2.42417 
0.964059 0.307655 -4.38407e-05 2.42421 
0.96404 0.307648 -1.67257e-05 2.42414 
0.964043 0.30765 -2.2189e-05 2.42415 
0.964055 0.307652 -3.64682e-05 2.4242 
0.964467 0.307373 -0.000914418 2.42623 
0.964561 0.308329 -0.000857569 2.42601 
0.96431 0.307618 -0.000402348 2.42512 
0.964268 0.307669 -0.000334091 2.42498 
0.964321 0.308454 -0.000450927 2.42527 
0.964658 0.309381 -0.000958654 2.42641 
0.964085 0.307675 -5.67779e-05 2.42431 
0.964119 0.30773 -9.92186e-05 2.42443 
0.964164 0.307667 -0.000132936 2.42461 
0.964054 0.307648 -3.34978e-05 2.42419 
0.964076 0.307675 -5.60289e-05 2.42427 
0.964048 0.30765 -2.60855e-05 2.42417 
0.964058 0.307656 -3.67703e-05 2.4242 
0.964182 0.307672 -0.000212444 2.42465 
0.964114 0.307697 -0.000116452 2.42441 
0.964209 0.307593 -0.00019549 2.42473 
0.964159 0.307633 -0.000133932 2.42455 
0.964099 0.307709 -8.50956e-05 2.42436 
0.964087 0.307686 -7.10457e-05 2.42431 
0.964341 0.307898 0.000355261 2.4252 
0.964182 0.30767 0.000161086 2.42465 
0.964399 0.307933 3.83731e-05 2.42546 
0.96456 0.307561 0.000434969 2.42582 
0.964657 0.307874 0.000782888 2.42619 
0.964255 0.307583 0.000208703 2.42492 
0.964028 0.307642 3.54775e-06 2.4241 
0.964027 0.307642 1.73973e-06 2.42409 
0.964027 0.307642 1.35614e-06 2.42409 
0.964027 0.307642 8.83524e-07 2.42409 
0.964027 0.307642 1.91612e-06 2.42409 
0.964029 0.307642 3.8736e-06 2.4241 
0.96403 0.307642 5.47984e-06 2.4241 
0.964366 0.30818 0.00023447 2.42529 
0.964127 0.30836 0.000372278 2.42455 
0.964562 0.308796 0.000568004 2.42607 
0.964237 0.305588 0.000362752 2.42493 
0.964521 0.305259 0.00101781 2.42558 
0.964034 0.307642 -1.10221e-05 2.42412 
0.964037 0.307643 -1.48478e-05 2.42413 
0.964042 0.307645 -2.109e-05 2.42415 
0.964035 0.307643 -1.20347e-05 2.42412 
0.96406 0.307647 -4.33403e-05 2.42421 
0.964063 0.307641 -4.73237e-05 2.42422 
0.964049 0.307642 -2.8648e-05 2.42417 
0.964036 0.307646 1.33437e-05 2.42413 
0.964035 0.307645 1.15177e-05 2.42412 
0.964045 0.30765 2.27322e-05 2.42416 
0.964052 0.307648 3.19731e-05 2.42418 
0.964068 0.307652 5.18141e-05 2.42424 
0.96404 0.307646 1.7425e-05 2.42414 
0.964038 0.307645 1.49424e-05 2.42413 
0.964029 0.307643 4.7088e-06 2.4241 
0.964031 0.307644 7.30403e-06 2.42411 
0.964029 0.307642 3.74521e-06 2.4241 
0.964031 0.307643 6.51827e-06 2.42411 
0.964027 0.307642 7.61702e-07 2.42409 
0.964027 0.307642 1.7492e-06 2.4241 
0.964027 0.307642 8.59048e-07 2.42409 
0.964027 0.307642 1.70167e-06 2.4241 
0.964029 0.307643 4.5207e-06 2.4241 
0.96403 0.307643 5.11266e-06 2.4241 
0.964034 0.307645 1.03556e-05 2.42412 
0.964033 0.307644 8.90778e-06 2.42412 
0.964036 0.307646 1.36581e-05 2.42413 
0.964321 0.308064 -0.000393683 2.42521 
0.964028 0.307642 -3.41751e-06 2.4241 
0.964027 0.307642 -1.31453e-06 2.42409 
0.964027 0.307642 1.71607e-06 2.4241 
0.96403 0.307643 6.31547e-06 2.42411 
0.964029 0.307643 4.18709e-06 2.4241 
0.96403 0.307643 6.38137e-06 2.42411 
0.965432 0.308731 -0.00229972 2.42891 
0.964521 0.30807 -0.000786407 2.42594 
0.964381 0.306296 -0.000877701 2.42529 
0.964027 0.307642 -1.35417e-06 2.42409 
0.964027 0.307641 -3.89464e-07 2.42409 
0.964028 0.307642 -3.28258e-06 2.4241 
0.964029 0.307642 -4.85503e-06 2.4241 
0.964028 0.307642 -3.5817e-06 2.4241 
0.964027 0.307642 7.86661e-07 2.42409 
0.964027 0.307642 9.39259e-07 2.42409 
0.964027 0.307642 -7.0393e-07 2.42409 
0.964027 0.307642 -1.20803e-06 2.42409 
0.964027 0.307641 -3.97183e-07 2.42409 
0.96403 0.307642 5.00603e-06 2.4241 
0.964035 0.307644 1.18308e-05 2.42412 
0.964034 0.307644 1.06679e-05 2.42412 
0.96403 0.307642 6.04736e-06 2.42411 
0.964028 0.307642 3.73892e-06 2.4241 
0.96403 0.307643 5.628e-06 2.4241 
0.964029 0.307642 4.10256e-06 2.4241 
0.964028 0.307642 3.19288e-06 2.4241 
0.96403 0.307642 5.29023e-06 2.4241 
0.964027 0.307642 1.39889e-06 2.42409 
0.964027 0.307642 1.12237e-06 2.42409 
0.964027 0.307642 2.12138e-06 2.4241 
0.964065 0.307664 4.72268e-05 2.42423 
0.964049 0.307652 2.89906e-05 2.42417 
0.964074 0.30767 6.19411e-05 2.42426 
0.964062 0.307655 4.61994e-05 2.42422 
0.964042 0.307649 2.0969e-05 2.42415 
0.964044 0.307647 2.36473e-05 2.42415 
0.964056 0.307647 -3.52799e-05 2.4242 
0.964081 0.307668 -6.58064e-05 2.42429 
0.964036 0.307644 -1.33855e-05 2.42413 
0.964032 0.307643 -8.40607e-06 2.42411 
0.964048 0.307645 -2.70939e-05 2.42417 
0.964058 0.307646 -4.04669e-05 2.4242 
0.964032 0.307643 -8.54389e-06 2.42411 
0.964117 0.307702 -0.000101852 2.42442 
0.964173 0.307559 -0.000148707 2.42458 
0.964103 0.307688 -9.52487e-05 2.42436 
0.964093 0.307676 -7.75997e-05 2.42433 
0.964163 0.307658 -0.00018144 2.42459 
0.964229 0.307497 -0.000174563 2.42478 
0.964226 0.307495 -0.000304758 2.42475 
0.964821 0.308482 -0.000589751 2.42695 
0.964505 0.308225 -0.000540483 2.42582 
0.964052 0.307649 -3.25549e-05 2.42418 
0.964062 0.30765 -4.54162e-05 2.42422 
0.964037 0.307645 -1.51257e-05 2.42413 
0.964034 0.307644 -1.04868e-05 2.42412 
0.964034 0.307644 -1.02851e-05 2.42412 
0.964146 0.307674 -0.000136723 2.42451 
0.964104 0.307676 -8.78948e-05 2.42437 
0.96403 0.307642 -5.40701e-06 2.4241 
0.964028 0.307642 -3.4367e-06 2.4241 
0.964028 0.307642 -2.93053e-06 2.4241 
0.96403 0.307642 -5.11273e-06 2.4241 
0.964027 0.307642 -1.08839e-06 2.42409 
0.964027 0.307642 -1.36808e-06 2.42409 
0.964029 0.307642 4.22424e-06 2.4241 
0.964027 0.307642 1.64445e-06 2.4241 
0.964029 0.307642 4.83866e-06 2.4241 
0.964028 0.307642 2.48231e-06 2.4241 
0.964027 0.307642 1.07182e-06 2.42409 
0.965249 0.307255 -0.00229499 2.42828 
0.965353 0.30734 -0.00316849 2.4278 
0.966458 0.308662 -0.00171623 2.43196 
0.965305 0.305997 -0.00353115 2.42879 
0.964424 0.302661 0.000215332 2.42558 
0.964129 0.304948 0.000178193 2.4241 
0.963216 0.316034 -0.000993196 2.42302 
0.967391 0.320063 -0.00146227 2.4362 
0.963862 0.302143 -0.00157309 2.42274 
0.964413 0.308516 -0.000336549 2.42552 
0.964527 0.308967 0.000115169 2.42605 
0.964155 0.307554 -0.000177668 2.42455 
0.964235 0.307671 -0.00021458 2.42482 
0.964151 0.307676 -0.000156654 2.42453 
0.964157 0.307668 -0.000143511 2.42454 
0.964448 0.307796 -0.000346329 2.4255 
0.964186 0.307518 -5.5141e-06 2.42467 
0.964033 0.307644 -9.55303e-06 2.42412 
0.964035 0.307644 -1.21863e-05 2.42412 
0.964297 0.305985 -0.000996596 2.42494 
0.965227 0.305797 -0.00122598 2.42789 
0.964627 0.308257 -0.000868827 2.42624 
0.964117 0.307691 -0.00011914 2.42442 
0.964095 0.307665 -8.45172e-05 2.42433 
0.964196 0.307662 -0.000247927 2.42469 
0.964027 0.307642 -4.91729e-07 2.42409 
0.964027 0.307642 -5.66589e-07 2.42409 
0.964027 0.307642 9.93828e-07 2.42409 
0.964027 0.307642 9.08478e-07 2.42409 
0.964948 0.305864 -0.00111456 2.42689 
0.964431 0.304956 -0.00231363 2.42533 
0.965064 0.307337 -0.000790439 2.42768 
0.964039 0.307644 -1.67698e-05 2.42414 
0.96404 0.307645 -1.82208e-05 2.42414 
0.964053 0.307646 -3.49023e-05 2.42419 
0.964066 0.307649 -4.86696e-05 2.42423 
0.964086 0.307662 -7.07151e-05 2.42431 
0.964058 0.30765 -3.93847e-05 2.4242 
0.964046 0.307646 -2.40741e-05 2.42416 
0.964062 0.307646 -4.13598e-05 2.42422 
0.964048 0.307646 -2.64801e-05 2.42417 
0.9641 0.307665 -9.34116e-05 2.42436 
0.964088 0.307662 -7.18069e-05 2.42431 
0.964204 0.307672 -0.000222045 2.42471 
0.964606 0.308931 -0.000476529 2.42634 
0.964491 0.308316 -0.000530965 2.42581 
0.964269 0.307626 -0.000287851 2.42493 
0.964443 0.308052 -0.000414022 2.42559 
0.964727 0.308336 -0.000383611 2.42651 
0.964753 0.307909 -0.000492945 2.42653 
0.964503 0.30766 -0.000558115 2.42578 
0.964272 0.307658 -0.000348591 2.42495 
0.96432 0.307697 -0.000364691 2.42512 
0.964602 0.308211 -0.000692351 2.42609 
0.964453 0.308028 -0.000366032 2.42564 
0.964293 0.307629 -0.000262496 2.42501 
0.964308 0.307718 -0.000391536 2.42505 
0.964196 0.307603 -0.000218364 2.4247 
