0.855051 0.559908 -0.000549907 2.19119 
0.855888 0.556579 0.000785685 2.19162 
0.860148 0.550607 -0.00209672 2.2009 
0.796913 0.127866 0.0010426 1.98281 
0.795377 0.123441 0.000950532 1.97917 
0.803931 0.244056 0.00435123 2.0121 
0.855052 0.5599 0.000540073 2.1912 
0.855313 0.559191 0.00123396 2.19154 
0.855482 0.558377 0.000952974 2.19153 
0.855138 0.557566 0.000242382 2.18996 
0.855762 0.557733 0.00164941 2.19197 
0.855644 0.557238 0.000927322 2.19129 
0.815134 0.546375 0.00866476 2.10493 
0.841173 0.588124 0.000582804 2.16799 
0.804504 0.638596 0.00041114 2.09718 
0.804661 0.638769 0.000872324 2.09802 
0.804445 0.638989 0.000972323 2.09767 
0.804531 0.638447 0.000220053 2.09725 
0.794973 0.60695 -0.00101859 2.07416 
0.781713 0.535927 -0.0010684 2.02577 
0.789575 0.580511 -0.000407789 2.05551 
0.804796 0.638264 0.00210574 2.09975 
0.798359 0.162299 -0.0017603 1.98923 
0.861996 0.548229 -0.00425625 2.20509 
0.842204 0.586133 -0.00125219 2.16972 
0.823712 0.614174 -0.00183097 2.13459 
0.855173 0.557547 -0.000279809 2.19005 
0.855285 0.559259 -0.00114172 2.19149 
0.855471 0.558453 -0.000963789 2.19154 
0.855689 0.558073 -0.00177925 2.19197 
0.85567 0.558675 -0.0029444 2.1923 
0.855325 0.559481 -0.00259771 2.19176 
0.85975 0.55227 0.00717193 2.20074 
0.861108 0.550474 0.00971555 2.2038 
0.860213 0.550509 0.00207608 2.20104 
0.859368 0.552145 0.00373522 2.19948 
0.859201 0.55237 -0.00362251 2.1991 
0.840563 0.589258 0.0014952 2.16694 
0.816231 0.183294 0.00425793 2.03263 
0.836544 0.310607 0.0139536 2.09933 
0.876417 0.526569 0.016984 2.23656 
0.874265 0.530862 0.0318088 2.23269 
0.841364 0.523164 0.0272611 2.15669 
0.850397 0.560421 0.0312118 2.18352 
0.799158 0.125991 0.00114005 1.98746 
0.802783 0.134028 0.00158872 1.99623 
0.811619 0.167676 0.00313839 2.01985 
0.805276 0.142137 0.00191948 2.00262 
0.826572 0.382487 0.0159583 2.0896 
0.82138 0.360155 0.0130287 2.07268 
0.854291 0.561895 0.000719246 2.19016 
0.854652 0.561046 0.00129177 2.19071 
0.855318 0.559514 0.0026154 2.19176 
0.854517 0.56161 0.00394105 2.19068 
0.854819 0.560778 0.00270662 2.19105 
0.855429 0.558169 -0.000386506 2.19123 
0.855419 0.558152 0.000285211 2.19119 
0.85528 0.557733 -0.000217736 2.19049 
0.855257 0.557734 0.000157199 2.19043 
0.854851 0.561127 0.00568779 2.19138 
0.855482 0.559812 0.00584427 2.19247 
0.85429 0.561903 -0.000748458 2.19016 
0.854649 0.561051 -0.0013159 2.19071 
0.854876 0.560655 -0.00283171 2.19115 
0.764822 0.0778872 5.35179e-06 1.91172 
0.767304 0.162303 0.000345545 1.92364 
0.77898 0.322189 0.00201545 1.97338 
0.824552 0.612897 -0.00531815 2.13621 
0.835396 0.597419 0.00836409 2.15724 
0.801008 0.630915 0.00120222 2.0914 
0.798257 0.620464 0.000988232 2.08404 
0.803978 0.637953 0.000173891 2.0952 
0.802255 0.632284 0.00167053 2.09462 
0.802546 0.634548 0.00140301 2.09506 
0.804092 0.638177 0.000223155 2.09574 
0.80382 0.638215 -0.00120247 2.09692 
0.804536 0.638588 -0.00127796 2.09822 
0.804476 0.638663 -0.00094688 2.09749 
0.804486 0.6384 0.000230783 2.09709 
0.804495 0.638456 0.000451439 2.09716 
0.803708 0.637242 -0.00141239 2.09722 
0.805739 0.633963 -0.00271134 2.10266 
0.759963 0.371711 -0.00168441 1.93196 
0.766657 0.431626 0.000290386 1.96209 
0.775372 0.494089 0.000105894 1.99926 
0.807046 0.633808 -0.00162917 2.10568 
0.806074 0.636159 -0.00250421 2.10238 
0.806414 0.636217 -0.0022614 2.10296 
0.806356 0.636591 -0.00196036 2.10214 
0.80711 0.635579 -0.00141947 2.10482 
0.806952 0.635816 -0.00174283 2.1044 
0.80661 0.636398 -0.0016774 2.10283 
0.794782 0.606049 0.0010394 2.07348 
0.7811 0.515446 0.00133729 2.01952 
0.784683 0.511837 0.00111127 2.02957 
0.794332 0.110484 -0.000691011 1.97592 
0.803134 0.261111 -0.00459329 2.01318 
0.79945 0.234819 -0.00337068 2.00102 
0.79321 0.131596 -0.000929024 1.97531 
0.791753 0.145478 -0.00104048 1.9736 
0.799698 0.266138 -0.00403586 2.0067 
0.836434 0.309182 -0.0138525 2.09883 
0.850513 0.47737 -0.0323565 2.16748 
0.838005 0.545113 -0.0228162 2.15393 
0.816318 0.1846 -0.00431978 2.03297 
0.836632 0.411152 -0.0217632 2.11914 
0.876433 0.526534 -0.0169729 2.23659 
0.874314 0.53074 -0.0318196 2.23278 
0.863795 0.545297 -0.00262163 2.20881 
0.843909 0.582619 -0.00464414 2.17247 
0.842851 0.584868 -0.00204698 2.17081 
0.844482 0.581849 0.00215722 2.17365 
0.844442 0.581968 0.0038053 2.17361 
0.823048 0.615576 -0.00195134 2.13369 
0.823366 0.614843 -0.0023523 2.13408 
0.822498 0.617521 -0.000534112 2.13352 
0.822637 0.616914 -0.000956293 2.13348 
0.822452 0.617811 0.000389919 2.1336 
0.823307 0.615289 0.00197895 2.13422 
0.823719 0.614511 0.0024734 2.13486 
0.819714 0.621155 -0.00347007 2.12819 
0.82035 0.620328 -0.00385532 2.12944 
0.820392 0.619809 -0.00458477 2.12942 
0.819866 0.619624 -0.00513079 2.1284 
0.820185 0.618403 -0.00579008 2.12902 
0.819122 0.616575 -0.00628473 2.12702 
0.822356 0.618018 -0.000944672 2.13348 
0.822285 0.618083 -0.00168462 2.13332 
0.822052 0.618738 -0.00172335 2.13311 
0.769816 0.334483 0.00132629 1.95447 
0.778344 0.41308 0.0022507 1.99209 
0.809785 0.633864 0.000949685 2.11035 
0.85586 0.556541 -0.000660455 2.19151 
0.855892 0.557423 -0.00178576 2.19217 
0.855661 0.557168 -0.000918984 2.1913 
0.857262 0.554601 0.00110971 2.19457 
0.858186 0.553756 0.00286962 2.19687 
0.857702 0.55505 0.00450244 2.19621 
0.856644 0.555822 0.00173152 2.19345 
0.856894 0.556104 0.00333794 2.1944 
0.856472 0.557091 0.00369832 2.19374 
0.856393 0.557729 0.00506217 2.19391 
0.855986 0.557781 0.00274695 2.19269 
0.855663 0.558847 0.00335853 2.19239 
0.855789 0.558901 0.00467909 2.19282 
0.858762 0.554051 0.0079077 2.19884 
0.857883 0.555235 0.00634212 2.19689 
0.862283 0.548446 -0.00865642 2.20613 
0.854774 0.546332 -0.0366715 2.19179 
0.859897 0.553075 -0.0155636 2.20179 
0.860986 0.551456 -0.0189487 2.20417 
0.859418 0.552725 -0.00676746 2.20001 
0.860683 0.551112 -0.00952326 2.20289 
0.859913 0.552747 -0.012251 2.20159 
0.85722 0.554636 -0.00103362 2.19447 
0.858052 0.55391 -0.00268063 2.19655 
0.856595 0.555789 -0.0014954 2.19328 
0.804547 0.289527 0.00546781 2.02124 
0.805379 0.313223 0.00617423 2.02761 
0.793958 0.151676 0.00124525 1.97878 
0.844328 0.580693 0.0129777 2.1725 
0.827876 0.505205 0.0168873 2.12203 
0.831495 0.532535 0.0182118 2.13676 
0.840636 0.589162 0.00307405 2.16709 
0.841423 0.587694 0.00378275 2.16844 
0.8365 0.410394 0.0216823 2.11865 
0.850515 0.477995 0.0323858 2.16761 
0.882406 0.515736 0.0113867 2.24914 
0.907789 0.456444 0.0422441 2.30007 
0.887754 0.508313 0.037323 2.26365 
0.849419 0.351403 0.0195293 2.13823 
0.877039 0.520585 0.0440557 2.23917 
0.863838 0.545219 0.00253753 2.2089 
0.862131 0.548024 0.00419468 2.20538 
0.862597 0.547932 0.00844692 2.20677 
0.837311 0.511321 0.0242354 2.14458 
0.81394 0.323484 0.00904643 2.04842 
0.811656 0.315391 0.00811007 2.04173 
0.851514 0.565878 0.0284214 2.18555 
0.853716 0.563221 0.000791446 2.18926 
0.852608 0.565634 -0.00206453 2.18746 
0.853712 0.563222 -0.000790677 2.18925 
0.853389 0.56397 -0.00199945 2.18876 
0.853809 0.56315 0.00377987 2.18951 
0.853486 0.563889 0.00509363 2.18901 
0.852638 0.565572 0.00226826 2.18752 
0.853429 0.56388 0.00201404 2.18882 
0.855663 0.559547 -0.0067077 2.19286 
0.857186 0.557782 -0.0180761 2.19652 
0.858087 0.556148 -0.01591 2.1982 
0.768868 0.0951638 8.916e-05 1.92179 
0.767961 0.0943444 8.12182e-05 1.91975 
0.772998 0.178186 0.000587981 1.93792 
0.771432 0.187234 0.000599408 1.93559 
0.766719 0.0984369 7.65671e-05 1.91721 
0.808664 0.546315 0.00699896 2.09117 
0.816929 0.589864 0.00807894 2.11887 
0.827393 0.605556 0.00885824 2.14214 
0.772685 0.339984 0.00178316 1.96269 
0.764065 0.0887119 2.78067e-05 1.91045 
0.824147 0.613435 -0.00220635 2.13533 
0.824244 0.613324 -0.00320012 2.13554 
0.834066 0.598807 0.01006 2.15459 
0.837075 0.595482 0.00263312 2.16082 
0.836378 0.596627 0.00230294 2.15954 
0.781055 0.120606 0.000428506 1.94935 
0.776587 0.0759653 0.000130096 1.93717 
0.777706 0.0768614 0.000123242 1.93954 
0.786766 0.239208 0.00196189 1.97519 
0.783242 0.198793 0.00124001 1.96208 
0.805121 0.426689 0.00703101 2.05265 
0.804077 0.638225 0.000533966 2.09575 
0.804013 0.638096 0.000475727 2.09544 
0.804551 0.637503 0.00217058 2.09959 
0.804436 0.637348 0.00200348 2.09936 
0.803345 0.634628 0.00195632 2.09721 
0.802677 0.632315 0.00210826 2.0958 
0.803539 0.63482 0.002313 2.09773 
0.803823 0.63847 0.00123775 2.09713 
0.80371 0.637408 0.00146758 2.09739 
0.804498 0.638888 0.00130942 2.09838 
0.80487 0.638739 0.00161174 2.09948 
0.80459 0.638087 0.00179615 2.09938 
0.804922 0.638739 0.00176426 2.09941 
0.804694 0.638427 -0.000868628 2.09783 
0.8045 0.638332 -0.000444461 2.09708 
0.804474 0.638331 -0.000148643 2.097 
0.804627 0.638493 -0.000794487 2.09769 
0.804472 0.638462 -0.000348938 2.09699 
0.804516 0.638394 -0.000134682 2.09716 
0.801171 0.631459 -0.0011417 2.09171 
0.802659 0.634844 -0.0013284 2.09517 
0.798734 0.622222 -0.00093742 2.08536 
0.789475 0.578723 -0.000788525 2.05494 
0.789958 0.569636 -0.00201351 2.05477 
0.805865 0.631995 -0.00250205 2.10347 
0.806534 0.634311 -0.00231193 2.10444 
0.806808 0.634155 -0.00207555 2.10513 
0.806536 0.631729 -0.00197952 2.10514 
0.800289 0.615276 -0.0030553 2.08935 
0.801975 0.623699 -0.0032452 2.09413 
0.805341 0.63724 -0.000927107 2.09867 
0.80483 0.638019 -0.00188775 2.09841 
0.804832 0.637863 -0.00237435 2.09904 
0.804469 0.637682 -0.00254175 2.09879 
0.804674 0.638115 -0.00227767 2.09863 
0.804826 0.63848 -0.00115269 2.09838 
0.804765 0.638445 -0.00116107 2.09817 
0.804577 0.638369 -0.000871178 2.09743 
0.804336 0.638273 -0.000155592 2.09654 
0.804425 0.638278 -0.000434431 2.09682 
0.804277 0.638223 -0.000164659 2.09632 
0.743842 0.148999 -0.00251871 1.85463 
0.750526 0.265039 0.00030327 1.88717 
0.766406 0.427126 -0.000402864 1.96037 
0.774927 0.490841 -0.000437497 1.99733 
0.781071 0.530528 -0.000772134 2.0226 
0.806958 0.636067 -0.00100011 2.10367 
0.808946 0.634706 0.000380522 2.10698 
0.808907 0.634801 0.000347221 2.10709 
0.757941 0.0939421 -4.869e-05 1.89401 
0.76383 0.172465 -0.000323376 1.91594 
0.756075 0.0689925 -1.36018e-05 1.88711 
0.759184 0.36431 0.0017826 1.92834 
0.765794 0.424002 -8.69502e-05 1.95814 
0.742158 0.0704146 0.00015538 1.84481 
0.746066 0.185387 0.000762599 1.8644 
0.74255 0.0954861 0.00222525 1.84847 
0.747006 0.209956 0.000533879 1.87004 
0.743399 0.06747 0.000209085 1.84795 
0.742868 0.0673725 0.000208467 1.84637 
0.742328 0.0708035 0.000156314 1.8451 
0.773134 0.468969 0.00106925 1.98745 
0.774378 0.471419 0.000964099 1.99152 
0.756258 0.32253 0.000756356 1.91191 
0.764284 0.403991 0.000995295 1.9495 
0.746034 0.178336 0.000486198 1.86332 
0.746134 0.174753 0.000507463 1.8632 
0.804781 0.63533 0.00318605 2.10047 
0.798696 0.618223 0.00286541 2.08521 
0.803831 0.633648 0.00330395 2.09852 
0.802807 0.632999 0.00247924 2.0961 
0.803412 0.635071 0.00265248 2.09735 
0.800585 0.626141 0.00286601 2.09055 
0.802558 0.632604 0.00292655 2.09546 
0.792571 0.586454 0.00237277 2.06475 
0.789686 0.567989 0.0020767 2.05371 
0.801524 0.62481 0.00331043 2.09303 
0.798626 0.615182 0.00299723 2.08483 
0.749513 0.0682563 8.632e-06 1.86641 
0.749555 0.0684392 1.27013e-05 1.86639 
0.764678 0.341773 0.000636205 1.93983 
0.780689 0.482718 0.00103152 2.01251 
0.764089 0.336223 0.00117395 1.93733 
0.794673 0.571294 0.0016744 2.06848 
0.777417 0.457503 0.00109391 1.99819 
0.785199 0.513699 0.00129909 2.03148 
0.746619 0.089206 0.000171608 1.85887 
0.76585 0.384529 0.000389555 1.95042 
0.762435 0.341875 0.00024594 1.9332 
0.771692 0.424472 0.00059323 1.97488 
0.749231 0.0866452 4.20462e-05 1.86687 
0.768327 0.38352 0.000511511 1.95768 
0.763802 0.341899 0.00033336 1.93731 
0.772297 0.425011 0.000615053 1.9768 
0.788018 0.543475 0.0016592 2.04483 
0.793467 0.577436 0.00224613 2.06606 
0.780479 0.495422 0.0011129 2.01401 
0.790916 0.569921 0.00216386 2.05756 
0.794621 0.587449 0.00251831 2.07074 
0.782449 0.51822 0.00137272 2.02399 
0.777576 0.4806 0.000980861 2.00265 
0.749783 0.0863986 2.70481e-05 1.86821 
0.752643 0.166572 0.000158999 1.88181 
0.753395 0.18374 0.000178028 1.88572 
0.761958 0.310991 0.000480889 1.92689 
0.76405 0.335425 0.000479416 1.93694 
0.769724 0.392448 0.000661665 1.96344 
0.762448 0.320676 0.000364921 1.92994 
0.752253 0.167809 0.000120168 1.88115 
0.749542 0.0839992 2.92647e-05 1.86756 
0.752513 0.16774 0.00014073 1.88179 
0.767558 0.372116 0.000560612 1.95344 
0.777397 0.45828 0.000845403 1.99817 
0.777187 0.456995 0.000811756 1.99728 
0.76712 0.368821 0.000527823 1.95158 
0.760957 0.30049 0.000366459 1.92245 
0.784918 0.51289 0.00115735 2.0305 
0.786937 0.526006 0.00127315 2.03877 
0.820354 0.464612 -0.0131789 2.09514 
0.790467 0.142053 -0.000950015 1.97064 
0.862704 0.543199 -0.0384774 2.20836 
0.859681 0.55157 -0.0353001 2.20216 
0.860629 0.552142 -0.0301678 2.20377 
0.811686 0.168898 -0.00317869 2.02014 
0.882414 0.515724 -0.0113724 2.24916 
0.907781 0.456463 -0.0422409 2.30005 
0.887768 0.50829 -0.0373159 2.26368 
0.849354 0.350013 -0.0193903 2.13783 
0.877101 0.520372 -0.0440869 2.23928 
0.86938 0.537103 -0.00498386 2.22103 
0.871539 0.534178 -0.0123696 2.22601 
0.86595 0.542454 -0.00619729 2.21371 
0.864353 0.545415 -0.0107661 2.21064 
0.841856 0.586847 0.00111426 2.16916 
0.842339 0.585927 0.000141237 2.16998 
0.842033 0.586536 0.00274133 2.16948 
0.842849 0.584984 0.00304762 2.17087 
0.763367 0.0643448 2.19232e-05 1.90763 
0.762662 0.0638995 1.93348e-05 1.90583 
0.822655 0.616205 -0.00528737 2.13316 
0.822462 0.616023 -0.00613635 2.13287 
0.820795 0.612085 -0.00752981 2.12997 
0.817838 0.601958 -0.00776013 2.12294 
0.814519 0.590698 -0.00741209 2.11405 
0.805767 0.546786 -0.00629838 2.08517 
0.823417 0.614773 -0.00319121 2.13418 
0.823133 0.615378 -0.0037584 2.1338 
0.823863 0.613971 -0.00364801 2.1349 
0.822816 0.616143 -0.00347166 2.13344 
0.822389 0.617576 -0.00229943 2.13325 
0.822605 0.616901 -0.00200701 2.13338 
0.822797 0.616237 -0.0024876 2.13345 
0.828294 0.607929 -0.00425363 2.14357 
0.823027 0.61565 -0.00106146 2.13368 
0.822806 0.616332 -0.000566485 2.13354 
0.822861 0.616246 0.000438695 2.13363 
0.824522 0.6131 0.00197291 2.13617 
0.823999 0.613949 0.00199893 2.13526 
0.827705 0.608695 -0.000517757 2.14235 
0.824107 0.613822 0.00527386 2.13559 
0.824908 0.612603 0.00258582 2.13694 
0.818768 0.622478 -0.0023844 2.12629 
0.819523 0.622088 -0.00122632 2.12814 
0.819677 0.621549 -0.00260813 2.12825 
0.821214 0.614558 -0.00713315 2.13085 
0.820598 0.615157 -0.00692996 2.12977 
0.821992 0.616223 -0.00643631 2.13216 
0.821475 0.616977 -0.00626232 2.13132 
0.819012 0.612019 -0.00711666 2.12657 
0.815647 0.598809 -0.00729949 2.11793 
0.811488 0.582676 -0.00682752 2.10597 
0.818174 0.612468 -0.00678794 2.12496 
0.814199 0.599283 -0.00675783 2.11499 
0.811052 0.583516 -0.00663974 2.10523 
0.817052 0.624192 -0.00197038 2.12255 
0.816006 0.625283 -0.00203286 2.12036 
0.816343 0.624892 -0.00171524 2.12099 
0.8218 0.619094 0.00314047 2.13264 
0.822036 0.618898 0.00227362 2.13318 
0.815111 0.626069 -0.00130128 2.11826 
0.816374 0.624828 -0.00123697 2.12099 
0.81577 0.625371 -0.00101646 2.11963 
0.822198 0.61861 -0.000535554 2.13345 
0.82224 0.618564 0.000286755 2.13354 
0.82169 0.619685 -0.00085102 2.13274 
0.821998 0.619029 -0.000981436 2.13317 
0.820561 0.621194 -0.000632033 2.13053 
0.819767 0.621976 -0.000655294 2.12877 
0.821824 0.619008 -0.00228891 2.13265 
0.820995 0.619859 -0.00333687 2.13087 
0.820273 0.621089 -0.00224041 2.12963 
0.820204 0.621348 -0.00159964 2.1296 
0.820956 0.620199 -0.00258522 2.13098 
0.821412 0.619774 -0.00210409 2.132 
0.820797 0.620816 -0.00123508 2.13095 
0.821323 0.620105 -0.00140827 2.13197 
0.760729 0.13637 0.000165557 1.90463 
0.771472 0.323605 0.0015851 1.95654 
0.78119 0.412613 0.00270284 1.99793 
0.760875 0.168946 0.000357593 1.90777 
0.756677 0.0960475 5.21355e-05 1.89022 
0.760514 0.191205 0.000435901 1.90884 
0.757584 0.0782474 1.08192e-05 1.89236 
0.761427 0.188536 0.000498794 1.91123 
0.822532 0.617512 0.000912287 2.13361 
0.822741 0.616728 0.000962259 2.13364 
0.823093 0.615835 0.00249662 2.134 
0.756258 0.0958098 6.87957e-05 1.88881 
0.759619 0.19188 0.000349261 1.90604 
0.755526 0.165989 0.000261966 1.89057 
0.764616 0.307643 0.000847718 1.93485 
0.809923 0.634305 0.000544178 2.1104 
0.809501 0.634741 0.000188499 2.10937 
0.810425 0.634255 0.00036067 2.11124 
0.809961 0.633541 0.00132155 2.11065 
0.811197 0.631779 0.00316202 2.11208 
0.810583 0.632341 0.00288996 2.11126 
0.810753 0.631782 0.00332308 2.11146 
0.809948 0.629999 0.00397066 2.11025 
0.855707 0.559858 0.00930892 2.19321 
0.855922 0.559173 0.00736886 2.19341 
0.8566 0.557679 0.00660676 2.19452 
0.857223 0.556663 0.00735589 2.19578 
0.858406 0.5545 -0.00722328 2.19803 
0.856344 0.557008 -0.00294895 2.19329 
0.85678 0.556118 -0.00289555 2.19406 
0.856951 0.556921 -0.00631653 2.19511 
0.857477 0.555282 -0.00403243 2.19566 
0.857586 0.555581 -0.00565172 2.19619 
0.856081 0.558013 -0.00393199 2.19313 
0.856214 0.558148 -0.00539983 2.19363 
0.842134 0.582745 0.0185043 2.16822 
0.8429 0.581447 0.0191208 2.16954 
0.84225 0.579202 0.0207208 2.16843 
0.83921 0.571415 0.0205959 2.16156 
0.788597 0.103164 0.000445269 1.96351 
0.842247 0.583556 0.0168853 2.16843 
0.842986 0.582625 0.0157254 2.16984 
0.850895 0.569038 0.0114683 2.18455 
0.849782 0.57104 0.0118892 2.1825 
0.847649 0.57505 0.0111872 2.17869 
0.846913 0.576699 0.00988744 2.17755 
0.843919 0.580588 0.0181373 2.17139 
0.843895 0.580936 0.0163467 2.17143 
0.844611 0.579908 0.0149928 2.17285 
0.839351 0.591261 0.00609614 2.16471 
0.840098 0.590049 0.00549632 2.1661 
0.84007 0.5902 0.00397309 2.16611 
0.783565 0.0888978 0.000273674 1.95229 
0.784705 0.0904709 0.000270851 1.95472 
0.788733 0.217063 0.001819 1.97602 
0.783287 0.133157 0.000581569 1.95503 
0.788838 0.244978 0.00222371 1.98045 
0.819409 0.506721 0.0116853 2.10413 
0.807264 0.414134 0.00769517 2.05416 
0.835527 0.596931 0.00929639 2.15733 
0.862582 0.543546 0.0383568 2.20811 
0.864685 0.544868 0.010426 2.21132 
0.866063 0.542271 0.00603594 2.21395 
0.869433 0.537013 0.00486862 2.22114 
0.871617 0.534056 0.0122794 2.22618 
0.85836 0.555135 0.0101452 2.19832 
0.857363 0.556797 0.00954251 2.19632 
0.856472 0.558797 0.0130915 2.19491 
0.856489 0.558571 0.0107906 2.19479 
0.860433 0.55202 0.0132904 2.20274 
0.858773 0.554729 0.0126822 2.19935 
0.857717 0.556729 0.0144397 2.19742 
0.861055 0.551309 0.0177659 2.20427 
0.853186 0.564214 0.0268411 2.18875 
0.85205 0.566783 0.00104027 2.18652 
0.852067 0.56674 -0.000831959 2.18654 
0.851195 0.568534 -0.00186317 2.18507 
0.851021 0.569036 0.00390334 2.18487 
0.851144 0.568655 0.00189068 2.185 
0.851336 0.56869 0.009888 2.18562 
0.851016 0.569499 0.00811867 2.18516 
0.855409 0.560796 0.0147068 2.19297 
0.854364 0.562633 0.013845 2.19097 
0.846389 0.577428 -0.00920463 2.17646 
0.844529 0.579988 -0.015311 2.17266 
0.844519 0.580202 -0.0137064 2.17275 
0.845282 0.579007 -0.0125693 2.17423 
0.84605 0.577537 -0.0132077 2.17557 
0.854048 0.562992 -0.0097845 2.19018 
0.856158 0.558899 -0.00888407 2.19397 
0.857027 0.557178 -0.00837565 2.19552 
0.857498 0.556968 -0.0132514 2.19688 
0.858302 0.555347 -0.0112957 2.19829 
0.857926 0.555719 -0.00920782 2.19735 
0.855555 0.560548 -0.0172979 2.1933 
0.854597 0.562202 -0.019149 2.19149 
0.849262 0.572246 0.0106453 2.1817 
0.848404 0.573869 0.0104449 2.18017 
0.847076 0.576848 0.00806599 2.17812 
0.84646 0.578116 0.00712555 2.1771 
0.8452 0.580502 0.00671968 2.17491 
0.845745 0.579334 0.00783078 2.17577 
0.845293 0.580287 0.00215355 2.17504 
0.845713 0.57946 0.0010266 2.17575 
0.845255 0.58039 0.0038437 2.175 
0.845583 0.579797 0.00495867 2.17558 
0.846403 0.57821 0.00520949 2.17699 
0.77025 0.0885085 9.20751e-05 1.9244 
0.804272 0.483429 0.00642679 2.06524 
0.791488 0.384945 0.00382937 2.01342 
0.783641 0.319674 0.00238384 1.98274 
0.769541 0.186981 0.000539577 1.93139 
0.771243 0.205905 0.000710585 1.93748 
0.781665 0.343251 0.00239145 1.98344 
0.813376 0.591374 0.00696029 2.11184 
0.806317 0.55568 0.00619303 2.08863 
0.819628 0.613811 0.00696313 2.12797 
0.817229 0.605307 0.00726816 2.12229 
0.823905 0.613947 0.00600802 2.13528 
0.824038 0.613262 0.00670106 2.13559 
0.822651 0.613266 0.00738702 2.13338 
0.823157 0.612487 0.00750529 2.13422 
0.79795 0.488375 0.00517792 2.05321 
0.798486 0.486722 0.00527294 2.0539 
0.785347 0.386617 0.00306535 2.0009 
0.804015 0.539659 0.00595598 2.07964 
0.78993 0.44221 0.00383795 2.02415 
0.79041 0.451008 0.00389259 2.02739 
0.815485 0.587026 0.00782309 2.11532 
0.809406 0.565229 0.00683129 2.09756 
0.806099 0.54075 0.00649429 2.08435 
0.803304 0.52869 0.00598949 2.07527 
0.827647 0.601599 0.00972108 2.14256 
0.828486 0.605261 0.008853 2.1442 
0.82141 0.580356 0.00956687 2.12631 
0.825458 0.596421 0.00979057 2.13759 
0.825796 0.601086 0.00940056 2.13881 
0.81056 0.5525 0.00734458 2.09676 
0.819362 0.589485 0.00860347 2.1238 
0.819155 0.592486 0.00846153 2.12395 
0.82737 0.607046 0.00836637 2.14203 
0.827841 0.607866 0.00752568 2.14277 
0.756616 0.063964 -1.27511e-06 1.88887 
0.759416 0.161113 0.000307101 1.9029 
0.756873 0.0643795 -7.81225e-06 1.8897 
0.760559 0.175638 0.0004112 1.90755 
0.817146 0.61541 0.0059671 2.12317 
0.818608 0.6174 0.00595181 2.12611 
0.819841 0.616279 0.00649554 2.12847 
0.818346 0.614598 0.00646721 2.12551 
0.762644 0.113317 7.52809e-05 1.90826 
0.775673 0.113006 0.000275135 1.93752 
0.799357 0.408403 0.0054751 2.03577 
0.781043 0.194005 0.00107848 1.95684 
0.782353 0.228068 0.00148917 1.96422 
0.824866 0.612391 -0.00334801 2.13668 
0.769732 0.107367 -0.000141675 1.92451 
0.767223 0.0840676 -3.57949e-05 1.91758 
0.767534 0.17293 -0.000391882 1.92526 
0.768935 0.186394 -0.000503353 1.92997 
0.776356 0.302848 -0.00164816 1.96397 
0.786954 0.40033 -0.00328895 2.00756 
0.765068 0.0786581 -1.16017e-05 1.91236 
0.766391 0.0833766 -2.86012e-05 1.91566 
0.768629 0.158099 -0.000347806 1.92629 
0.819584 0.584654 -0.00877495 2.12337 
0.822661 0.602539 -0.00862192 2.1327 
0.819601 0.588911 -0.00862833 2.12424 
0.780574 0.323015 -0.00211442 1.97701 
0.79108 0.426831 -0.00394317 2.02278 
0.782089 0.346156 -0.00241957 1.98501 
0.811971 0.553915 -0.00758121 2.10014 
0.825324 0.610171 -0.00767569 2.13812 
0.824836 0.607824 -0.00832102 2.13735 
0.835862 0.597508 0.00288037 2.15862 
0.835671 0.597832 0.00410923 2.15828 
0.832626 0.596711 0.0118998 2.15185 
0.832428 0.599794 0.0106113 2.15159 
0.833273 0.59898 0.0107616 2.1531 
0.828295 0.593281 0.011107 2.143 
0.804793 0.455785 0.00680743 2.05923 
0.81715 0.536832 0.00974628 2.10693 
0.828418 0.607505 0.00694027 2.14385 
0.828176 0.608083 0.00576541 2.14337 
0.834271 0.599787 0.00576203 2.1555 
0.834748 0.598895 0.00652768 2.15631 
0.834059 0.599379 0.00870482 2.1547 
0.834665 0.598699 0.00789353 2.15595 
0.837393 0.594996 0.00359144 2.16143 
0.837236 0.595228 0.00467403 2.16113 
0.837879 0.593982 0.00555882 2.16219 
0.835565 0.597677 0.0062693 2.15788 
0.835877 0.596907 0.00737737 2.15828 
0.836001 0.597219 0.00512528 2.15884 
0.836735 0.595978 0.00531698 2.16016 
0.83511 0.598475 -0.00117844 2.15706 
0.835791 0.597442 0.000391224 2.15836 
0.836311 0.596636 0.000977828 2.15935 
0.835794 0.597403 -0.00065414 2.15834 
0.836294 0.596585 -0.00130366 2.15926 
0.83027 0.591926 -0.012128 2.14674 
0.826361 0.576378 -0.0119459 2.13598 
0.830652 0.596177 -0.011543 2.148 
0.833521 0.600873 -0.00242888 2.15403 
0.833165 0.600592 -0.00873899 2.15296 
0.832228 0.599539 -0.0108126 2.15117 
0.832378 0.600843 -0.00989888 2.15146 
0.833306 0.601025 -0.00482774 2.15351 
0.833506 0.60063 -0.00609096 2.15384 
0.804691 0.638277 0.00224681 2.09941 
0.804364 0.637591 0.00251793 2.099 
0.804818 0.638712 0.00185003 2.09906 
0.804309 0.638418 0.000999555 2.09666 
0.804435 0.638509 0.00137518 2.09721 
0.804508 0.638563 0.00113114 2.09741 
0.804644 0.638633 0.00183164 2.09825 
0.804704 0.638706 0.00165891 2.09841 
0.804917 0.638783 0.00151315 2.09911 
0.804712 0.638672 0.00108953 2.09811 
0.804964 0.638821 0.0014953 2.09934 
0.804802 0.638745 0.00107048 2.09845 
0.804674 0.638627 0.000862927 2.09789 
0.804445 0.638472 0.000814952 2.09707 
0.804537 0.638538 0.000830502 2.0974 
0.80427 0.638259 0.000153021 2.09633 
0.804254 0.638287 0.000369938 2.09631 
0.804337 0.638301 0.000149775 2.09656 
0.804404 0.638393 0.000391408 2.09684 
0.804298 0.632309 0.00333011 2.09981 
0.801908 0.623371 0.00333758 2.09407 
0.799792 0.612719 0.00309069 2.0879 
0.797725 0.598858 0.00261314 2.08092 
0.798757 0.602113 0.00253375 2.08415 
0.801848 0.617322 0.00282381 2.09376 
0.802653 0.622763 0.00309428 2.09602 
0.800807 0.615233 0.00304028 2.09085 
0.804796 0.624602 0.0022313 2.1016 
0.804419 0.630507 0.00314622 2.10026 
0.804946 0.633731 0.00317079 2.1011 
0.805057 0.6373 -0.000422405 2.09779 
0.804265 0.637739 0.000151647 2.09583 
0.807896 0.635069 9.38834e-05 2.10413 
0.80234 0.632472 -0.00161098 2.09475 
0.799768 0.62439 -0.00134502 2.08822 
0.793812 0.593129 -0.00240596 2.06917 
0.774491 0.479494 -0.00103464 1.99348 
0.780474 0.5231 -0.00139276 2.01927 
0.775868 0.493877 -0.00119169 2.00036 
0.765097 0.409141 -0.000854374 1.95277 
0.763509 0.391319 -0.000705107 1.94482 
0.779497 0.518734 -0.00128466 2.01569 
0.774864 0.488191 -0.000986236 1.99647 
0.78119 0.530212 -0.000998812 2.02282 
0.789455 0.576631 -0.00139676 2.05451 
0.788055 0.569246 -0.00158958 2.04934 
0.773058 0.463566 -0.000845574 1.9862 
0.779611 0.50639 -0.00115386 2.01351 
0.786709 0.534513 -0.00145221 2.03945 
0.79624 0.595766 -0.0026162 2.07633 
0.792018 0.575153 -0.00218149 2.06154 
0.804969 0.631397 -0.00285672 2.10135 
0.804421 0.630617 -0.00305457 2.10011 
0.805247 0.637468 -0.0012493 2.09872 
0.804894 0.637732 -0.00121851 2.0979 
0.805002 0.63783 -0.00173137 2.09865 
0.804516 0.637815 -0.000867964 2.09674 
0.804237 0.637742 -0.000159705 2.09576 
0.804521 0.637618 -0.000410338 2.09649 
0.803972 0.637945 -0.000166852 2.09518 
0.803976 0.638015 -0.000358303 2.09527 
0.804849 0.637211 -0.00274754 2.09966 
0.804541 0.638157 -0.00152515 2.09737 
0.804589 0.638312 -0.00176755 2.09783 
0.804326 0.638047 -0.00102446 2.09643 
0.804136 0.638069 -0.000768989 2.09584 
0.804867 0.638446 -0.00155298 2.09923 
0.804956 0.638499 -0.00149084 2.09915 
0.80455 0.637806 -0.00172669 2.09909 
0.804926 0.638466 -0.00153894 2.09903 
0.745757 0.159884 -0.000400677 1.86076 
0.744197 0.102059 -0.000270302 1.85201 
0.742409 0.0526014 -0.000531349 1.84498 
0.741984 0.0542541 -0.000241677 1.84393 
0.806817 0.636038 -0.000184272 2.10236 
0.808141 0.635157 -0.000195741 2.10624 
0.80717 0.635876 -0.000620443 2.10405 
0.809577 0.634411 0.000272176 2.10855 
0.806902 0.632543 -0.00154572 2.10563 
0.761564 0.191612 -0.000516655 1.91182 
0.761286 0.094868 -2.78431e-05 1.90352 
0.784866 0.412177 -0.00305975 2.00576 
0.79901 0.511987 -0.00519086 2.06167 
0.803778 0.543084 -0.00583559 2.07996 
0.775731 0.33479 -0.00178952 1.96848 
0.803413 0.544416 -0.00570145 2.07952 
0.760098 0.0825847 -1.07799e-05 1.89964 
0.75886 0.0721678 7.81986e-06 1.8957 
0.811602 0.59181 -0.00636149 2.10812 
0.81058 0.594069 -0.00587844 2.10652 
0.818947 0.621695 -0.00368468 2.12657 
0.81837 0.622627 -0.00298664 2.1254 
0.797074 0.520722 -0.00463912 2.05986 
0.804247 0.563561 -0.00539728 2.08624 
0.813095 0.629042 -0.0037669 2.11568 
0.812459 0.629722 -0.00375825 2.11438 
0.812864 0.627641 -0.00440083 2.11601 
0.813915 0.628241 -0.00327401 2.11692 
0.813424 0.628877 -0.00333029 2.11597 
0.811915 0.628915 -0.00429489 2.11388 
0.811879 0.626981 -0.00462191 2.11428 
0.812917 0.625811 -0.00463137 2.1165 
0.759916 0.180086 -0.000368331 1.9059 
0.781157 0.430396 -0.00266802 2.00278 
0.770748 0.336706 -0.00151414 1.95736 
0.791743 0.51926 -0.00359592 2.04911 
0.787688 0.487768 -0.00322022 2.03197 
0.79514 0.533759 -0.00405014 2.0606 
0.751836 0.0791764 -0.000170756 1.87325 
0.755664 0.0688506 -3.65527e-05 1.88572 
0.754627 0.207719 -0.000479529 1.89137 
0.810428 0.63395 -0.000174869 2.11086 
0.755001 0.162913 -0.00028143 1.8885 
0.764826 0.318957 -0.000914637 1.937 
0.772175 0.389148 -0.00149266 1.97024 
0.786323 0.48606 -0.00297428 2.02813 
0.785405 0.484067 -0.00284052 2.02529 
0.76507 0.415769 0.00053125 1.95435 
0.764388 0.406601 0.000912323 1.95039 
0.756698 0.33492 0.000697117 1.91554 
0.756322 0.328656 0.000743596 1.91328 
0.745242 0.0898812 0.000231317 1.85456 
0.748955 0.173051 0.000127482 1.87155 
0.7593 0.325211 0.00022934 1.92121 
0.763448 0.376817 0.000460193 1.94196 
0.789615 0.580538 0.000460288 2.05561 
0.774825 0.489857 0.000569864 1.99684 
0.779478 0.520262 0.000875687 2.01608 
0.782074 0.538121 0.00122786 2.02725 
0.775634 0.495934 6.16713e-05 2.00041 
0.799739 0.623585 0.0015654 2.08817 
0.797278 0.61504 0.00122241 2.08107 
0.800175 0.624143 0.0018866 2.08939 
0.791885 0.590784 0.000928558 2.06347 
0.788447 0.572321 0.00104371 2.05099 
0.774291 0.483302 0.00123804 1.99376 
0.788496 0.571545 0.00132365 2.05097 
0.774457 0.485273 0.00107804 1.99471 
0.779468 0.519004 0.00109106 2.01573 
0.803576 0.635198 0.00301875 2.09767 
0.80407 0.635663 0.00313459 2.09876 
0.804379 0.637616 0.00267827 2.09895 
0.749455 0.060779 6.20536e-05 1.86535 
0.752397 0.160739 0.000389246 1.88016 
0.749497 0.0641253 3.31165e-05 1.86584 
0.752528 0.164104 0.000318181 1.88093 
0.751247 0.131104 0.000164335 1.87466 
0.76009 0.288533 0.00068524 1.91799 
0.758009 0.259775 0.000475613 1.90784 
0.767752 0.376027 0.00139547 1.95487 
0.76019 0.291061 0.000886296 1.91867 
0.759805 0.286235 0.000927831 1.91684 
0.772034 0.413522 0.00167885 1.9742 
0.772376 0.413123 0.00168111 1.97513 
0.805073 0.615254 0.00428034 2.09931 
0.77441 0.386711 0.00173929 1.97637 
0.77022 0.361643 0.00129361 1.95996 
0.755562 0.181421 0.000342497 1.89192 
0.764329 0.328983 0.00105052 1.93701 
0.798547 0.591117 0.00187334 2.08191 
0.80919 0.63279 0.00137312 2.10952 
0.809281 0.632432 0.00174234 2.10958 
0.797557 0.584926 0.00352853 2.077 
0.800314 0.599181 0.00343966 2.08624 
0.784218 0.508039 0.00252045 2.02713 
0.7904 0.546094 0.00305244 2.05133 
0.747135 0.0548785 0.000113663 1.8593 
0.7489 0.140609 6.04514e-05 1.8689 
0.755053 0.24873 7.52247e-05 1.89798 
0.748018 0.0542302 6.5996e-05 1.86205 
0.750549 0.138942 5.96346e-05 1.87386 
0.748773 0.107433 7.17671e-05 1.8665 
0.756076 0.247812 0.00013983 1.90095 
0.753736 0.218748 7.55667e-05 1.89058 
0.78902 0.545789 0.00157352 2.04819 
0.782156 0.498913 0.00106885 2.01967 
0.795628 0.583652 0.00206572 2.07314 
0.786558 0.525289 0.00121633 2.03747 
0.780391 0.483666 0.00092859 2.01167 
0.795428 0.578943 0.0017539 2.07194 
0.798318 0.595894 0.00209136 2.08228 
0.802125 0.611816 0.00205285 2.09417 
0.797759 0.59036 0.0018317 2.08004 
0.79226 0.559441 0.00149349 2.05992 
0.792297 0.559434 0.00149803 2.06003 
0.798673 0.593364 0.00179728 2.08274 
0.795654 0.578 0.00166476 2.07236 
0.80315 0.614732 0.00186449 2.09668 
0.797769 0.589581 0.00178225 2.0799 
0.802138 0.611273 0.00196558 2.09407 
0.817177 0.424764 -0.0118489 2.07814 
0.828256 0.510138 -0.0170205 2.12416 
0.820738 0.443968 -0.0136458 2.09076 
0.835292 0.537755 -0.0210072 2.14627 
0.842301 0.573253 -0.022619 2.16804 
0.840265 0.570885 -0.0215022 2.1637 
0.798858 0.288023 -0.00425837 2.0089 
0.863448 0.547656 -0.0286461 2.20952 
0.869231 0.538211 -0.0312269 2.22172 
0.865686 0.543432 -0.0344549 2.21446 
0.846121 0.561148 -0.0281232 2.17452 
0.843714 0.558409 -0.0264309 2.16899 
0.849091 0.571532 -0.0208488 2.1809 
0.82703 0.386316 -0.0162916 2.0915 
0.850731 0.561259 -0.0311935 2.18426 
0.851695 0.547197 -0.0340373 2.18511 
0.853626 0.559688 -0.0322215 2.18973 
0.84545 0.579516 -0.00618326 2.17502 
0.843176 0.58404 -0.00451392 2.17123 
0.84274 0.584986 -0.00359182 2.17056 
0.840537 0.588517 -0.00788348 2.16639 
0.839888 0.590482 0.000768116 2.16576 
0.839293 0.591565 0.00133241 2.16473 
0.840386 0.589063 -0.00619108 2.1663 
0.842958 0.584738 0.000372353 2.17104 
0.843289 0.584144 0.00163389 2.17162 
0.844045 0.582686 0.00128634 2.17291 
0.844023 0.582685 -0.000659093 2.17284 
0.843333 0.584004 -0.00105213 2.17166 
0.800944 0.51522 -0.00559964 2.06667 
0.822864 0.61509 -0.00645341 2.13351 
0.803446 0.512237 -0.00609292 2.0712 
0.811355 0.555014 -0.00743282 2.0991 
0.823088 0.61539 -0.00515214 2.13377 
0.823271 0.615081 -0.00452732 2.13402 
0.823696 0.61416 -0.00585722 2.13477 
0.823274 0.614882 -0.00584717 2.1341 
0.824021 0.613736 -0.00510272 2.13526 
0.823782 0.61413 -0.0044674 2.1348 
0.822501 0.616678 -0.00479624 2.13299 
0.822599 0.616642 -0.00393932 2.13319 
0.828503 0.607698 -0.000497365 2.144 
0.827464 0.609036 0.000389425 2.14189 
0.826819 0.610049 0.00382341 2.14072 
0.827448 0.609242 0.00326042 2.14199 
0.826008 0.611121 0.00338758 2.13911 
0.827337 0.609339 0.0021954 2.14173 
0.825709 0.611473 0.00248461 2.13848 
0.823367 0.615028 0.00113212 2.13421 
0.823173 0.615388 0.000484734 2.13391 
0.823793 0.614186 0.00108195 2.13483 
0.823656 0.614289 -0.000838688 2.13451 
0.823291 0.615048 -0.000489412 2.134 
0.824081 0.613566 -0.000330547 2.13522 
0.824111 0.613585 0.000549953 2.13532 
0.824661 0.612785 0.00101824 2.13635 
0.825132 0.612072 0.000654874 2.13721 
0.821401 0.618936 0.00462139 2.13151 
0.821626 0.617592 0.00581979 2.13171 
0.820906 0.618919 0.00525068 2.13047 
0.820945 0.618083 0.00584185 2.1305 
0.822108 0.618255 0.00374207 2.13293 
0.821929 0.618233 0.0045139 2.13246 
0.822078 0.617647 0.00510397 2.13256 
0.822997 0.614953 0.00651812 2.13386 
0.823372 0.614868 0.00594185 2.13442 
0.822504 0.616823 0.00524285 2.13318 
0.818774 0.622734 -0.00132232 2.12643 
0.81784 0.623581 -0.000926305 2.12432 
0.817184 0.624116 -0.00117152 2.12281 
0.817542 0.623755 -0.00172933 2.12362 
0.81838 0.62298 -0.00184282 2.12548 
0.814221 0.627751 -0.00350644 2.11776 
0.816916 0.624267 -0.00243685 2.12233 
0.816297 0.62495 -0.00248465 2.1211 
0.795026 0.512965 0.0043478 2.05368 
0.799901 0.544791 0.00486495 2.07262 
0.783079 0.434797 0.00301272 2.00785 
0.795552 0.521115 0.00440477 2.05734 
0.81564 0.625885 0.00316103 2.12038 
0.815645 0.62369 0.00411972 2.12093 
0.815168 0.623868 0.00426543 2.12034 
0.815334 0.625451 0.00383181 2.12036 
0.813914 0.628081 -0.00258068 2.11645 
0.815436 0.625947 -0.00218322 2.11923 
0.815034 0.626315 -0.00186197 2.11827 
0.814331 0.627456 -0.00247917 2.11719 
0.814452 0.62707 -0.00198576 2.11716 
0.814588 0.627271 -0.00304413 2.11809 
0.81488 0.626791 -0.00329583 2.11888 
0.819769 0.622111 0.00115952 2.12887 
0.820096 0.621804 0.000572719 2.12961 
0.75829 0.0644138 -1.32136e-05 1.89389 
0.758413 0.0947197 4.36602e-05 1.89553 
0.760823 0.155909 0.000274641 1.90645 
0.782637 0.393869 0.00272731 1.99663 
0.759755 0.0751639 -5.6082e-06 1.89847 
0.759222 0.0746894 -3.03889e-06 1.89694 
0.82273 0.616835 0.00178231 2.13368 
0.822832 0.616551 0.00242461 2.13377 
0.822362 0.618037 0.00225956 2.1335 
0.822501 0.617621 0.00171871 2.1336 
0.822401 0.617735 0.00326621 2.13339 
0.822662 0.617021 0.00337527 2.13363 
0.754658 0.0692787 5.54078e-05 1.88244 
0.757917 0.166676 0.000225869 1.89848 
0.755927 0.139097 0.000157359 1.89 
0.766859 0.311724 0.000986679 1.94231 
0.764268 0.287466 0.000761726 1.93108 
0.753 0.0732543 0.000127955 1.87699 
0.753713 0.0730964 9.32564e-05 1.87938 
0.806772 0.630726 0.00148506 2.1056 
0.804974 0.623929 0.00191199 2.10186 
0.80514 0.624081 0.00180678 2.10212 
0.810253 0.634452 9.55454e-06 2.11073 
0.810283 0.634411 -0.000159592 2.11065 
0.809534 0.634876 -0.000134724 2.10909 
0.811277 0.63375 0.000173124 2.11302 
0.810788 0.634091 -6.14676e-05 2.11184 
0.810746 0.634058 -8.60241e-05 2.11167 
0.811544 0.633497 0.000100646 2.1136 
0.81137 0.63364 -1.15587e-05 2.11318 
0.809563 0.632027 0.00249813 2.10982 
0.805172 0.619236 0.00340555 2.10022 
0.806793 0.625434 0.0027667 2.10446 
0.808799 0.631023 0.00229025 2.10862 
0.811331 0.633627 0.000438688 2.11313 
0.810387 0.6332 0.00191382 2.11122 
0.811211 0.633353 0.00117141 2.11269 
0.810415 0.633656 0.00132415 2.11136 
0.81076 0.633911 0.000747617 2.11196 
0.811125 0.633682 0.000746805 2.11267 
0.811792 0.631998 -0.00016248 2.11317 
0.813158 0.629215 0.00386646 2.11608 
0.811938 0.631031 0.00317962 2.11329 
0.812378 0.630479 0.00330156 2.11414 
0.812542 0.629935 0.00380377 2.11476 
0.811502 0.63108 0.00357938 2.11269 
0.811294 0.629774 0.00422533 2.11274 
0.81194 0.629213 0.00431663 2.11408 
0.813051 0.628025 0.00438506 2.11648 
0.811939 0.627162 0.00466496 2.11455 
0.855106 0.560906 -0.0289092 2.19256 
0.85496 0.561534 -0.0221488 2.19223 
0.840464 0.581125 0.0192491 2.16518 
0.838187 0.571754 0.0197284 2.15956 
0.839522 0.582086 0.0185203 2.16352 
0.787938 0.133805 0.000733902 1.96464 
0.793723 0.229795 0.00250119 1.98826 
0.791113 0.216655 0.00205727 1.98092 
0.821862 0.507664 0.0129294 2.10963 
0.80861 0.41482 0.00809253 2.05726 
0.84065 0.588896 0.0062484 2.16696 
0.841409 0.587662 0.00546514 2.16838 
0.843447 0.582331 0.0126422 2.17095 
0.842814 0.583201 0.0140365 2.16966 
0.844506 0.581714 0.00727208 2.17364 
0.844296 0.581614 0.00915276 2.17296 
0.852452 0.566108 0.0131839 2.18739 
0.85147 0.567895 0.0132746 2.18558 
0.852705 0.565557 0.0171252 2.18787 
0.853202 0.564749 0.0149422 2.18881 
0.851236 0.568138 0.0170744 2.18509 
0.850786 0.569012 0.0150402 2.18426 
0.848824 0.572455 0.0152611 2.18059 
0.849637 0.571104 0.0142065 2.18214 
0.846145 0.57795 0.0103825 2.17608 
0.845778 0.578253 0.0119469 2.1752 
0.845597 0.579231 0.00929787 2.17527 
0.844909 0.57987 0.0117268 2.17367 
0.844845 0.580356 0.0100564 2.17378 
0.845612 0.578102 0.0151935 2.17465 
0.846189 0.577321 0.0133692 2.17584 
0.847775 0.574359 0.0147217 2.17867 
0.847304 0.575343 0.0131585 2.17788 
0.816526 0.494282 0.0106129 2.09461 
0.805345 0.415996 0.00707948 2.05053 
0.812804 0.478733 0.00933036 2.08251 
0.825728 0.555736 0.0130189 2.13006 
0.827362 0.559601 0.0136942 2.13444 
0.830396 0.579693 0.0137379 2.14502 
0.834152 0.591671 0.0137395 2.15426 
0.829602 0.580864 0.0131818 2.14361 
0.837658 0.594078 0.00670643 2.16161 
0.83651 0.595802 0.00755845 2.1594 
0.836924 0.595363 0.00665359 2.16031 
0.83921 0.591088 0.00764997 2.16418 
0.830775 0.568648 0.0149834 2.14362 
0.832421 0.579879 0.0148437 2.14919 
0.836141 0.595802 0.00972492 2.15837 
0.836638 0.595197 0.0089758 2.15939 
0.834595 0.59768 0.010715 2.15548 
0.835197 0.597056 0.0103635 2.15659 
0.83362 0.596559 0.0120443 2.15365 
0.833318 0.594126 0.0128232 2.15292 
0.834748 0.594849 0.0127832 2.15557 
0.835795 0.595388 0.011767 2.15749 
0.835802 0.595938 0.0108127 2.15761 
0.869095 0.538448 0.0311291 2.22143 
0.865498 0.543819 0.0342813 2.21406 
0.863047 0.548315 0.0282561 2.2087 
0.845633 0.559191 0.0280156 2.17323 
0.849964 0.568206 0.027552 2.18265 
0.827474 0.490351 0.0172104 2.11729 
0.836376 0.548667 0.0210127 2.15119 
0.844598 0.579182 0.019337 2.17257 
0.845352 0.57566 0.0230101 2.17394 
0.843557 0.578688 0.0211951 2.17074 
0.843002 0.575003 0.022532 2.16961 
0.852446 0.56579 0.0219277 2.18733 
0.853416 0.564066 0.0240869 2.18921 
0.853343 0.564412 0.0192269 2.1891 
0.860306 0.552679 0.0298956 2.20311 
0.854994 0.561036 0.0292565 2.19237 
0.8534 0.559541 0.0323568 2.18933 
0.859502 0.551817 0.0352869 2.20181 
0.851279 0.545907 0.0338561 2.18396 
0.854508 0.545786 0.0365541 2.19114 
0.85748 0.557284 0.0174666 2.1971 
0.855166 0.561208 0.0226755 2.19266 
0.858872 0.55503 0.0200989 2.19997 
0.855811 0.560168 0.017643 2.19385 
0.854894 0.561737 0.0196419 2.1921 
0.850686 0.569585 -0.00106904 2.18421 
0.85065 0.569661 0.000791705 2.18416 
0.851736 0.568051 0.00687484 2.18639 
0.851722 0.567655 0.00506581 2.1861 
0.852441 0.566085 0.0042454 2.18726 
0.852887 0.565165 0.00526893 2.18803 
0.852977 0.56511 0.0111286 2.18832 
0.852458 0.566695 0.00958029 2.18771 
0.852941 0.564964 0.00695383 2.18809 
0.852633 0.566414 0.00787545 2.18806 
0.854236 0.562546 0.00730949 2.19043 
0.853597 0.563803 0.00676129 2.18929 
0.854623 0.561966 0.00945459 2.19126 
0.85403 0.563152 0.011277 2.19025 
0.854078 0.56284 -0.00773371 2.19016 
0.853744 0.563283 -0.00388011 2.1894 
0.854567 0.561513 -0.00415709 2.19076 
0.854889 0.561063 -0.00624671 2.19147 
0.85333 0.5642 -0.00516943 2.18874 
0.853394 0.564148 -0.00681491 2.18891 
0.851426 0.567682 -0.0185584 2.18539 
0.852695 0.565519 -0.0175623 2.18782 
0.853381 0.564299 -0.0190216 2.18914 
0.854451 0.562398 -0.0135548 2.19107 
0.855365 0.560828 -0.0148304 2.19286 
0.856406 0.558863 -0.0129045 2.19475 
0.854815 0.561642 -0.0110332 2.19166 
0.855826 0.559721 -0.0107068 2.1935 
0.848863 0.572086 -0.0185734 2.18052 
0.847864 0.574197 -0.0144216 2.17883 
0.848828 0.572528 -0.0140049 2.18063 
0.852985 0.565049 -0.0110224 2.18829 
0.853234 0.564618 -0.0135365 2.1888 
0.852528 0.56587 -0.0151562 2.1875 
0.847023 0.576948 0.00429845 2.17802 
0.848551 0.574088 0.00830548 2.18073 
0.847962 0.575274 0.0072357 2.17973 
0.847964 0.575162 0.0053494 2.17967 
0.84853 0.573975 0.00407528 2.18059 
0.849372 0.57229 0.0037411 2.18202 
0.85006 0.571008 0.00495574 2.18326 
0.850061 0.571267 0.00735006 2.18343 
0.849382 0.572539 0.00846628 2.18222 
0.848126 0.574734 0.00197363 2.17987 
0.846693 0.577535 0.000872207 2.17741 
0.847226 0.576515 0.00220383 2.17834 
0.771493 0.0798811 7.79861e-05 1.92662 
0.773851 0.163948 0.000526461 1.93819 
0.785365 0.320541 0.00257682 1.98655 
0.814837 0.603012 0.00664116 2.117 
0.812023 0.58898 0.00663284 2.1085 
0.82249 0.61556 0.00655844 2.13308 
0.822363 0.616377 0.00609397 2.13288 
0.821704 0.61671 0.00633661 2.13181 
0.820972 0.615429 0.0068775 2.13054 
0.7774 0.31758 0.0018576 1.96903 
0.767137 0.200378 0.000537961 1.92731 
0.780112 0.356678 0.0023259 1.9829 
0.784912 0.392901 0.00303872 2.00142 
0.763158 0.093871 3.61756e-05 1.90846 
0.767028 0.177364 0.00041954 1.92452 
0.818195 0.605879 0.00752528 2.12432 
0.815962 0.595228 0.00759116 2.11798 
0.821609 0.613995 0.00726139 2.13161 
0.820691 0.613223 0.00730145 2.12994 
0.821358 0.611381 0.00768636 2.13102 
0.818655 0.602495 0.00791877 2.12471 
0.805678 0.498517 0.00667652 2.07221 
0.793042 0.410622 0.00417731 2.02282 
0.821732 0.59119 0.00911345 2.12905 
0.82348 0.594678 0.00938009 2.13326 
0.814996 0.559537 0.00829505 2.1079 
0.819575 0.575985 0.00915684 2.12148 
0.81367 0.547879 0.00816915 2.10218 
0.791488 0.424513 0.00402675 2.02301 
0.803777 0.509981 0.00620642 2.07125 
0.785011 0.364397 0.00286889 1.99511 
0.811181 0.548502 0.00751548 2.09704 
0.823352 0.599528 0.00900709 2.13369 
0.822511 0.600025 0.00880118 2.13205 
0.821375 0.602784 0.00843768 2.13013 
0.823329 0.609203 0.00810734 2.1345 
0.820576 0.603065 0.0082908 2.12859 
0.822613 0.609851 0.0079914 2.13321 
0.824528 0.613186 0.00493095 2.13631 
0.824972 0.612476 0.00524306 2.13712 
0.824427 0.613392 0.00395929 2.13613 
0.824827 0.612774 0.00350247 2.13684 
0.825461 0.61186 0.00395753 2.13804 
0.825499 0.611769 0.00473488 2.13811 
0.760484 0.065277 -2.02101e-05 1.90013 
0.764578 0.173552 0.000333828 1.91806 
0.771901 0.287677 0.00124971 1.95107 
0.761971 0.137298 0.000155457 1.9081 
0.768574 0.254792 0.000887478 1.9379 
0.795871 0.358533 0.00449331 2.01686 
0.794726 0.35506 0.00426346 2.01365 
0.806439 0.457014 0.00731283 2.06311 
0.809639 0.466976 0.00828825 2.07259 
0.820823 0.546382 0.0110122 2.11725 
0.82259 0.550108 0.0116965 2.12198 
0.825032 0.612198 -0.00494469 2.13708 
0.825204 0.611941 -0.00405871 2.13736 
0.827568 0.608853 -0.0022688 2.14207 
0.827232 0.60927 -0.00126291 2.14137 
0.787722 0.364619 -0.00316399 2.0009 
0.772099 0.191086 -0.000635511 1.93756 
0.774381 0.212805 -0.000877971 1.94524 
0.811935 0.545648 -0.00768571 2.09797 
0.807114 0.514081 -0.00686082 2.07946 
0.793688 0.421355 -0.00430179 2.02689 
0.804825 0.509238 -0.00636293 2.07332 
0.790221 0.405047 -0.00371124 2.0156 
0.784763 0.349698 -0.00270245 1.99141 
0.809583 0.524823 -0.0073835 2.08756 
0.796583 0.434563 -0.00485227 2.0363 
0.823767 0.599429 -0.00905546 2.1346 
0.824761 0.599254 -0.0093052 2.1366 
0.825581 0.606941 -0.0084864 2.13876 
0.827546 0.605927 -0.00872369 2.14253 
0.828413 0.604932 -0.00897725 2.14416 
0.827449 0.597638 -0.0102553 2.14184 
0.826922 0.599322 -0.00986718 2.14098 
0.832159 0.602281 -0.0079624 2.15113 
0.833027 0.601239 -0.00673656 2.15286 
0.832898 0.601227 -0.00782092 2.15252 
0.832239 0.602472 -0.00635816 2.15139 
0.831842 0.602926 -0.00710423 2.15057 
0.828961 0.592656 0.0114555 2.14425 
0.831113 0.597312 0.0113901 2.14902 
0.824106 0.570817 0.0112332 2.13004 
0.826487 0.577205 0.0119171 2.13643 
0.830838 0.593388 0.012085 2.14808 
0.815748 0.544275 0.00894555 2.10576 
0.823278 0.579153 0.0103232 2.13003 
0.823074 0.573848 0.0105753 2.12849 
0.817057 0.5413 0.00954793 2.10785 
0.828785 0.607407 0.00506471 2.14465 
0.838959 0.592158 0.00502679 2.16415 
0.838371 0.593238 0.00487537 2.16313 
0.839119 0.591906 0.00260459 2.16445 
0.83941 0.591422 0.00366436 2.16498 
0.838425 0.593157 0.00263083 2.16324 
0.838123 0.593718 0.00354907 2.16272 
0.837022 0.595443 0.000441256 2.16064 
0.837001 0.595422 -0.000816967 2.16056 
0.838112 0.593632 0.00136525 2.16263 
0.837489 0.594702 0.00132739 2.16151 
0.838601 0.592752 0.000513927 2.16348 
0.838573 0.592762 -0.000704839 2.16341 
0.776657 0.0779443 -0.00013623 1.93745 
0.777777 0.0788732 -0.000135422 1.93983 
0.823668 0.556119 -0.0119204 2.12574 
0.821809 0.551 -0.0112646 2.12051 
0.782959 0.0875375 -0.000218205 1.95096 
0.789336 0.217954 -0.00189282 1.97742 
0.781834 0.0861901 -0.000233055 1.94859 
0.787057 0.213291 -0.00164477 1.97199 
0.805746 0.405806 -0.007141 2.04892 
0.804504 0.402599 -0.00680282 2.04546 
0.814092 0.480592 -0.00978125 2.0858 
0.837462 0.59464 -0.00143343 2.16139 
0.838078 0.593605 -0.0013437 2.16251 
0.836 0.597049 -0.00233852 2.15871 
0.836276 0.596513 -0.00332654 2.15917 
0.835182 0.598348 -0.00217261 2.15719 
0.806071 0.632972 0.00256534 2.10397 
0.804945 0.631142 0.00295243 2.1015 
0.805808 0.634065 0.00278701 2.10302 
0.80342 0.623341 0.00279463 2.09805 
0.802817 0.618456 0.00249443 2.09639 
0.804795 0.626234 0.00246213 2.10156 
0.805607 0.636603 0.00278307 2.10165 
0.805326 0.637073 -0.000167703 2.09836 
0.805307 0.637121 0.000185889 2.09835 
0.805523 0.63695 0.000426306 2.09886 
0.805414 0.636772 0.000286268 2.09842 
0.805561 0.636994 -0.00108981 2.09913 
0.805718 0.637002 -0.00163115 2.09982 
0.806054 0.636293 -0.000356517 2.10013 
0.806143 0.636558 -0.00121332 2.10088 
0.80629 0.636423 -0.000844252 2.10119 
0.80457 0.637659 0.00039639 2.09665 
0.805045 0.637391 0.000406132 2.09781 
0.804293 0.638161 0.000918715 2.09635 
0.804568 0.637938 0.00084233 2.09695 
0.804977 0.637899 0.00118459 2.09821 
0.804737 0.638378 0.00179364 2.09822 
0.804456 0.638382 0.00136462 2.09715 
0.805607 0.637106 0.00120087 2.09934 
0.805564 0.637132 0.000855158 2.09917 
0.805575 0.637631 0.00166388 2.09999 
0.805374 0.637394 0.000843044 2.09883 
0.805342 0.637616 0.00115983 2.09902 
0.809447 0.634797 -0.000345368 2.1085 
0.808246 0.635481 -0.000403438 2.10567 
0.809091 0.63509 -0.000338805 2.10782 
0.806228 0.636034 -0.000266196 2.10013 
0.807884 0.635095 0.000423358 2.10418 
0.807307 0.635266 0.000279829 2.10259 
0.806278 0.636288 -0.000137849 2.10057 
0.805657 0.636594 0.000227669 2.09905 
0.802688 0.632298 -0.00219167 2.09575 
0.803343 0.634551 -0.00244885 2.09713 
0.80208 0.631126 -0.00261371 2.09425 
0.7993 0.621351 -0.00233711 2.08696 
0.800039 0.623586 -0.00207259 2.089 
0.793757 0.598837 -0.00118205 2.06974 
0.798103 0.617301 -0.00143776 2.08347 
0.793678 0.597424 -0.0014864 2.06934 
0.798129 0.616467 -0.00175638 2.0835 
0.79681 0.611328 -0.0025305 2.07953 
0.796311 0.609628 -0.00227196 2.07801 
0.791227 0.58595 -0.00191524 2.06092 
0.787486 0.565422 -0.00179592 2.04706 
0.792051 0.588195 -0.00218302 2.06355 
0.803356 0.622792 -0.00264674 2.09778 
0.804193 0.624388 -0.00244424 2.09995 
0.796739 0.595336 -0.00252744 2.07771 
0.794514 0.581485 -0.00215923 2.06962 
0.800695 0.615028 -0.00295992 2.09045 
0.802263 0.621102 -0.00297898 2.09488 
0.797534 0.595112 -0.00223381 2.07994 
0.801276 0.614212 -0.00261106 2.09199 
0.805789 0.637073 -0.00195962 2.10047 
0.805896 0.636711 -0.00238385 2.10146 
0.804555 0.634533 -0.00315839 2.09991 
0.804163 0.631954 -0.00324338 2.09937 
0.804896 0.633722 -0.00307996 2.10079 
0.805065 0.636703 -0.00281201 2.10033 
0.79999 0.623119 -0.00289925 2.08883 
0.804161 0.635534 -0.0030725 2.09879 
0.803708 0.632946 -0.0032499 2.09815 
0.803786 0.635594 -0.00294924 2.09792 
0.802246 0.631469 -0.00290147 2.09463 
0.801784 0.625518 -0.00324513 2.09362 
0.799542 0.618633 -0.00301062 2.08746 
0.804663 0.638422 -0.00155522 2.09806 
0.804534 0.638347 -0.00154277 2.09755 
0.804484 0.637164 -0.00204162 2.09932 
0.804407 0.637196 -0.00189072 2.0991 
0.803435 0.634458 -0.00207633 2.09737 
0.803317 0.634509 -0.00186115 2.09703 
0.804702 0.637771 -0.00207804 2.09953 
0.804902 0.638392 -0.00178288 2.09927 
0.804775 0.638391 -0.00181971 2.09875 
0.804286 0.637043 -0.0023465 2.09884 
0.804568 0.637928 -0.00230942 2.09897 
0.74263 0.0626698 -0.000159737 1.84561 
0.759976 0.363037 -0.000742351 1.92959 
0.75175 0.267584 -0.000571658 1.89058 
0.765899 0.419458 -0.000828708 1.95719 
0.756348 0.312794 -0.000432443 1.91059 
0.747538 0.1795 -0.000301307 1.86783 
0.761176 0.357652 -0.000383188 1.93204 
0.744937 0.0841833 -0.000223898 1.85341 
0.749288 0.0601307 -5.22312e-06 1.86549 
0.749227 0.0511748 -1.02289e-05 1.86462 
0.75225 0.158695 -0.000249848 1.87963 
0.749196 0.0509411 -4.78634e-06 1.8647 
0.750488 0.11037 -8.0307e-05 1.87119 
0.751794 0.156993 -9.89165e-05 1.87885 
0.748947 0.0738024 -3.8996e-05 1.86549 
0.75248 0.180366 -8.64062e-05 1.883 
0.785085 0.52047 -0.00121321 2.03221 
0.793694 0.572295 -0.00175384 2.06597 
0.80733 0.630751 -0.00127834 2.10641 
0.807082 0.635794 0.000123526 2.10277 
0.806806 0.635694 0.00032506 2.10164 
0.807516 0.635366 0.000437132 2.1034 
0.808126 0.6352 0.00036563 2.1052 
0.807828 0.63545 0.000151501 2.10482 
0.808937 0.634714 8.24198e-05 2.10688 
0.809497 0.634469 0.000153273 2.10834 
0.810283 0.634168 4.01895e-05 2.11039 
0.809394 0.634606 -0.000126372 2.10813 
0.810208 0.634273 -8.8001e-05 2.11025 
0.807821 0.634867 -0.000613758 2.10621 
0.807482 0.632628 -0.00112438 2.1065 
0.806876 0.631143 -0.00139621 2.1056 
0.80748 0.635237 -0.000784955 2.10545 
0.807242 0.63369 -0.00124109 2.1059 
0.756902 0.067196 5.4977e-06 1.88975 
0.76011 0.166648 -0.000352607 1.90532 
0.756646 0.0667793 1.63965e-06 1.88893 
0.760156 0.17828 -0.00039007 1.90648 
0.778625 0.395745 -0.00246972 1.9883 
0.772806 0.342683 -0.00181024 1.96346 
0.777209 0.35561 -0.00201971 1.97604 
0.773844 0.334461 -0.00168707 1.964 
0.764322 0.197924 -0.000462977 1.91981 
0.763275 0.188231 -0.00040887 1.91601 
0.775302 0.362375 -0.00203694 1.97322 
0.774146 0.342878 -0.00179172 1.9664 
0.785591 0.444468 -0.00321389 2.01528 
0.785402 0.446276 -0.0032239 2.01542 
0.758414 0.0716698 2.10911e-06 1.89439 
0.797017 0.516654 -0.00466547 2.05862 
0.804189 0.555383 -0.00561872 2.08395 
0.785094 0.432011 -0.00310824 2.011 
0.799131 0.522256 -0.00505729 2.06459 
0.787158 0.442456 -0.00337904 2.0181 
0.819037 0.619489 -0.00530296 2.12683 
0.818145 0.616594 -0.00603063 2.12513 
0.806238 0.591499 -0.00503784 2.09855 
0.79347 0.518389 -0.00397133 2.05288 
0.798023 0.547884 -0.00438892 2.07053 
0.812933 0.629274 -0.00134828 2.11439 
0.808633 0.614481 -0.00500955 2.10732 
0.810083 0.621797 -0.00492197 2.11083 
0.803968 0.593905 -0.0047654 2.0939 
0.810527 0.614166 -0.00508463 2.11142 
0.807265 0.599013 -0.00506268 2.10226 
0.809087 0.612961 -0.0050521 2.10821 
0.810975 0.618636 -0.00502455 2.11272 
0.802696 0.577974 -0.0047366 2.08802 
0.804264 0.591327 -0.00481224 2.09419 
0.800742 0.571178 -0.00452347 2.08212 
0.758578 0.169235 -0.000264754 1.90073 
0.777053 0.405375 -0.00209446 1.98706 
0.769448 0.327524 -0.00133335 1.95222 
0.809317 0.6346 0.000153042 2.10828 
0.809911 0.634243 -6.7156e-05 2.10972 
0.808245 0.629579 -0.00251035 2.10738 
0.76671 0.364819 -0.000986862 1.94971 
0.770729 0.403893 -0.00158191 1.96856 
0.753097 0.0888731 -0.000144007 1.87782 
0.746523 0.162151 0.00038223 1.86317 
0.74808 0.182902 0.000286145 1.86974 
0.757174 0.317181 0.000409942 1.91366 
0.755754 0.312037 0.000631342 1.90872 
0.762578 0.380686 0.00072884 1.94013 
0.794198 0.5996 0.00241281 2.07107 
0.789598 0.575183 0.00207802 2.05462 
0.781013 0.526071 0.00152667 2.02133 
0.781117 0.528602 0.0015363 2.02216 
0.798312 0.616885 0.0019815 2.08407 
0.792632 0.592057 0.00170047 2.06572 
0.798831 0.619814 0.00251365 2.08567 
0.800255 0.62462 0.00238712 2.08966 
0.794685 0.602428 0.00229307 2.07277 
0.790273 0.580782 0.00188711 2.05744 
0.804903 0.638012 0.00258385 2.09962 
0.804681 0.637601 0.00282263 2.09953 
0.804783 0.6384 0.00216926 2.09879 
0.804704 0.638514 0.00220467 2.09876 
0.804622 0.638152 0.00256732 2.09915 
0.77958 0.474004 0.0013812 2.00766 
0.769193 0.388098 0.00108389 1.9612 
0.769593 0.392758 0.00127813 1.96325 
0.797706 0.584047 0.00372475 2.07713 
0.800243 0.594937 0.00402175 2.08514 
0.78465 0.506158 0.00269276 2.0278 
0.790483 0.544711 0.003144 2.0512 
0.788104 0.52443 0.00306267 2.04076 
0.796718 0.573954 0.00390114 2.07274 
0.804738 0.588315 0.00490399 2.09481 
0.798279 0.552522 0.00435486 2.07237 
0.79012 0.503657 0.00347441 2.04167 
0.786146 0.481198 0.00296871 2.0267 
0.792313 0.525547 0.00361062 2.05197 
0.749561 0.0612233 8.46333e-05 1.86556 
0.752279 0.155784 0.000429168 1.87929 
0.75387 0.187222 0.000551823 1.88697 
0.750716 0.0954175 0.000219374 1.87045 
0.751963 0.0899616 0.000183616 1.87422 
0.754419 0.17935 0.000422536 1.88803 
0.75114 0.0957218 0.000217528 1.87181 
0.806755 0.62948 0.00145136 2.10554 
0.804809 0.62108 0.00176639 2.10099 
0.803726 0.615508 0.00184112 2.09787 
0.805159 0.620011 0.00260474 2.10076 
0.844062 0.580292 -0.0183822 2.17163 
0.843131 0.582293 -0.0161634 2.17006 
0.843901 0.580909 -0.0163515 2.17143 
0.841361 0.585024 -0.0166185 2.16692 
0.839935 0.587161 -0.0160597 2.16448 
0.840327 0.585819 -0.016996 2.16514 
0.787104 0.116498 -0.000514859 1.96144 
0.795795 0.264481 -0.00333606 1.99827 
0.785936 0.114329 -0.000492952 1.95892 
0.792014 0.242981 -0.00251817 1.98677 
0.814705 0.452114 -0.0103817 2.07975 
0.826173 0.524925 -0.0148282 2.12341 
0.835092 0.571657 -0.017506 2.15321 
0.838534 0.58135 -0.0182068 2.16159 
0.819992 0.478696 -0.0126882 2.09805 
0.864448 0.546042 -0.0242321 2.2115 
0.863235 0.547795 -0.0192608 2.2088 
0.864951 0.544804 -0.015128 2.21215 
0.868169 0.539851 -0.0175702 2.21907 
0.867612 0.54075 -0.0236538 2.21804 
0.799518 0.135725 -0.00135143 1.98908 
0.812862 0.329086 -0.00887727 2.04711 
0.806932 0.28454 -0.00600015 2.02548 
0.827438 0.475147 -0.017592 2.11341 
0.83232 0.499098 -0.0206464 2.13038 
0.802869 0.136517 -0.00165659 1.99665 
0.814636 0.331113 -0.00950556 2.0515 
0.805389 0.14479 -0.00200532 2.00314 
0.821874 0.365023 -0.0134041 2.07482 
0.838235 0.516924 -0.0248125 2.148 
0.842051 0.526987 -0.0277113 2.15911 
0.849791 0.569783 -0.0247773 2.18214 
0.851654 0.565911 -0.0281046 2.18577 
0.8501 0.568353 -0.0272676 2.18286 
0.852596 0.565516 -0.0217593 2.1876 
0.853262 0.564126 -0.0263903 2.18888 
0.853439 0.564021 -0.0236342 2.18924 
0.850312 0.569353 -0.0221915 2.18319 
0.851366 0.567639 -0.0210822 2.18524 
0.848269 0.57205 -0.0245344 2.17931 
0.848095 0.572962 -0.0223504 2.17895 
0.844949 0.571492 -0.0248016 2.17313 
0.846494 0.57087 -0.0257753 2.17602 
0.845373 0.578361 -0.0163482 2.17413 
0.846137 0.577143 -0.0153945 2.1756 
0.845006 0.578709 -0.018476 2.17334 
0.847194 0.575214 -0.0159991 2.17751 
0.847534 0.574436 -0.0180363 2.17805 
0.84452 0.581561 -0.00376391 2.17358 
0.845265 0.580049 -0.00453196 2.17481 
0.844599 0.581548 -0.00167467 2.17381 
0.845431 0.579962 -0.000899343 2.17524 
0.846862 0.577185 -0.00115505 2.17769 
0.847433 0.576037 -0.00218874 2.17865 
0.846049 0.578735 -0.00202707 2.17628 
0.845959 0.578818 -0.00356317 2.17607 
0.846759 0.576928 -0.00740758 2.17723 
0.846291 0.577922 -0.00617477 2.17648 
0.847761 0.575079 -0.00691913 2.17902 
0.847937 0.574873 -0.00516853 2.17941 
0.847213 0.576364 -0.00408534 2.17821 
0.846556 0.577594 -0.00457127 2.17705 
0.841967 0.586391 -0.00410529 2.1692 
0.841601 0.586885 -0.00542979 2.16845 
0.840852 0.588334 -0.00520303 2.16719 
0.841774 0.586415 -0.00665483 2.16865 
0.841183 0.587268 -0.00812605 2.16748 
0.818104 0.494414 -0.0113187 2.09809 
0.829137 0.559202 -0.0147158 2.13814 
0.81977 0.494344 -0.0121624 2.10165 
0.810295 0.430343 -0.00872279 2.06472 
0.774525 0.291126 -0.00145032 1.95777 
0.784203 0.389414 -0.00291513 1.99907 
0.765399 0.159531 -0.000285897 1.91879 
0.778264 0.347095 -0.00208234 1.97675 
0.786778 0.416417 -0.00334089 2.01099 
0.762454 0.0992341 -4.11719e-05 1.90689 
0.765696 0.188152 -0.00042935 1.92233 
0.821743 0.612441 -0.00757894 2.1317 
0.82275 0.614073 -0.00710572 2.13343 
0.804863 0.534299 -0.00627515 2.08003 
0.805786 0.531175 -0.00648303 2.08117 
0.796582 0.475493 -0.00491465 2.04692 
0.795846 0.474891 -0.00479716 2.0452 
0.822231 0.617773 -0.00316579 2.13294 
0.82232 0.61737 -0.00379636 2.13291 
0.821884 0.6186 -0.00309559 2.13253 
0.821521 0.618983 -0.00366654 2.13177 
0.822175 0.617407 -0.00463118 2.13257 
0.832018 0.602885 -0.0054278 2.15101 
0.832608 0.602091 -0.00454813 2.15219 
0.829959 0.605752 -0.00516357 2.14695 
0.830149 0.605534 -0.00416262 2.14734 
0.830999 0.604387 -0.00413296 2.14904 
0.830682 0.604729 -0.00576573 2.14837 
0.831296 0.603936 -0.00517138 2.14961 
0.829059 0.606997 -0.00104116 2.14514 
0.830481 0.605154 -0.00202415 2.14804 
0.825706 0.611324 0.000992789 2.13836 
0.826023 0.610993 0.00180457 2.13905 
0.826786 0.60999 0.00169757 2.14057 
0.826234 0.610589 0.000352667 2.13938 
0.826859 0.609817 0.000708589 2.14066 
0.823359 0.61518 0.00509218 2.13439 
0.823242 0.615565 0.00339428 2.13425 
0.823755 0.614494 0.00471371 2.135 
0.823662 0.614698 0.00329404 2.13483 
0.823916 0.614249 0.00389089 2.13526 
0.814635 0.626332 -0.0039464 2.11908 
0.812684 0.621089 -0.00489912 2.11624 
0.813667 0.625882 -0.00446973 2.11782 
0.814234 0.626981 -0.00402526 2.11837 
0.817427 0.622727 -0.0038038 2.12364 
0.817719 0.623155 -0.00312288 2.12407 
0.817147 0.623877 -0.00287407 2.1229 
0.81601 0.625171 -0.00294047 2.12074 
0.815503 0.62592 -0.00282809 2.11971 
0.815256 0.626172 -0.00324834 2.11956 
0.780904 0.42002 0.00277005 1.99954 
0.76816 0.298552 0.00130287 1.9441 
0.769454 0.310833 0.00146548 1.94948 
0.814057 0.619995 0.00482649 2.11846 
0.817413 0.61827 0.00546781 2.12382 
0.815971 0.615523 0.00560387 2.1209 
0.816619 0.624018 0.00353652 2.12224 
0.816874 0.6244 0.00287342 2.12252 
0.816116 0.624549 0.0036074 2.12145 
0.816328 0.625173 0.00257913 2.12139 
0.816012 0.62535 0.00308551 2.121 
0.817461 0.623896 0.00266372 2.12367 
0.818967 0.622628 0.00230105 2.12695 
0.815045 0.626239 0.00379718 2.11985 
0.808861 0.605572 0.00515113 2.10689 
0.813423 0.628492 -0.0018351 2.11523 
0.813591 0.628434 -0.00234639 2.11572 
0.813068 0.6291 -0.00180158 2.11466 
0.813247 0.629058 -0.00275015 2.11528 
0.812947 0.629413 -0.00238984 2.1146 
0.821342 0.620287 0.00155117 2.13216 
0.821894 0.619335 0.00163365 2.13308 
0.822037 0.619125 0.000708359 2.13335 
0.798511 0.514541 0.00500015 2.0613 
0.788034 0.44295 0.00349418 2.0202 
0.803258 0.545827 0.00558664 2.07959 
0.777111 0.354907 0.00199132 1.97572 
0.806512 0.631851 0.00207907 2.10525 
0.806632 0.631619 0.0018237 2.10547 
0.813426 0.629221 0.00341372 2.11626 
0.815319 0.626503 0.00272829 2.11952 
0.815 0.626993 0.00307001 2.11914 
0.81287 0.629447 0.000180735 2.11433 
0.813033 0.628998 -0.000762288 2.11446 
0.812895 0.629341 -0.000374318 2.11432 
0.812266 0.630919 0.000448669 2.1137 
0.812652 0.630017 0.00026449 2.11413 
0.81252 0.63036 0.00070422 2.11401 
0.811329 0.633595 -5.81118e-05 2.11303 
0.810749 0.63391 2.72756e-05 2.11157 
0.810707 0.633841 -5.8813e-05 2.11146 
0.810393 0.634039 0.000112537 2.11065 
0.809792 0.631334 0.00325862 2.11001 
0.809167 0.630711 0.0030888 2.10899 
0.809165 0.62919 0.00385276 2.10885 
0.807131 0.623719 0.00402818 2.10459 
0.80713 0.62507 0.00359317 2.10477 
0.810729 0.633159 0.0019632 2.1117 
0.81106 0.633235 0.00158359 2.1123 
0.810809 0.632778 0.00238572 2.11167 
0.811112 0.632883 0.00195605 2.1122 
0.81167 0.633206 0.000245262 2.11375 
0.811551 0.63326 0.000562492 2.11347 
0.81146 0.633134 0.000914602 2.11313 
0.811818 0.631984 0.000345535 2.11323 
0.811676 0.632473 0.000512366 2.1132 
0.813274 0.629271 0.00234743 2.11542 
0.812621 0.630189 0.00134395 2.11417 
0.812453 0.630525 0.00173509 2.11396 
0.813062 0.629692 0.00278726 2.11521 
0.812447 0.630536 0.00227912 2.11399 
0.812645 0.63026 0.00274169 2.11444 
0.809729 0.628338 0.00432913 2.10993 
0.810383 0.628226 0.00448188 2.11124 
0.810165 0.61673 0.00507805 2.111 
0.803498 0.592123 0.00473593 2.09257 
0.807923 0.613925 0.00499088 2.10574 
0.810526 0.621763 0.00498134 2.11194 
0.805935 0.597244 0.00496404 2.09912 
0.802016 0.58051 0.00462143 2.08703 
0.859055 0.554704 -0.0270286 2.20047 
0.856746 0.558438 -0.0269822 2.1958 
0.859391 0.554156 -0.0223024 2.20106 
0.857588 0.557149 -0.0209577 2.19741 
0.856285 0.559296 -0.0231071 2.19485 
0.829529 0.530491 0.0168425 2.13204 
0.820789 0.468766 0.0133202 2.09719 
0.796348 0.243844 0.00308118 1.99596 
0.79202 0.150207 0.00111374 1.97463 
0.801407 0.287999 0.00475667 2.01426 
0.821036 0.495287 0.0128325 2.10464 
0.809674 0.405284 0.00849233 2.0572 
0.833086 0.562707 0.0170262 2.14723 
0.835125 0.567793 0.0179972 2.15252 
0.812112 0.416932 0.00942832 2.0653 
0.826441 0.517742 0.0153422 2.1221 
0.843951 0.582927 0.00470344 2.17279 
0.843963 0.582844 0.00638443 2.17277 
0.843127 0.584498 0.00443214 2.17137 
0.841783 0.586343 0.00828621 2.16862 
0.843234 0.58406 0.00708794 2.17141 
0.842009 0.586418 0.00642086 2.16934 
0.842724 0.585185 0.00593668 2.17064 
0.840478 0.585267 0.0172823 2.16533 
0.8415 0.584885 0.0163673 2.16713 
0.841767 0.585419 0.0119615 2.168 
0.840956 0.586919 0.0116729 2.16659 
0.841971 0.584749 0.0136643 2.16818 
0.841399 0.585492 0.0148337 2.16704 
0.841079 0.587443 0.00877058 2.16728 
0.84071 0.587668 0.0102478 2.16635 
0.84054 0.588709 0.00772329 2.16652 
0.839845 0.58969 0.00851304 2.16512 
0.839904 0.589164 0.0100365 2.16496 
0.848775 0.572364 0.0174594 2.18042 
0.838716 0.59098 0.0110829 2.16269 
0.839436 0.589709 0.0110943 2.16396 
0.837869 0.593406 0.00783035 2.16179 
0.838537 0.592052 0.0083847 2.16285 
0.838358 0.591892 0.0100648 2.16223 
0.837524 0.593243 0.0104161 2.1607 
0.837262 0.594052 0.00920797 2.16045 
0.835516 0.592742 0.0137441 2.15684 
0.835429 0.590383 0.0145216 2.15651 
0.8364 0.594209 0.012305 2.15849 
0.837173 0.593366 0.0118179 2.15988 
0.868241 0.539741 0.0174842 2.21923 
0.867526 0.540897 0.023564 2.21786 
0.865275 0.544289 0.0148695 2.21283 
0.863262 0.547768 0.0190841 2.20886 
0.864113 0.546581 0.0239678 2.2108 
0.849794 0.569583 0.0254069 2.18216 
0.848369 0.571817 0.024671 2.1795 
0.842938 0.555079 0.0261481 2.16674 
0.830534 0.487236 0.0195644 2.12342 
0.846591 0.571229 0.0256804 2.17626 
0.844652 0.571073 0.0247138 2.17258 
0.823322 0.444701 0.0152048 2.09662 
0.833925 0.523224 0.0207904 2.13988 
0.858719 0.555244 0.0274341 2.1998 
0.856554 0.55873 0.0277547 2.19544 
0.858287 0.555981 0.0233897 2.19887 
0.856413 0.559088 0.0240132 2.19513 
0.850023 0.570901 -0.00112104 2.18307 
0.848656 0.573655 0.000738795 2.18076 
0.8495 0.571991 0.00161449 2.18221 
0.849985 0.57099 0.000738508 2.18302 
0.850813 0.568804 -0.0171892 2.18424 
0.849689 0.570787 -0.017009 2.18214 
0.849537 0.571188 -0.0148366 2.1819 
0.851374 0.567934 -0.0149128 2.18534 
0.850676 0.569251 -0.0136569 2.18406 
0.848873 0.572594 -0.0120146 2.18078 
0.848289 0.573963 -0.00838651 2.17989 
0.846879 0.576389 -0.0104512 2.17726 
0.84778 0.574765 -0.0101389 2.17889 
0.848102 0.574055 -0.011572 2.17941 
0.846736 0.576448 -0.0122114 2.17689 
0.847501 0.57498 -0.0128612 2.17823 
0.849388 0.572126 -0.00396221 2.18197 
0.84854 0.573787 -0.00412341 2.1805 
0.84955 0.571879 -0.00193951 2.18229 
0.848166 0.574593 -0.00208054 2.1799 
0.848666 0.573618 -0.000954924 2.18076 
0.849873 0.571125 -0.00511872 2.18278 
0.776823 0.191574 0.000839623 1.94765 
0.774173 0.117944 0.000265577 1.93473 
0.780364 0.22262 0.00128816 1.95923 
0.795019 0.384445 0.00446759 2.02083 
0.788701 0.344624 0.00316692 1.99857 
0.802264 0.454801 0.00610621 2.0535 
0.804778 0.465975 0.00672131 2.0618 
0.814404 0.60661 0.00617142 2.11665 
0.812124 0.595369 0.00627756 2.10998 
0.813339 0.604916 0.00597319 2.11424 
0.809777 0.591321 0.00578186 2.10436 
0.802934 0.556568 0.00524693 2.08177 
0.83252 0.600919 0.00967908 2.15177 
0.831781 0.602084 0.00928363 2.1504 
0.831996 0.602506 0.00805095 2.15083 
0.833296 0.600571 0.00848196 2.15329 
0.832887 0.601406 0.00758122 2.15259 
0.830144 0.603512 0.00927525 2.14736 
0.828424 0.601092 0.00996106 2.14404 
0.82738 0.595848 0.010456 2.14147 
0.829537 0.599083 0.0105986 2.14609 
0.83081 0.602179 0.0097744 2.14862 
0.830216 0.604545 0.00837631 2.14741 
0.829314 0.60569 0.00818937 2.14567 
0.829188 0.606434 0.00719754 2.14536 
0.79082 0.409306 0.00385321 2.01784 
0.7836 0.338727 0.00253096 1.98656 
0.793447 0.419813 0.00428151 2.02593 
0.807869 0.521882 0.00701103 2.08306 
0.805742 0.513582 0.00659083 2.07635 
0.827123 0.608746 0.00744485 2.14139 
0.826611 0.60776 0.00825577 2.14059 
0.825686 0.606872 0.0085466 2.13891 
0.824889 0.607694 0.00837508 2.1374 
0.827059 0.609481 -0.00285683 2.14102 
0.826332 0.610393 -0.00282047 2.13954 
0.825192 0.6119 -0.00236132 2.13727 
0.825893 0.610955 -0.00219238 2.13865 
0.825181 0.611935 -0.000330575 2.13726 
0.825911 0.610954 -0.000461124 2.13869 
0.826274 0.61048 -0.00122562 2.13942 
0.824673 0.612627 -0.00173183 2.13628 
0.824672 0.61264 -0.000834831 2.13628 
0.822101 0.586705 -0.00941865 2.12908 
0.815742 0.556884 -0.00855069 2.10891 
0.823627 0.589059 -0.0097853 2.1327 
0.770691 0.108309 -0.0001537 1.92664 
0.77716 0.224083 -0.00110715 1.95271 
0.771904 0.0813576 -9.83252e-05 1.9276 
0.77657 0.199661 -0.000887785 1.94815 
0.79945 0.450733 -0.00544294 2.0465 
0.792658 0.392501 -0.00405646 2.01771 
0.817931 0.561387 -0.00915319 2.11468 
0.812191 0.533207 -0.0080179 2.09533 
0.807816 0.467018 -0.00766565 2.06867 
0.795253 0.361476 -0.00439845 2.0162 
0.781071 0.197326 -0.00110427 1.95735 
0.776391 0.124112 -0.000360801 1.93994 
0.782515 0.244587 -0.00165588 1.96708 
0.77295 0.0821321 -9.02935e-05 1.92987 
0.778883 0.205936 -0.00105901 1.95387 
0.82107 0.554717 -0.0107522 2.11982 
0.809084 0.482066 -0.00792392 2.07529 
0.799814 0.418532 -0.00560812 2.03922 
0.829629 0.601973 -0.00993368 2.14644 
0.83028 0.600642 -0.010382 2.1476 
0.831668 0.602626 -0.00870152 2.15018 
0.831607 0.601801 -0.00970244 2.15008 
0.829749 0.60575 -0.00723039 2.14651 
0.829563 0.605319 -0.00834256 2.14624 
0.83118 0.603815 -0.00732075 2.14929 
0.830641 0.604673 -0.00675024 2.14826 
0.831033 0.603635 -0.00835754 2.149 
0.830274 0.603984 -0.00890282 2.14761 
0.829201 0.606612 -0.00660704 2.14542 
0.828506 0.607503 -0.00666594 2.14405 
0.829349 0.606529 -0.0055078 2.14571 
0.828631 0.607487 -0.00512684 2.14426 
0.828175 0.608034 -0.00576862 2.14334 
0.826064 0.610402 -0.00695323 2.13932 
0.825684 0.611182 -0.00630344 2.13846 
0.825744 0.611211 -0.00552599 2.13849 
0.827415 0.609016 -0.00580805 2.14182 
0.834689 0.599142 -0.000469468 2.15627 
0.835133 0.598502 0.000626164 2.15715 
0.834402 0.599773 0.00454465 2.15587 
0.834896 0.599054 0.00399421 2.15683 
0.825348 0.550271 -0.0130842 2.12795 
0.82571 0.557139 -0.0128948 2.13035 
0.796717 0.364248 -0.00467795 2.01995 
0.805036 0.419265 -0.00697458 2.05066 
0.811671 0.48019 -0.00886052 2.08041 
0.814188 0.491051 -0.00966481 2.08872 
0.783572 0.20032 -0.00127446 1.96299 
0.781064 0.128101 -0.000473067 1.94999 
0.788704 0.251438 -0.00227684 1.98121 
0.833848 0.600241 -0.00422145 2.15457 
0.833998 0.600106 -0.00306424 2.15491 
0.834768 0.598935 -0.00292203 2.15637 
0.805778 0.637259 0.00170736 2.10019 
0.805778 0.637446 0.00193223 2.10061 
0.80608 0.636408 0.00260036 2.1026 
0.805865 0.636998 0.00251378 2.10169 
0.805478 0.637789 0.00197021 2.10017 
0.805017 0.638193 0.00192723 2.09904 
0.805139 0.638029 0.00168252 2.09907 
0.805536 0.637408 0.00250476 2.10102 
0.80513 0.637902 0.00249195 2.10002 
0.805268 0.63723 0.0027719 2.10081 
0.805495 0.636828 -0.000351927 2.09869 
0.805385 0.636712 -0.000130682 2.09829 
0.805506 0.636815 -0.000780364 2.09876 
0.80543 0.636212 -0.000118481 2.09805 
0.805962 0.635879 0.000228418 2.09926 
0.806039 0.635679 0.000219241 2.09926 
0.807612 0.635247 -0.000145753 2.10344 
0.806825 0.635552 -0.000204524 2.10141 
0.808751 0.634908 -0.000248061 2.10649 
0.808796 0.635002 -0.000384648 2.10672 
0.80783 0.635468 -0.000439422 2.10432 
0.807002 0.635686 -0.00037962 2.10206 
0.807882 0.635793 -0.000219188 2.10511 
0.807035 0.63618 -9.63326e-05 2.10291 
0.770334 0.417751 -0.000509579 1.96965 
0.781433 0.502588 -0.00112846 2.01817 
0.784655 0.529246 -0.00144986 2.03248 
0.776798 0.47974 -0.000908765 2.00023 
0.767868 0.404634 -0.000432422 1.95997 
0.8057 0.636787 -0.00247245 2.10118 
0.805482 0.636339 -0.00271044 2.10117 
0.805461 0.637436 -0.00175475 2.09968 
0.805653 0.637245 -0.001985 2.10031 
0.805309 0.637568 -0.00202543 2.0997 
0.80535 0.637098 -0.00253122 2.1005 
0.804198 0.638169 -0.000835723 2.09612 
0.804356 0.63827 -0.00108183 2.09674 
0.804086 0.638137 -0.000221566 2.09569 
0.804042 0.638108 -0.000410876 2.09555 
0.804257 0.638204 -0.000384463 2.09626 
0.804449 0.638291 -0.000834582 2.09698 
0.804515 0.638362 -0.00112654 2.09731 
0.758526 0.354006 -0.000624231 1.92408 
0.75815 0.348087 -0.000657738 1.92185 
0.749852 0.249976 -0.000466647 1.88298 
0.743779 0.131983 -0.000242879 1.85308 
0.750202 0.249555 -0.000549095 1.8837 
0.742515 0.0803285 -0.000163295 1.84613 
0.744414 0.139569 -0.000373731 1.85526 
0.758485 0.267338 -0.000502059 1.9102 
0.755627 0.224105 -0.000318657 1.89635 
0.75058 0.115487 -5.86052e-05 1.87197 
0.770121 0.404247 -0.000499243 1.96663 
0.778959 0.476095 -0.000836515 2.00599 
0.805658 0.624015 -0.00167066 2.10291 
0.778495 0.399069 -0.00248724 1.98899 
0.7806 0.422409 -0.00266329 1.99953 
0.769841 0.315419 -0.00149014 1.95117 
0.770486 0.32562 -0.0015512 1.95468 
0.791786 0.499655 -0.00396517 2.04373 
0.757671 0.0616682 1.38309e-05 1.89188 
0.760147 0.152799 -0.00029205 1.90421 
0.767234 0.271238 -0.00107826 1.93701 
0.766183 0.251717 -0.000889267 1.93141 
0.759797 0.130944 -0.000169991 1.90154 
0.818419 0.62138 -0.00434167 2.12557 
0.818362 0.620094 -0.00502476 2.12554 
0.817531 0.62176 -0.00431893 2.12393 
0.816783 0.617222 -0.00552315 2.12252 
0.816608 0.613159 -0.00616381 2.12187 
0.815925 0.613239 -0.00592366 2.12052 
0.81365 0.602466 -0.00630282 2.11439 
0.812882 0.601991 -0.00607631 2.11274 
0.809425 0.605051 -0.00516096 2.10774 
0.812542 0.618732 -0.00496163 2.11579 
0.81217 0.630315 -0.00336533 2.11354 
0.811879 0.631004 -0.00239797 2.11279 
0.812565 0.629991 -0.00233747 2.11393 
0.812246 0.63041 -0.00273514 2.11344 
0.783942 0.483646 -0.00265021 2.02125 
0.789873 0.51728 -0.00330776 2.04391 
0.799605 0.574493 -0.00434937 2.08 
0.749519 0.0631243 -8.75313e-05 1.86542 
0.752688 0.166788 -0.00045842 1.88138 
0.749414 0.0626803 -5.75132e-05 1.86521 
0.752449 0.163514 -0.000380881 1.88046 
0.750071 0.0683924 -0.000141889 1.86719 
0.753085 0.171328 -0.000489726 1.88299 
0.762438 0.316469 -0.00105122 1.92921 
0.750504 0.0686572 -0.0001401 1.86855 
0.755002 0.0905357 -7.97077e-05 1.88426 
0.758959 0.189206 -0.000323737 1.90357 
0.774025 0.38788 -0.00169879 1.9754 
0.769366 0.337345 -0.00126167 1.95351 
0.754347 0.0906521 -0.000119373 1.88207 
0.756702 0.174037 -0.000262111 1.89495 
0.766465 0.321604 -0.000972508 1.94243 
0.773193 0.385572 -0.00158714 1.9726 
0.808736 0.634489 -0.000381033 2.1079 
0.809196 0.634509 -0.000196543 2.10849 
0.808287 0.632762 -0.000982226 2.10788 
0.807928 0.630635 -0.00138056 2.1074 
0.809656 0.634159 -0.000414239 2.10954 
0.808186 0.630634 -0.00158713 2.10772 
0.811696 0.632424 -0.000193218 2.11323 
0.81171 0.632971 0.000112523 2.11369 
0.811688 0.632652 0.000210676 2.11338 
0.809152 0.631955 -0.00191817 2.10911 
0.809094 0.632539 -0.0014022 2.10913 
0.809743 0.633759 -0.000820792 2.10994 
0.806078 0.623642 -0.00219748 2.10318 
0.769572 0.393331 -0.0012579 1.96322 
0.769272 0.391325 -0.00145073 1.962 
0.760464 0.295481 -0.000889359 1.92004 
0.760637 0.297838 -0.000959572 1.92093 
0.80608 0.623165 -0.00282913 2.10269 
0.804637 0.618215 -0.00263565 2.0993 
0.766118 0.341218 -0.00109161 1.94427 
0.763437 0.323982 -0.00105571 1.93343 
0.755237 0.189789 -0.000414868 1.89152 
0.754295 0.180234 -0.00043966 1.88761 
0.780348 0.481351 0.00189867 2.01124 
0.778945 0.471708 0.0019932 2.0053 
0.786988 0.527029 0.00257146 2.03861 
0.796296 0.580238 0.00299338 2.0733 
0.79971 0.596897 0.00281779 2.08489 
0.781288 0.474942 0.00240261 2.01228 
0.781079 0.467864 0.00236496 2.0103 
0.76997 0.371965 0.00132513 1.96089 
0.764179 0.315185 0.000904287 1.93455 
0.76929 0.375422 0.0013492 1.95943 
0.796396 0.562155 0.00399616 2.06971 
0.787075 0.506161 0.002988 2.03429 
0.798143 0.566818 0.00420187 2.07499 
0.782191 0.465162 0.00247041 2.01285 
0.789875 0.514979 0.00331097 2.04349 
0.807694 0.632444 0.00111846 2.10713 
0.809002 0.634726 0.000359881 2.10864 
0.80837 0.635367 0.00017374 2.10698 
0.808009 0.634902 0.000633117 2.10689 
0.808465 0.631406 0.00147353 2.10844 
0.804604 0.617885 0.00198113 2.10008 
0.805614 0.622724 0.00178624 2.10265 
0.808591 0.632899 0.00103874 2.10864 
0.80762 0.630589 0.00128644 2.1071 
0.804775 0.61849 0.00213933 2.10027 
0.806463 0.62485 0.00209682 2.10427 
0.841726 0.583647 -0.0179875 2.16754 
0.842635 0.582685 -0.0177721 2.16912 
0.841848 0.579086 -0.0205986 2.16763 
0.843174 0.581218 -0.0191773 2.17006 
0.838668 0.586958 -0.0165131 2.16225 
0.836322 0.579872 -0.0171573 2.15708 
0.832165 0.565811 -0.0161056 2.14597 
0.833922 0.57691 -0.0160707 2.15177 
0.847084 0.574671 -0.0218282 2.17708 
0.846754 0.57558 -0.0197545 2.17652 
0.845901 0.575266 -0.0231741 2.17494 
0.844886 0.577148 -0.0220771 2.17314 
0.845506 0.577613 -0.0199362 2.17421 
0.843018 0.584122 -0.00623717 2.17082 
0.842486 0.584997 -0.00709663 2.16982 
0.843749 0.582701 -0.00641464 2.17205 
0.837065 0.595207 -0.00352889 2.16061 
0.837472 0.594589 -0.00267825 2.16139 
0.838093 0.593529 -0.00262163 2.16251 
0.838509 0.592751 -0.00323462 2.16322 
0.839663 0.590698 -0.00356104 2.16525 
0.83916 0.591654 -0.00266307 2.1644 
0.839858 0.590494 -0.000758279 2.16568 
0.839236 0.591593 -0.00139037 2.16458 
0.812811 0.570911 -0.00756122 2.10607 
0.820489 0.607106 -0.00800144 2.12891 
0.817133 0.596026 -0.00789341 2.12047 
0.812453 0.573245 -0.00744013 2.10587 
0.823926 0.613512 -0.00651696 2.13528 
0.823417 0.613237 -0.00716692 2.13455 
0.824513 0.612782 -0.00629709 2.13627 
0.824922 0.612015 -0.00668846 2.1371 
0.824707 0.611218 -0.00747568 2.13693 
0.821857 0.617859 -0.00489251 2.13205 
0.821469 0.617732 -0.00572812 2.13131 
0.820886 0.618429 -0.00558108 2.1303 
0.821012 0.619029 -0.0048051 2.13058 
0.821499 0.618677 -0.00441599 2.13156 
0.832729 0.602018 -0.00272656 2.15248 
0.832331 0.602532 -0.00355337 2.15167 
0.831448 0.603799 -0.00339571 2.14995 
0.831211 0.604159 -0.00241802 2.1495 
0.831666 0.603591 -0.000933103 2.15043 
0.832386 0.602539 -0.00194087 2.15183 
0.831752 0.60344 -0.00178264 2.15059 
0.828375 0.607837 -0.00249945 2.14373 
0.82904 0.607015 -0.00189222 2.1451 
0.828728 0.607386 -0.0035039 2.14445 
0.829647 0.606205 -0.00346109 2.14633 
0.829822 0.606001 -0.00246392 2.14669 
0.823096 0.61587 0.00394471 2.13406 
0.82311 0.615754 0.00475395 2.13405 
0.822773 0.616635 0.0040005 2.13368 
0.822749 0.6165 0.00479813 2.13356 
0.816656 0.623863 -0.00348555 2.12218 
0.815615 0.623686 -0.00405751 2.12075 
0.816141 0.624463 -0.00350299 2.12131 
0.816725 0.622924 -0.0039623 2.12246 
0.776656 0.388562 0.00223852 1.98263 
0.771736 0.344467 0.00164452 1.96148 
0.779907 0.422292 0.00249332 1.99802 
0.791573 0.499955 0.00394241 2.04361 
0.788889 0.484093 0.00360831 2.03374 
0.815055 0.620872 0.00466397 2.11997 
0.813568 0.616443 0.00503516 2.11706 
0.821201 0.619491 0.00412251 2.13126 
0.821385 0.619628 0.00338132 2.13182 
0.820992 0.620266 0.00311344 2.13114 
0.820291 0.619743 0.00492975 2.12931 
0.819523 0.619693 0.00521169 2.12782 
0.820558 0.620125 0.00423008 2.12995 
0.820426 0.620588 0.00371601 2.1298 
0.819936 0.621237 0.0034078 2.12884 
0.818654 0.620449 0.00490101 2.12614 
0.820894 0.620788 0.00193351 2.13121 
0.820813 0.620681 0.00260948 2.1309 
0.820113 0.621699 0.00166633 2.12958 
0.819702 0.621964 0.00221155 2.12859 
0.820125 0.621384 0.00271972 2.12942 
0.818016 0.623087 0.00313767 2.12481 
0.818756 0.622554 0.00293815 2.12639 
0.817836 0.622389 0.00396084 2.12451 
0.819279 0.62174 0.00354084 2.12742 
0.818664 0.621527 0.00423734 2.12611 
0.815572 0.625524 -0.000533538 2.11916 
0.817937 0.62356 -0.000473454 2.12458 
0.819125 0.622606 -0.000284331 2.12735 
0.819277 0.622548 0.000211232 2.12775 
0.816033 0.625561 0.00200415 2.12063 
0.815351 0.62636 0.0020839 2.11926 
0.818392 0.623253 0.00190517 2.12572 
0.817591 0.623956 0.00206687 2.12394 
0.812673 0.615678 0.00507824 2.11564 
0.812537 0.616928 0.00506631 2.1157 
0.808377 0.596505 0.00525935 2.10377 
0.814642 0.625931 0.00418499 2.11952 
0.813716 0.62261 0.00477194 2.11827 
0.814332 0.627301 0.00401026 2.11871 
0.821531 0.620031 -0.000246464 2.13253 
0.821687 0.61984 0.000369349 2.13285 
0.821265 0.620459 0.000812931 2.13206 
0.820923 0.620864 -0.000203572 2.13135 
0.820751 0.621112 0.000421096 2.13102 
0.778582 0.385769 0.00232365 1.98577 
0.768632 0.280234 0.00111825 1.94195 
0.767869 0.263106 0.000945315 1.93737 
0.777254 0.36244 0.0020515 1.97761 
0.806593 0.634792 0.00234809 2.10459 
0.806855 0.634588 0.0020942 2.10528 
0.814356 0.627735 0.00236246 2.11743 
0.814602 0.627593 0.00291197 2.11826 
0.81392 0.628272 0.00224576 2.11654 
0.813726 0.628711 0.00256934 2.11635 
0.814295 0.628031 0.0034457 2.11806 
0.813864 0.628671 0.00322706 2.11701 
0.813 0.629217 0.000634955 2.11453 
0.813172 0.629221 0.00176998 2.11504 
0.812914 0.629581 0.00135741 2.11456 
0.812126 0.631113 0.00165249 2.11346 
0.811856 0.631381 0.00252882 2.11304 
0.81207 0.631131 0.00218971 2.11337 
0.811495 0.631945 0.00245804 2.1125 
0.805998 0.616169 0.00456852 2.10147 
0.808156 0.623019 0.00462034 2.1067 
0.801668 0.592102 0.0044973 2.08811 
0.801378 0.594596 0.00439085 2.08779 
0.807424 0.615642 0.00490111 2.1047 
0.809002 0.62334 0.0047792 2.10855 
0.843062 0.584007 0.00848585 2.17087 
0.843181 0.583078 0.0111207 2.17064 
0.843582 0.582745 0.00963975 2.17159 
0.842342 0.584652 0.0107997 2.16918 
0.842327 0.585104 0.00919383 2.16942 
0.850506 0.569262 0.019062 2.18365 
0.849361 0.571239 0.0190016 2.18148 
0.851076 0.568114 0.0217612 2.18469 
0.850196 0.569444 0.0233234 2.18295 
0.848546 0.572423 0.0211497 2.17986 
0.848841 0.571721 0.0227583 2.18037 
0.845614 0.577615 0.0189622 2.17444 
0.846117 0.577017 0.0169218 2.17548 
0.846415 0.575942 0.0209208 2.17586 
0.84754 0.574203 0.0202666 2.17798 
0.847171 0.575205 0.0166756 2.17744 
0.847737 0.574087 0.0180714 2.17844 
0.840282 0.587741 0.0132505 2.16519 
0.839567 0.589066 0.0128734 2.16396 
0.840505 0.587007 0.0147011 2.16546 
0.839912 0.586888 0.0162728 2.16437 
0.836975 0.59146 0.014283 2.15936 
0.838845 0.58997 0.0136644 2.16261 
0.838356 0.591182 0.0125529 2.16186 
0.837626 0.592148 0.012914 2.16055 
0.85259 0.565747 -0.00696429 2.18751 
0.852218 0.566456 -0.0041155 2.18682 
0.852572 0.565737 -0.00528747 2.18744 
0.851327 0.568262 -0.00390193 2.1853 
0.850815 0.569272 -0.00508325 2.18441 
0.79971 0.528995 0.00504425 2.06765 
0.805624 0.564913 0.00569028 2.08944 
0.800183 0.538168 0.00499484 2.07112 
0.789123 0.466386 0.00362718 2.02855 
0.788806 0.459532 0.00357456 2.02606 
0.831506 0.603345 0.00748819 2.14991 
0.830755 0.604296 0.00762559 2.14844 
0.826871 0.609491 0.00678532 2.14081 
0.826029 0.610992 0.00524895 2.13913 
0.826793 0.610003 0.0049198 2.14064 
0.827332 0.609196 0.00569776 2.14169 
0.824491 0.610907 0.00768222 2.13659 
0.825268 0.610011 0.00776852 2.138 
0.824656 0.612354 0.00675446 2.13667 
0.82511 0.612111 0.00607955 2.13741 
0.825785 0.611162 0.00610476 2.13867 
0.826084 0.610445 0.00685496 2.13932 
0.823336 0.569358 -0.0110039 2.12807 
0.828635 0.594914 -0.0110503 2.14389 
0.82865 0.591925 -0.0114592 2.1435 
0.826707 0.609552 -0.00705779 2.14057 
0.827263 0.60909 -0.00658195 2.14158 
0.826708 0.608437 -0.00794792 2.14079 
0.827633 0.607647 -0.00793826 2.14253 
0.827996 0.607971 -0.00713843 2.14308 
0.827014 0.609553 -0.00510973 2.14098 
0.826285 0.610503 -0.00500802 2.13952 
0.827426 0.609026 -0.00419895 2.14179 
0.827047 0.609504 -0.00359396 2.14101 
0.825978 0.610893 -0.00406126 2.13887 
0.826329 0.610426 -0.00355712 2.13956 
0.833464 0.600998 -0.00123813 2.15394 
0.833934 0.600305 -0.000415247 2.15485 
0.832736 0.602068 -0.00108229 2.15253 
0.833661 0.600751 0.000797825 2.15435 
0.832309 0.602674 -0.000487024 2.15169 
0.833699 0.600846 0.00401312 2.15453 
0.833602 0.600979 0.002993 2.15433 
0.834741 0.599275 0.00298358 2.15652 
0.835215 0.598498 0.00233123 2.15739 
0.834916 0.598891 0.00142023 2.15677 
0.834201 0.600003 0.00154627 2.15543 
0.834147 0.600159 0.00252047 2.15537 
0.833068 0.579885 -0.0151907 2.15053 
0.831874 0.578785 -0.0146233 2.14792 
0.805697 0.63664 -0.00125187 2.09942 
0.805959 0.636774 -0.00171986 2.1005 
0.805712 0.636829 -0.00158994 2.09963 
0.805459 0.636137 -0.000130942 2.09795 
0.80583 0.635841 -0.000105427 2.09876 
0.805359 0.635941 5.50139e-05 2.09748 
0.807214 0.634487 0.00143212 2.10595 
0.807346 0.633911 0.00122345 2.10626 
0.807647 0.635368 0.000740558 2.10601 
0.747434 0.069001 -0.000117612 1.86071 
0.750663 0.177542 -3.4744e-05 1.87727 
0.748054 0.0684692 -5.73724e-05 1.86262 
0.751849 0.17503 -5.36571e-05 1.88066 
0.76221 0.328602 -0.000242698 1.93048 
0.761701 0.330166 -0.000207762 1.9292 
0.745963 0.0726816 -0.000143992 1.85619 
0.75011 0.180538 -6.41465e-05 1.87581 
0.747618 0.152201 -0.00015344 1.86579 
0.758837 0.31681 -0.000156354 1.91859 
0.755988 0.292136 -0.000182803 1.90647 
0.749125 0.056181 -1.04321e-05 1.86511 
0.749527 0.0855262 -2.76532e-05 1.86758 
0.751324 0.140257 -8.93218e-05 1.87602 
0.802658 0.615919 -0.00218287 2.09578 
0.778814 0.472292 -0.000813416 2.00487 
0.76136 0.307841 -0.000340178 1.92475 
0.762861 0.327451 -0.000340804 1.93222 
0.769954 0.39936 -0.000530588 1.96527 
0.790223 0.545611 -0.00191989 2.05144 
0.804697 0.619224 -0.00184925 2.10031 
0.805883 0.623476 -0.0018357 2.10313 
0.797934 0.587865 -0.00209355 2.07948 
0.80067 0.601396 -0.00199127 2.08858 
0.800553 0.600614 -0.00230858 2.08787 
0.804346 0.61716 -0.00215911 2.099 
0.812486 0.605058 -0.00569378 2.11259 
0.815882 0.62053 -0.00468086 2.12111 
0.816259 0.619528 -0.00492582 2.12168 
0.815443 0.615704 -0.00541522 2.11988 
0.809594 0.603785 -0.00519133 2.10771 
0.815153 0.625208 -0.00391844 2.11998 
0.815136 0.623891 -0.00419346 2.12012 
0.814606 0.624966 -0.00425291 2.11936 
0.813745 0.621889 -0.00472908 2.11809 
0.813845 0.619459 -0.00482094 2.11794 
0.812865 0.617 -0.00498182 2.11606 
0.811472 0.631874 -0.00192444 2.11227 
0.810947 0.632263 -0.0025236 2.11156 
0.811656 0.632596 -0.000422659 2.11325 
0.811698 0.63294 -0.000214191 2.11363 
0.811186 0.632476 -0.00186602 2.11203 
0.811377 0.63227 -0.001654 2.11229 
0.811456 0.632853 -0.000879649 2.11291 
0.811531 0.63227 -0.00114507 2.11266 
0.811555 0.632556 -0.000835704 2.11295 
0.812306 0.630771 -0.000198031 2.11371 
0.812668 0.629869 -0.000643412 2.11407 
0.812547 0.630201 -0.000288538 2.11397 
0.812668 0.62982 -0.00119375 2.11404 
0.812459 0.630192 -0.0015852 2.11373 
0.810326 0.633559 -0.00104 2.1109 
0.810713 0.633597 -0.000713218 2.11156 
0.811083 0.633318 -0.000831487 2.11228 
0.811062 0.632849 -0.00161933 2.11201 
0.811205 0.632998 -0.00118102 2.1124 
0.810111 0.633101 -0.0016442 2.1106 
0.811613 0.630728 -0.00352933 2.11264 
0.790531 0.530449 -0.00334791 2.04831 
0.799848 0.580255 -0.00435109 2.08162 
0.808626 0.629832 -0.00291164 2.10794 
0.809509 0.623344 -0.0048133 2.10955 
0.81101 0.628572 -0.0044155 2.11226 
0.811053 0.629987 -0.00406182 2.11202 
0.81058 0.630525 -0.00384948 2.11112 
0.781555 0.490368 -0.00230459 2.01619 
0.796582 0.581549 -0.00247368 2.07463 
0.799019 0.593949 -0.00277474 2.08264 
0.795274 0.57527 -0.00292709 2.06977 
0.786779 0.526111 -0.0025163 2.03783 
0.779562 0.47678 -0.00197679 2.008 
0.788676 0.536861 -0.00211781 2.04541 
0.780066 0.479841 -0.00183011 2.0101 
0.789491 0.541202 0.00220533 2.04852 
0.789179 0.538565 0.00188236 2.0473 
0.801136 0.602917 0.00237768 2.08971 
0.797332 0.584841 0.00251513 2.07719 
0.800882 0.601665 0.00216318 2.08912 
0.796755 0.58117 0.00199831 2.07547 
0.839403 0.5755 -0.0200022 2.1626 
0.830416 0.534368 -0.0172928 2.13494 
0.829425 0.534536 -0.0165342 2.1328 
0.837936 0.576377 -0.0188167 2.15977 
0.840408 0.581295 -0.0192017 2.1651 
0.84015 0.587693 -0.0145286 2.1649 
0.840707 0.587044 -0.0135142 2.16598 
0.839994 0.58877 -0.0114159 2.16498 
0.840609 0.587599 -0.0117074 2.16602 
0.843879 0.581524 -0.0126507 2.1717 
0.84502 0.580148 -0.00762096 2.17416 
0.844118 0.581841 -0.00770545 2.17259 
0.843714 0.582311 -0.00951193 2.1717 
0.844176 0.581247 -0.0109092 2.17239 
0.845032 0.579673 -0.0108678 2.1739 
0.845475 0.5791 -0.00938536 2.17483 
0.840425 0.589446 -0.00151014 2.16666 
0.841063 0.588291 -0.000906078 2.16778 
0.840821 0.588557 -0.00379132 2.16725 
0.840306 0.589578 -0.00306572 2.1664 
0.841611 0.587244 -0.0017648 2.1687 
0.84149 0.587383 -0.00310523 2.16844 
0.818146 0.593629 -0.00819562 2.1221 
0.822101 0.603856 -0.00845382 2.13172 
0.818499 0.591567 -0.00832494 2.12244 
0.821032 0.606308 -0.00814459 2.12987 
0.823654 0.610104 -0.00794883 2.13511 
0.823043 0.611094 -0.00780745 2.13401 
0.799714 0.557539 0.00455996 2.07675 
0.793251 0.517319 0.00395801 2.05223 
0.796717 0.536027 0.00438177 2.06459 
0.805047 0.581696 0.00507733 2.09378 
0.806821 0.593999 0.00510876 2.10041 
0.808684 0.600963 0.00521048 2.10557 
0.802354 0.562097 0.00503134 2.08264 
0.800736 0.555034 0.00485744 2.07768 
0.807149 0.589249 0.00525724 2.0995 
0.809227 0.596375 0.00539739 2.10489 
0.811049 0.605894 0.00532184 2.11059 
0.815457 0.620625 0.00468945 2.12052 
0.816565 0.62294 0.00407551 2.12231 
0.817032 0.622003 0.00433856 2.12312 
0.816071 0.625105 -0.000173702 2.12029 
0.815684 0.62551 0.000241032 2.11947 
0.817164 0.624233 -0.000141048 2.12282 
0.813491 0.628199 -0.00137439 2.11518 
0.813242 0.628512 -0.000758663 2.11469 
0.813289 0.628578 0.000694316 2.11487 
0.813765 0.628164 0.00160725 2.11595 
0.813449 0.628551 0.00136968 2.11532 
0.816377 0.625168 0.00160755 2.12127 
0.817118 0.624456 0.00169671 2.1229 
0.811584 0.617706 0.00508141 2.11406 
0.813163 0.622629 0.00486066 2.11734 
0.811876 0.621435 0.00499596 2.11483 
0.813234 0.626552 0.00458057 2.11718 
0.813829 0.626525 0.00443275 2.11822 
0.80633 0.636823 0.00222613 2.10254 
0.806631 0.636378 0.00216116 2.1037 
0.805741 0.637012 0.00152795 2.09986 
0.805977 0.637124 0.00188349 2.10087 
0.805723 0.636924 0.00122508 2.09971 
0.806858 0.636214 0.00187643 2.10427 
0.812029 0.631341 0.00131537 2.11335 
0.811826 0.631786 0.00118839 2.11311 
0.812106 0.631264 0.000696622 2.1135 
0.811911 0.631708 0.000613191 2.11328 
0.811657 0.632114 0.00134208 2.11289 
0.811478 0.632828 0.00111 2.11295 
0.811597 0.632536 0.000922186 2.11303 
0.811305 0.632717 0.00176292 2.11247 
0.811469 0.632262 0.00192339 2.11255 
0.83603 0.57809 0.0172526 2.15618 
0.838721 0.586659 0.016651 2.16228 
0.83216 0.565861 0.0161097 2.14594 
0.852298 0.566327 -0.0101348 2.18703 
0.852221 0.566525 -0.00799005 2.18689 
0.829777 0.605879 0.00647771 2.14655 
0.830466 0.604914 0.0067321 2.1479 
0.829613 0.606247 0.00552188 2.14627 
0.817787 0.545215 -0.00973326 2.11042 
0.802659 0.462671 -0.00618221 2.05642 
0.815417 0.543449 -0.00886213 2.10487 
0.806253 0.473626 -0.00711726 2.06698 
0.822642 0.576865 -0.010227 2.12823 
0.823193 0.575379 -0.0105622 2.12908 
0.792706 0.379212 -0.00403259 2.01472 
0.794129 0.384121 -0.00429173 2.01888 
0.831094 0.604349 -0.000452753 2.14927 
0.829814 0.606041 -0.000504981 2.14669 
0.830453 0.605206 -0.000906052 2.14799 
0.829983 0.605938 0.00204122 2.14711 
0.828248 0.608094 0.000977646 2.14352 
0.828192 0.608219 0.00180739 2.14345 
0.828812 0.607352 0.000474606 2.14466 
0.829596 0.606354 0.000493889 2.14627 
0.83002 0.605835 0.00110295 2.14715 
0.83686 0.590029 -0.0149858 2.15916 
0.838563 0.588976 -0.0154182 2.16213 
0.837324 0.588489 -0.0156513 2.1599 
0.839315 0.589149 -0.0141515 2.16347 
0.839274 0.589662 -0.0128474 2.16352 
0.804537 0.636233 5.90392e-06 2.09537 
0.80713 0.635999 0.00119955 2.10474 
0.806099 0.636656 0.000563551 2.10063 
0.806143 0.636826 0.00113647 2.10105 
0.806806 0.63651 0.00149028 2.10364 
0.807037 0.636338 0.000240184 2.10337 
0.807373 0.636091 0.000538477 2.1048 
0.806661 0.63652 0.000513734 2.10241 
0.80706 0.636332 0.000774243 2.10403 
0.799107 0.596986 -0.0018061 2.08451 
0.805263 0.625859 -0.00203996 2.1026 
0.803471 0.618296 -0.00207071 2.098 
0.757598 0.256095 -0.000301205 1.90629 
0.756173 0.233675 -0.000260842 1.89922 
0.760113 0.289192 -0.000419037 1.91815 
0.799966 0.600983 -0.00182544 2.08724 
0.805351 0.625032 -0.00171206 2.1025 
0.805495 0.626211 -0.00179146 2.10297 
0.804221 0.620848 -0.00190971 2.0999 
0.784979 0.515426 -0.00108825 2.03103 
0.786955 0.527293 -0.00116977 2.03898 
0.795329 0.577352 -0.00160489 2.07139 
0.7938 0.571014 -0.00162848 2.06609 
0.798013 0.593018 -0.00185954 2.08103 
0.768152 0.379282 -0.00054039 1.9564 
0.765004 0.346785 -0.00047725 1.94158 
0.773435 0.426384 -0.000720411 1.9805 
0.782917 0.49957 -0.00103635 2.02213 
0.780793 0.484607 -0.000919362 2.01306 
0.784554 0.509637 -0.00152285 2.02877 
0.772948 0.422079 -0.00110624 1.97839 
0.767751 0.374175 -0.000759339 1.95437 
0.808645 0.589889 -0.00553871 2.10185 
0.807446 0.586599 -0.00538038 2.09887 
0.802031 0.554709 -0.005105 2.07947 
0.794215 0.509085 -0.00426853 2.05092 
0.79094 0.49 -0.00389322 2.03898 
0.797645 0.534311 -0.00460645 2.06526 
0.798535 0.54661 -0.00453219 2.07114 
0.805865 0.585281 -0.00510402 2.09613 
0.805978 0.583787 -0.00515733 2.09577 
0.791421 0.501024 -0.00386073 2.04363 
0.796796 0.532973 -0.00444959 2.06353 
0.813315 0.616103 -0.00500149 2.1165 
0.810239 0.602856 -0.00528512 2.10839 
0.811207 0.60493 -0.0053573 2.11042 
0.814936 0.620704 -0.0046417 2.11967 
0.814678 0.618082 -0.00493042 2.11891 
0.811487 0.633379 -0.000175626 2.11334 
0.811635 0.633102 -0.000294351 2.11357 
0.81151 0.633059 -0.000572732 2.1132 
0.811305 0.633306 -0.000519573 2.11281 
0.811225 0.63349 -0.000256664 2.11269 
0.812126 0.631056 -0.000660142 2.11341 
0.811854 0.631684 -0.000598446 2.11311 
0.811687 0.631852 -0.00108593 2.11277 
0.811687 0.631611 -0.00158951 2.11261 
0.811897 0.631139 -0.0017891 2.11286 
0.812165 0.630782 -0.00137735 2.11332 
0.810699 0.632841 -0.00199732 2.1114 
0.810275 0.63282 -0.00203632 2.11079 
0.809637 0.631691 -0.00271624 2.10971 
0.810602 0.632332 -0.00263224 2.11112 
0.81001 0.631621 -0.00305733 2.11021 
0.811071 0.63191 -0.00277559 2.11165 
0.811009 0.631479 -0.00326481 2.11161 
0.811394 0.63176 -0.00239809 2.11209 
0.811579 0.631337 -0.00266494 2.11233 
0.811442 0.631211 -0.00316831 2.11222 
0.791867 0.543235 -0.00346765 2.05436 
0.803239 0.599109 -0.00462793 2.09291 
0.807387 0.617396 -0.00480637 2.10464 
0.807098 0.61926 -0.00463497 2.1041 
0.802824 0.60285 -0.00442573 2.09244 
0.800015 0.587628 -0.00427559 2.08328 
0.80948 0.63012 -0.00359847 2.10931 
0.809722 0.629373 -0.00400861 2.10973 
0.808139 0.624409 -0.00440986 2.1066 
0.841514 0.586411 -0.00940004 2.16789 
0.841282 0.586551 -0.0108407 2.16731 
0.842382 0.584913 -0.00880368 2.16947 
0.842883 0.583793 -0.00987728 2.17022 
0.842741 0.583209 -0.0147566 2.16947 
0.843102 0.582855 -0.0130426 2.17028 
0.841817 0.584799 -0.0149607 2.16781 
0.841453 0.585696 -0.0136288 2.16728 
0.84184 0.585315 -0.0120217 2.16815 
0.84257 0.584047 -0.0116783 2.16947 
0.81518 0.614947 0.00546729 2.11935 
0.815903 0.618709 0.00506093 2.12107 
0.811363 0.60065 0.00569067 2.10959 
0.80872 0.590697 0.00552422 2.10228 
0.811422 0.604515 0.00545934 2.11069 
0.814518 0.616307 0.00514666 2.11843 
0.815198 0.626149 0.000899259 2.11854 
0.814096 0.627227 0.000577881 2.11617 
0.815036 0.626134 0.000397804 2.11806 
0.814561 0.626583 0.000248572 2.11702 
0.816142 0.625183 0.000545334 2.12055 
0.815786 0.625602 0.000935584 2.11984 
0.816201 0.625287 0.00118148 2.12082 
0.838362 0.589674 0.0149204 2.16171 
0.838206 0.588048 0.0159843 2.16143 
0.837111 0.589799 0.0151096 2.15953 
0.834516 0.581515 0.0158238 2.15368 
0.834944 0.5799 0.0163133 2.15428 
0.850855 0.569183 -0.00709486 2.18448 
0.85133 0.568207 -0.00810604 2.18529 
0.849322 0.572005 -0.00849657 2.18171 
0.849871 0.571059 -0.0071283 2.18274 
0.849606 0.571356 -0.0107017 2.18217 
0.850668 0.569362 -0.0114831 2.18408 
0.851357 0.568113 -0.0102573 2.18534 
0.830189 0.605675 0.00404712 2.14754 
0.830925 0.60471 0.00383992 2.14904 
0.830173 0.605599 0.004987 2.14745 
0.833474 0.600953 0.00579771 2.15396 
0.832937 0.601567 0.00647398 2.15281 
0.833191 0.601525 0.00461655 2.15351 
0.832491 0.602551 0.00428103 2.15215 
0.832792 0.60213 0.00240608 2.15274 
0.832189 0.602994 0.00308155 2.15156 
0.830875 0.604758 0.0021394 2.14892 
0.831302 0.604215 0.00291285 2.1498 
0.832191 0.602865 0.000525306 2.15148 
0.832798 0.602042 0.001193 2.1527 
0.831335 0.604059 0.000608864 2.14978 
0.830917 0.604653 0.00118163 2.14897 
0.828694 0.607627 0.00245518 2.14451 
0.829491 0.606603 0.00258349 2.14613 
0.82962 0.606447 0.00361274 2.14641 
0.828248 0.608219 0.0034605 2.14362 
0.828765 0.607527 0.00409951 2.14466 
0.837333 0.591802 -0.0138412 2.16003 
0.804861 0.636328 -0.000259776 2.09646 
0.804453 0.636325 -0.000117212 2.09523 
0.805091 0.636741 0.000521466 2.09748 
0.805088 0.636849 0.000894373 2.0976 
0.805284 0.636899 0.000989801 2.0982 
0.80526 0.636931 0.0011304 2.09819 
0.788781 0.538302 -0.00132021 2.04627 
0.796344 0.582232 -0.00166373 2.07487 
0.78607 0.519472 -0.00271073 2.03438 
0.814717 0.626344 -0.000543499 2.1173 
0.814384 0.6267 -0.000213477 2.1166 
0.814584 0.626562 -0.00102313 2.11709 
0.814165 0.627176 -0.00135661 2.11635 
0.813792 0.627627 -0.00114849 2.11561 
0.813433 0.628159 0.000265869 2.11497 
0.813777 0.627579 0.000306751 2.11551 
0.81338 0.628192 -0.000352449 2.11484 
0.813715 0.627614 -0.000565339 2.11537 
0.813919 0.627291 -0.000235464 2.11571 
0.814841 0.626612 0.00117914 2.11787 
0.81446 0.627363 0.00190732 2.11738 
0.814901 0.62674 0.00172353 2.11818 
0.814069 0.627633 0.00142803 2.11641 
0.814219 0.627239 0.00102443 2.11654 
0.817439 0.624167 0.00126309 2.12359 
0.816969 0.62458 0.000996891 2.12252 
0.818782 0.623011 0.00104198 2.12665 
0.818264 0.623452 0.00135318 2.12546 
0.818466 0.623262 0.000515664 2.1259 
0.817535 0.624004 0.00035838 2.12373 
0.816904 0.624564 0.000625366 2.12231 
0.830967 0.60436 0.00610983 2.14895 
0.830835 0.604667 0.00532477 2.14875 
0.831609 0.603417 0.00648354 2.15019 
0.832155 0.60277 0.00596277 2.15133 
0.831311 0.604115 0.00468722 2.14976 
0.83199 0.603157 0.00494743 2.1511 
0.839903 0.589483 -0.00874201 2.16517 
0.8397 0.589555 -0.0101333 2.16463 
0.839575 0.590556 -0.00616695 2.16491 
0.839279 0.591226 -0.00502098 2.16448 
0.839254 0.590885 -0.00764484 2.16418 
0.838644 0.59184 -0.00821592 2.16303 
0.838519 0.592607 -0.00471892 2.16316 
0.837853 0.592767 -0.0102527 2.16134 
0.837603 0.592848 -0.0114746 2.16072 
0.838935 0.590826 -0.0105853 2.16323 
0.838521 0.591725 -0.009796 2.1626 
0.838698 0.590823 -0.0122118 2.16258 
0.838015 0.59178 -0.0126197 2.16132 
0.836833 0.593817 -0.0119963 2.15928 
0.835018 0.591457 -0.0140513 2.15585 
0.83648 0.593071 -0.0133861 2.15858 
0.83428 0.599426 -0.00606122 2.15529 
0.83476 0.598575 -0.00691394 2.15613 
0.834491 0.599194 -0.00484032 2.15574 
0.835722 0.597276 -0.00442507 2.15806 
0.835032 0.59841 -0.00418598 2.1568 
0.833882 0.599446 -0.00900361 2.15426 
0.834559 0.598573 -0.00829326 2.15557 
0.805141 0.636595 -0.000948079 2.09758 
0.804783 0.636484 -0.000591312 2.0964 
0.805267 0.636659 -0.000812915 2.09795 
0.805295 0.636685 -0.00109898 2.0981 
0.805059 0.63661 -0.000373773 2.09728 
0.8044 0.636469 -0.00029752 2.09523 
0.804752 0.636712 0.00054794 2.09647 
0.804353 0.636589 0.000274414 2.09518 
0.805032 0.636591 0.000260152 2.09716 
0.804887 0.636356 3.45552e-05 2.09649 
0.804415 0.636408 7.31066e-05 2.09517 
0.784317 0.508963 -0.00114278 2.028 
0.773593 0.42727 -0.000872762 1.9812 
0.769086 0.387071 -0.00065377 1.96055 
0.77496 0.438959 -0.000800179 1.98736 
0.786346 0.512258 -0.00288537 2.03353 
0.790164 0.540228 -0.00320178 2.04935 
0.774594 0.425507 -0.00180665 1.98378 
0.773026 0.417824 -0.00172159 1.97782 
0.782553 0.493469 -0.0024889 2.01948 
0.802361 0.603807 -0.00419428 2.0915 
0.797693 0.583159 -0.00377929 2.07685 
0.806092 0.619388 -0.00419864 2.10192 
0.804429 0.616528 -0.0033903 2.09819 
0.806895 0.624461 -0.00351517 2.10418 
0.807397 0.62493 -0.00385382 2.10515 
0.799647 0.596181 -0.00340601 2.08409 
0.796133 0.577691 -0.00345374 2.07207 
0.837233 0.594804 -0.00475696 2.16084 
0.837946 0.59352 -0.00538553 2.16208 
0.830048 0.583168 -0.0131554 2.14493 
0.830473 0.580853 -0.0136338 2.14539 
0.834133 0.591919 -0.0136543 2.15425 
0.835264 0.597282 -0.00908753 2.15678 
0.835823 0.596529 -0.00857131 2.15788 
0.836385 0.594921 -0.0110484 2.15859 
0.804728 0.636577 -0.000181966 2.09629 
0.804395 0.636512 -0.000173766 2.09526 
0.804715 0.636648 0.000270156 2.09631 
0.804371 0.636593 0.00019113 2.09525 
0.787901 0.531486 -0.00150107 2.04245 
0.782438 0.49542 -0.00117214 2.02 
0.787126 0.527309 -0.00130051 2.03951 
0.836711 0.595551 -0.00564886 2.15981 
0.835981 0.596774 -0.00552801 2.15849 
0.835594 0.597277 -0.00661856 2.15769 
0.835919 0.596579 -0.00747942 2.15819 
0.837476 0.593633 -0.00922399 2.1608 
0.837961 0.593102 -0.00785715 2.16186 
0.837706 0.593725 -0.0068031 2.16152 
0.836534 0.595559 -0.00756219 2.15931 
0.836925 0.595042 -0.0068197 2.16011 
0.836754 0.594785 -0.00948381 2.15946 
0.836435 0.595513 -0.0086742 2.159 
0.835072 0.597131 -0.0104415 2.15629 
0.83308 0.594021 -0.0127869 2.15244 
0.83471 0.595009 -0.0126977 2.15549 
0.835535 0.595914 -0.01145 2.15703 
0.799456 0.596222 -0.00186696 2.08491 
0.794861 0.57258 -0.00171418 2.06909 
0.794121 0.569232 -0.00160748 2.0666 
0.798605 0.593584 -0.00175681 2.08253 
0.8034 0.615139 -0.00180163 2.09712 
0.803159 0.615075 -0.00180764 2.09665 
0.832303 0.596295 -0.0119848 2.15117 
0.833298 0.596403 -0.0121113 2.15301 
0.834279 0.597843 -0.0109185 2.15484 
0.833005 0.598902 -0.0109575 2.15256 
0.833803 0.598917 -0.0103031 2.15403 
