-10 -10
-10 -8.75
-10 -7.5
-10 -6.25
-10 -5
-10 -3.75
-10 -2.5
-10 -1.25
-10 0
-10 1.25
-10 2.5
-10 3.75
-10 5
-10 6.25
-10 7.5
-10 8.75
-10 10
-9.364 6.8892
-9.3162 1.9254
-9.2948 -6.9474
-9.2766 -1.7803
-9.2338 -9.161
-9.1113 2.9055
-9.0778 -8.0573
-9.067 5.3408
-9.0168 0.97813
-8.9371 -0.15565
-8.9256 -5.9099
-8.9176 -4.5738
-8.9099 7.6224
-8.8829 8.8822
-8.8438 4.1493
-8.7792 -3.3483
-8.75 -10
-8.75 10
-8.6161 6.2891
-8.5921 -2.2489
-8.4788 -1.1586
-8.4576 2.0435
-8.4329 -7.0879
-8.3869 0.50717
-8.3433 -8.9568
-8.1544 -8.0017
-8.1067 3.0743
-8.0743 -5.2444
-7.9731 8.0204
-7.9276 1.1848
-7.921 5.0421
-7.7635 3.969
-7.7528 -6.2516
-7.7414 -4.1985
-7.7177 8.9409
-7.7018 -1.8104
-7.6924 0.07098
-7.677 6.984
-7.5 -10
-7.5 10
-7.496 5.9811
-7.473 -7.3739
-7.4451 -2.8552
-7.4328 2.1945
-7.4062 -8.5228
-7.1784 -0.97067
-7.082 3.2555
-7.0348 -5.2795
-6.8876 4.3331
-6.8789 5.2998
-6.7687 -1.8687
-6.7584 7.779
-6.7144 1.1946
-6.5775 -7.825
-6.5599 -6.5807
-6.5288 8.9805
-6.4591 -8.9376
-6.4311 6.2957
-6.3938 -0.047559
-6.3667 2.4364
-6.3346 -2.6806
-6.25 -10
-6.25 10
-6.2057 -3.9352
-6.0572 -1.0842
-6.0079 3.575
-5.8577 -1.9507
-5.8456 -7.2969
-5.8416 -5.4551
-5.7931 4.9211
-5.7136 1.7377
-5.6775 8.1674
-5.6559 -8.1711
-5.515 0.78551
-5.4528 7.1625
-5.3902 -9.1049
-5.3718 -6.5227
-5.3498 9.0513
-5.3453 -2.7232
-5.2528 2.6486
-5.2257 -0.3111
-5.0972 6.0196
-5.0927 -4.694
-5 -10
-5 10
-4.9795 -7.4405
-4.904 -1.5145
-4.7343 1.6323
-4.7251 -3.7007
-4.7071 -8.3323
-4.7031 3.8822
-4.6968 -5.6785
-4.6198 5.0761
-4.4948 6.7953
-4.3753 7.9713
-4.3521 9.1804
-4.3293 -6.6967
-4.3157 0.52651
-4.2966 -9.1731
-4.161 -0.56419
-4.0613 -2.5936
-4.0378 -7.6208
-3.9939 2.6403
-3.8868 -4.7035
-3.862 5.8934
-3.8291 -8.4328
-3.75 -10
-3.75 10
-3.6813 -3.6082
-3.6743 4.6524
-3.6479 6.9461
-3.6167 1.4631
-3.6038 -1.4409
-3.5902 3.6595
-3.5804 -5.9368
-3.4973 -0.0025701
-3.427 0.67542
-3.3827 -0.66937
-3.3219 8.9033
-3.3094 -6.9552
-3.1051 -7.9217
-3.0942 -2.2003
-3.0892 -9.0074
-3.0693 2.1854
-3.0509 -3.0142
-2.9688 3.0163
-2.8891 1.5841
-2.8498 1.0124
-2.8374 6.4169
-2.8284 0.33508
-2.8198 -0.98402
-2.817 -0.32321
-2.8119 7.6129
-2.7775 -1.5952
-2.7261 5.3213
-2.7087 -5.2522
-2.6492 -4.0234
-2.575 -2.557
-2.5639 4.0515
-2.5338 -6.2676
-2.5 -10
-2.5 10
-2.4607 2.484
-2.4525 1.9049
-2.4516 0.66029
-2.4473 -2.0489
-2.4459 0.0054057
-2.441 -0.64009
-2.4301 1.3978
-2.424 -1.2843
-2.2982 -7.2378
-2.2728 0.32817
-2.27 0.99447
-2.2667 -0.3149
-2.2616 -0.95873
-2.2502 -1.6243
-2.2242 -3.0756
-2.1843 -8.26
-2.1771 2.189
-2.1603 8.6779
-2.145 3.0937
-2.1337 1.6279
-2.0597 -2.4383
-2.0351 -9.1812
-2.0051 0.64373
-2.0019 0.0069347
-1.9986 -0.63021
-1.9915 -1.2796
-1.9859 6.802
-1.9829 5.9424
-1.9709 1.2977
-1.9654 -5.6968
-1.9429 -1.9387
-1.9342 1.9389
-1.9235 -1.5998
-1.9183 0.32206
-1.9104 -0.30888
-1.9101 -0.94977
-1.9098 0.96203
-1.888 2.4605
-1.86 1.6047
-1.7702 0.47902
-1.7677 0.79225
-1.7676 0.16482
-1.7641 9.3698
-1.7632 -1.1086
-1.7621 -0.78617
-1.7603 -0.14631
-1.7595 -0.46619
-1.7579 1.1143
-1.7537 1.7541
-1.7324 1.4374
-1.7296 -1.4663
-1.703 -1.7007
-1.6859 0.63337
-1.6782 -0.62548
-1.6768 0.013624
-1.6745 0.32215
-1.6728 1.2677
-1.6723 -1.265
-1.6702 0.94915
-1.6673 -0.94762
-1.6593 -0.30374
-1.6286 -2.2455
-1.6204 2.134
-1.6177 1.6145
-1.6056 -2.7677
-1.6024 1.8582
-1.6014 -1.9201
-1.5794 -1.1
-1.5729 0.47544
-1.5706 1.1027
-1.5704 0.17437
-1.5695 0.78881
-1.5655 -1.5627
-1.5608 -0.78675
-1.557 -0.46286
-1.5565 -0.13929
-1.5547 2.8937
-1.5506 1.4124
-1.5409 -4.8866
-1.5326 -1.4013
-1.4807 0.32588
-1.4785 1.2504
-1.4723 0.94585
-1.467 -1.7258
-1.4654 0.63043
-1.4608 -3.5828
-1.4592 -0.62188
-1.4579 -1.2276
-1.4562 4.9576
-1.4543 -0.96053
-1.4534 -1.0951
-1.4368 0.029933
-1.4364 1.7253
-1.4331 -0.29443
-1.4158 1.5365
-1.4085 -7.6157
-1.4041 3.6291
-1.4035 -1.5252
-1.4015 0.19684
-1.3963 1.3778
-1.3851 2.428
-1.3843 -0.13144
-1.3838 1.1009
-1.3775 -1.3679
-1.3762 0.47074
-1.3706 7.5848
-1.369 0.79218
-1.3631 -0.4662
-1.3564 -0.78181
-1.33 -1.0969
-1.3051 1.2551
-1.3 0.3183
-1.2933 1.9657
-1.2884 -2.4183
-1.2813 0.95123
-1.2794 -1.9873
-1.2739 -1.253
-1.2717 -0.34816
-1.2645 1.6599
-1.2615 -1.6638
-1.2515 -0.2097
-1.25 -10
-1.25 10
-1.2487 -0.61008
-1.2486 -0.044438
-1.2483 -0.93804
-1.2468 -6.3497
-1.24 1.4363
-1.2312 0.14411
-1.2307 0.62994
-1.2264 -1.4366
-1.2166 0.45027
-1.2104 -0.45685
-1.2065 -8.599
-1.2032 1.1096
-1.2017 0.8143
-1.1753 -0.77571
-1.138 1.2685
-1.1295 -1.1104
-1.1269 -1.2874
-1.1115 1.7509
-1.1061 0.025822
-1.103 -1.7568
-1.0999 0.32607
-1.0995 -0.65409
-1.0969 -0.32949
-1.0956 1.5635
-1.0867 -1.5647
-1.086 -0.12782
-1.0813 -0.51766
-1.0781 8.7595
-1.0772 0.62875
-1.0753 0.50983
-1.0746 1.4039
-1.0629 0.74932
-1.0624 -1.404
-1.0615 0.9526
-1.0513 -0.90565
-1.0509 1.1388
-1.0322 -0.7556
-1.0289 0.15655
-0.99374 6.3068
-0.99263 -2.8074
-0.99179 2.8393
-0.98663 2.2629
-0.96098 -2.2567
-0.95889 1.9027
-0.95492 1.2829
-0.94774 1.6643
-0.9477 -0.62973
-0.94673 -1.907
-0.94651 0.27659
-0.94509 1.4756
-0.94168 -1.2557
-0.93992 -1.0419
-0.93844 -1.666
-0.93342 -1.4717
-0.93162 -0.0020807
-0.92962 0.62607
-0.91747 -0.91967
-0.90997 0.95543
-0.90242 -0.44105
-0.89912 -0.79937
-0.89867 0.42672
-0.89819 1.0885
-0.88087 -0.2145
-0.8793 0.82303
-0.85032 0.16885
-0.83479 0.29819
-0.81991 -0.56656
-0.81916 0.54076
-0.81668 1.3885
-0.81406 0.70786
-0.80734 -1.1098
-0.80392 -0.074719
-0.80341 -0.68286
-0.80277 0.62442
-0.80069 -1.3874
-0.7928 1.5582
-0.79082 1.7578
-0.78821 0.96818
-0.7818 -0.93505
-0.78111 -1.7598
-0.78106 -1.5597
-0.7677 -0.79184
-0.76345 1.2292
-0.76029 -0.3511
-0.75841 1.0873
-0.75714 0.040135
-0.74871 0.36101
-0.74011 0.86737
-0.73839 0.25281
-0.7346 -1.2446
-0.73354 -0.25067
-0.73058 -0.48272
-0.72912 0.47364
-0.72432 0.77095
-0.7234 0.578
-0.72178 0.66957
-0.72175 -0.15006
-0.71411 -0.60251
-0.71265 -0.053112
-0.70912 0.15428
-0.68485 -3.3514
-0.67927 -0.83127
-0.67771 1.0281
-0.66679 -0.71515
-0.66292 1.1296
-0.66153 0.93252
-0.65847 -0.4014
-0.65282 2.4406
-0.65204 -0.31241
-0.65002 3.3805
-0.6486 0.31036
-0.64637 0.84428
-0.64576 -0.0019363
-0.64552 -2.4327
-0.64497 0.3988
-0.6438 -0.22349
-0.64289 -1.0773
-0.64244 0.08348
-0.64028 0.22373
-0.64024 1.9954
-0.63906 0.62443
-0.63884 -0.084806
-0.63843 0.53969
-0.63791 0.70843
-0.63369 -0.54563
-0.63209 1.6673
-0.63163 1.4072
-0.63078 -1.9958
-0.62834 0.77726
-0.62805 -0.15369
-0.62791 -0.62542
-0.62778 0.46934
-0.62598 -0.47005
-0.62479 0.15441
-0.62412 1.2313
-0.62154 -1.6712
-0.61477 -0.91588
-0.61224 -1.415
-0.60224 0.89265
-0.60114 0.99302
-0.59836 -0.27165
-0.5977 0.039954
-0.59755 0.35308
-0.597 -0.040984
-0.59698 0.26985
-0.59687 1.0634
-0.59511 -0.67268
-0.59379 0.81559
-0.5937 -0.36676
-0.59298 -0.19194
-0.59182 0.4308
-0.59173 -1.2277
-0.5914 0.66639
-0.59134 0.58348
-0.59134 -0.1174
-0.59089 0.11716
-0.5907 0.19203
-0.59049 0.74332
-0.58974 -0.42092
-0.58915 0.50513
-0.58706 -0.58734
-0.58494 -0.50672
-0.57809 0.93698
-0.57616 -0.0004212
-0.57611 0.85381
-0.57594 -0.79978
-0.5745 -0.23107
-0.57394 0.3117
-0.57368 0.078692
-0.57356 -0.31507
-0.57332 0.23068
-0.57311 -0.079194
-0.5723 0.39219
-0.57047 -0.15478
-0.57041 0.78082
-0.56947 0.707
-0.56931 -4.1119
-0.56873 0.15484
-0.56871 -0.71885
-0.56868 0.54323
-0.56804 -0.63036
-0.56794 0.46694
-0.56788 0.62517
-0.56533 -0.54724
-0.5628 1.1441
-0.55899 -0.4641
-0.55462 1.0226
-0.5501 -0.42818
-0.5499 0.89349
-0.54922 0.039008
-0.54902 -0.039353
-0.54873 -0.39534
-0.54817 0.81825
-0.54727 -0.19292
-0.54717 0.27063
-0.54712 0.35232
-0.54686 -0.27145
-0.54645 -0.11694
-0.54606 0.1934
-0.54602 0.42875
-0.54589 0.74648
-0.54568 0.11652
-0.54541 -0.67181
-0.54287 0.50366
-0.54267 0.97824
-0.5419 -0.35301
-0.54115 0.58336
-0.541 0.66812
-0.54098 -0.50934
-0.53993 -0.58961
-0.52647 1.0684
-0.52583 -0.00018261
-0.52523 0.85534
-0.52514 0.23177
-0.5244 0.78367
-0.52391 0.077314
-0.5238 -0.15522
-0.52328 -0.23119
-0.52326 -0.077915
-0.52084 0.15526
-0.51985 -0.74922
-0.51684 0.46316
-0.51622 0.93266
-0.51545 0.71201
-0.51484 -0.70274
-0.51473 -0.87473
-0.51422 -0.63483
-0.51356 0.54184
-0.51334 0.39081
-0.51316 0.35237
-0.51233 -0.48106
-0.51224 0.42809
-0.51149 -0.66993
-0.51136 0.31346
-0.51096 -0.3478
-0.51096 -0.3128
-0.51089 -0.51219
-0.50993 1.0135
-0.50983 -0.37897
-0.50941 -0.42994
-0.50789 -0.54675
-0.50772 0.75213
-0.50631 0.88932
-0.50508 0.26594
-0.50489 0.62556
-0.50355 -0.26598
-0.50301 0.81941
-0.50292 0.50132
-0.50277 1.2531
-0.50193 -0.038269
-0.50161 0.037982
-0.50148 -0.19298
-0.50138 0.58088
-0.50062 0.97365
-0.50033 0.19525
-0.49984 -0.11764
-0.49877 0.11525
-0.49789 -0.59318
-0.49781 0.6729
-0.49688 -0.98142
-0.49528 7.0808
-0.49044 4.1518
-0.48204 -0.50787
-0.48144 0.35371
-0.4812 -0.35073
-0.48106 0.23439
-0.48022 -0.15666
-0.48007 -1.2834
-0.48005 -0.00083324
-0.47897 0.73682
-0.47705 0.075846
-0.47661 0.43151
-0.47606 -0.67293
-0.47469 1.7568
-0.47353 -0.72807
-0.47279 0.78184
-0.47253 -0.79578
-0.47252 0.59533
-0.47236 -1.1351
-0.47221 0.81964
-0.472 0.85716
-0.47195 -0.46969
-0.47173 0.47825
-0.47163 -0.077064
-0.47163 0.90741
-0.47108 1.0472
-0.46998 0.52004
-0.46949 0.56048
-0.46939 -0.2324
-0.46932 1.5535
-0.46913 0.95074
-0.469 0.70102
-0.46895 -0.28222
-0.46857 -0.39083
-0.46779 0.99522
-0.46765 -1.7622
-0.46749 1.1247
-0.46719 0.15581
-0.46547 -0.18968
-0.46438 -0.57471
-0.4643 0.32183
-0.46402 -0.31932
-0.46338 -0.035215
-0.46298 -0.62105
-0.46269 -0.53757
-0.46268 0.2796
-0.4624 0.2008
-0.46208 0.38852
-0.45942 0.11036
-0.45938 0.65819
-0.45877 0.62109
-0.45777 1.3901
-0.45649 -1.5631
-0.45609 -0.43171
-0.45595 -0.12329
-0.45565 0.036147
-0.44228 0.82028
-0.43892 -0.20284
-0.43756 0.88837
-0.4368 -0.46288
-0.43638 -0.16479
-0.4363 -0.26307
-0.4355 0.73821
-0.43358 0.45577
-0.43342 0.15651
-0.43287 -0.0069501
-0.43279 0.49797
-0.43263 0.31082
-0.43254 0.41573
-0.43234 -0.504
-0.43222 0.38602
-0.43204 0.35319
-0.43199 0.54012
-0.4319 -0.70057
-0.43189 0.23276
-0.43162 0.92626
-0.43118 -0.29996
-0.43068 -0.053671
-0.43059 -0.65456
-0.43037 0.18517
-0.43 -1.3993
-0.42985 -0.74774
-0.42977 -0.35112
-0.42974 0.58939
-0.42967 0.97105
-0.42858 1.0185
-0.42826 0.69018
-0.42822 -0.55417
-0.42818 0.12797
-0.42785 -0.62427
-0.42782 -0.59503
-0.42779 -0.094866
-0.42716 0.63431
-0.42669 1.0677
-0.42572 -0.40231
-0.4256 0.66128
-0.42375 0.078002
-0.42203 0.85533
-0.42135 0.78562
-0.42099 -0.23145
-0.42028 -0.43655
-0.4195 -0.1305
-0.4178 0.032431
-0.4169 -0.88322
-0.41433 0.27931
-0.40619 1.1907
-0.40477 -0.19533
-0.4034 0.15765
-0.40329 0.39065
-0.40253 0.82167
-0.40107 -0.46555
-0.40057 0.47664
-0.39949 -0.073809
-0.39911 0.55718
-0.39816 0.61921
-0.39683 -0.31469
-0.39431 0.32083
-0.39379 -0.67671
-0.39366 0.0070954
-0.39315 -0.38265
-0.39267 -0.15699
-0.39228 0.94572
-0.39227 -0.57786
-0.39177 -0.62637
-0.39175 -0.26824
-0.39138 0.89414
-0.39086 -0.53572
-0.39037 -0.72399
-0.39024 0.51727
-0.39005 0.66122
-0.38985 0.992
-0.38969 0.7583
-0.3896 0.71391
-0.38928 0.43489
-0.38908 0.3597
-0.38867 -0.034846
-0.38735 1.0415
-0.38711 0.20146
-0.38694 -0.22538
-0.38643 -0.11176
-0.38639 0.85174
-0.38535 0.24977
-0.38534 0.11591
-0.38522 -0.49825
-0.38502 0.79382
-0.38483 -0.42382
-0.38478 0.080102
-0.38339 -0.78781
-0.38141 0.58823
-0.38101 0.045482
-0.37929 1.1073
-0.37838 0.28617
-0.37794 -0.34777
-0.37297 1.2914
-0.36441 -0.074957
-0.36301 0.15919
-0.36264 0.62279
-0.36239 -0.65847
-0.36172 0.55314
-0.3611 0.3454
-0.36091 -0.23777
-0.36051 0.86465
-0.35939 -0.59663
-0.35907 0.92646
-0.35883 0.47801
-0.35689 0.77924
-0.35667 -0.19462
-0.35502 -0.69563
-0.35497 -0.56031
-0.35492 0.82251
-0.35485 -0.30617
-0.35467 -0.14409
-0.35354 0.23043
-0.35352 0.31165
-0.35249 0.39024
-0.35223 0.96511
-0.35213 -0.51852
-0.35131 -0.42625
-0.3506 -0.46614
-0.34992 0.74195
-0.34972 0.0024065
-0.3496 -0.73808
-0.34924 1.0123
-0.34907 -0.043325
-0.34823 0.51879
-0.3479 1.0573
-0.34781 0.65441
-0.34778 -0.10722
-0.34757 -0.38744
-0.34755 -0.26681
-0.3469 0.080601
-0.34621 0.12549
-0.34615 0.041817
-0.34584 0.43777
-0.34434 0.69342
-0.34402 0.27031
-0.34383 -0.62845
-0.34345 0.89452
-0.34273 -0.3438
-0.34103 0.19602
-0.3408 0.58849
-0.33971 -2.7951
-0.32932 2.807
-0.32729 0.8596
-0.32648 -0.66564
-0.32519 -0.16489
-0.32512 2.2623
-0.32457 -0.23524
-0.32357 -2.2595
-0.32184 0.34389
-0.32153 -0.031991
-0.32151 0.4627
-0.32127 -1.0076
-0.32067 -0.54451
-0.32042 0.30425
-0.32009 -0.42706
-0.31936 0.62798
-0.31853 -0.3206
-0.3183 0.66466
-0.31801 1.9094
-0.31787 0.49879
-0.31782 -0.12819
-0.31683 0.11325
-0.31641 -0.85393
-0.31573 0.93064
-0.31558 -0.076635
-0.31438 -1.9139
-0.31393 -0.59077
-0.31369 1.6619
-0.31326 0.15783
-0.31272 -0.7715
-0.31217 0.54777
-0.31165 0.19584
-0.31143 0.82786
-0.31091 1.4478
-0.31058 -0.5059
-0.31058 0.78102
-0.31053 1.0351
-0.31043 1.0911
-0.31036 -0.35547
-0.30977 0.23353
-0.30961 1.1808
-0.3094 -0.63409
-0.30926 -0.71129
-0.3088 0.72643
-0.30868 -0.28103
-0.3085 0.039995
-0.30794 -0.0034111
-0.30787 0.88985
-0.30782 -1.6717
-0.30725 0.98469
-0.30644 0.27699
-0.306 0.38391
-0.30597 0.083526
-0.30588 -0.19648
-0.30564 0.42614
-0.30555 0.69015
-0.30521 0.59122
-0.30495 -1.2523
-0.2995 -1.4739
-0.29902 -0.39234
-0.29859 -0.46318
-0.28997 -0.15822
-0.28827 0.85864
-0.28591 -0.035317
-0.28472 0.51282
-0.28328 0.61596
-0.28277 0.47305
-0.2827 0.35842
-0.28191 0.19618
-0.28135 -0.62221
-0.28103 -0.6634
-0.27862 -0.42647
-0.27851 -0.32281
-0.27828 0.071447
-0.2776 0.31306
-0.27741 0.2668
-0.2774 0.7043
-0.27724 0.65939
-0.27671 -0.11705
-0.27601 -0.36281
-0.27556 0.82002
-0.27439 0.11576
-0.27437 -0.74124
-0.27389 1.0568
-0.27342 1.0145
-0.27301 0.98394
-0.27296 -0.54777
-0.27294 0.0040484
-0.27204 0.95247
-0.27128 -0.23451
-0.27072 0.54039
-0.26966 0.57861
-0.26963 -0.59314
-0.26957 0.16178
-0.26873 -0.18889
-0.26855 0.90197
-0.26801 -0.49507
-0.26768 -0.70342
-0.26666 0.43782
-0.26572 -0.28106
-0.26536 0.39786
-0.26418 0.74399
-0.26328 0.78544
-0.26138 -0.072984
-0.26123 -0.45776
-0.26046 0.2336
-0.2601 0.041126
-0.25954 -0.39303
-0.25766 -5.1862
-0.25356 1.2947
-0.24841 -0.155
-0.2472 0.61855
-0.24498 -0.78962
-0.24472 0.35613
-0.24348 0.55153
-0.24328 0.46435
-0.24326 0.077799
-0.24138 0.14651
-0.24101 0.85365
-0.2409 1.1032
-0.24068 0.50882
-0.23984 -0.58197
-0.23911 0.81121
-0.23896 0.98567
-0.23877 -0.02888
-0.23734 0.2767
-0.23726 -0.62724
-0.23718 0.69831
-0.2371 -0.68067
-0.23676 0.011927
-0.23634 1.0377
-0.23576 -0.72712
-0.23547 -0.30445
-0.23442 -0.35453
-0.23329 -0.51768
-0.23296 -0.23188
-0.23293 -0.26254
-0.23205 -0.39085
-0.23195 0.19152
-0.23167 0.43012
-0.23087 -0.19874
-0.23025 -0.47644
-0.23025 -0.42712
-0.23011 0.65376
-0.22957 0.32035
-0.22886 0.93503
-0.22759 -0.55331
-0.22751 -0.11026
-0.22712 0.58291
-0.22641 0.89393
-0.22613 0.73652
-0.22554 0.11386
-0.22546 0.77518
-0.22399 -8.929
-0.22304 -0.068511
-0.22279 0.23744
-0.22243 -0.88466
-0.2207 0.044092
-0.22057 0.39271
-0.21099 0.54701
-0.20585 0.14961
-0.20432 1.1895
-0.20403 -0.66188
-0.20383 -0.38846
-0.20298 0.080175
-0.20256 -0.32211
-0.20116 -0.49919
-0.20036 0.7505
-0.19919 0.61972
-0.19831 -0.043497
-0.19794 0.26288
-0.19791 -0.28406
-0.19786 0.93706
-0.19781 -0.19541
-0.19778 -0.74932
-0.19777 0.42355
-0.19772 -0.70177
-0.19714 -0.15636
-0.19702 0.96578
-0.1968 -0.53551
-0.19658 1.0598
-0.19639 0.46707
-0.196 1.0114
-0.19566 -0.23343
-0.19555 0.87076
-0.19509 0.71727
-0.19504 -0.58497
-0.1948 0.90992
-0.19459 -0.1185
-0.19456 0.30165
-0.1944 0.51427
-0.19388 0.81908
-0.19341 0.35401
-0.19223 0.0034312
-0.19173 0.57821
-0.19094 -0.63083
-0.19006 0.67241
-0.18811 0.18168
-0.18796 -0.41944
-0.18766 0.77717
-0.18702 -0.46059
-0.18676 -0.083921
-0.18664 -0.35386
-0.18611 0.39567
-0.18605 0.11495
-0.18586 0.048466
-0.18427 0.22365
-0.17792 -0.97503
-0.17221 0.54677
-0.16859 0.93711
-0.1674 0.7469
-0.16645 -0.19431
-0.16412 -1.1019
-0.16389 -0.12073
-0.16358 0.14955
-0.16353 -7.5785
-0.16351 -0.55067
-0.16277 -0.2675
-0.16189 0.85398
-0.16186 0.38432
-0.16047 -0.50678
-0.15975 -0.61734
-0.15851 -0.79861
-0.15834 -0.31489
-0.15787 -0.35164
-0.15768 0.034464
-0.15751 -0.43051
-0.15707 -0.38767
-0.15706 1.7622
-0.15671 -0.66588
-0.15655 0.11618
-0.1565 0.67229
-0.1564 0.32309
-0.15595 1.5638
-0.1558 -0.72654
-0.15578 0.42621
-0.15571 1.3892
-0.1557 0.6407
-0.15559 1.2703
-0.15536 -1.7705
-0.15534 1.1063
-0.15482 1.0387
-0.15462 0.46577
-0.15457 0.89406
-0.15446 0.079405
-0.15364 -1.5787
-0.15332 0.50358
-0.15314 0.35786
-0.15305 0.59137
-0.15297 0.19151
-0.15245 -0.041778
-0.15203 0.27194
-0.15198 0.78644
-0.15194 0.98208
-0.15193 0.70521
-0.1484 0.82456
-0.14813 -1.3915
-0.14756 -0.15675
-0.14742 -0.087332
-0.14599 0.0030859
-0.14579 -0.23192
-0.14472 -0.58316
-0.14276 0.22697
-0.13998 -0.46245
-0.13174 0.54786
-0.12948 -0.35039
-0.12852 0.16439
-0.12581 0.34525
-0.12569 0.6697
-0.12467 0.12319
-0.12442 0.38361
-0.12352 0.93391
-0.12346 0.74803
-0.12268 -1.2411
-0.12147 0.77998
-0.12132 -0.54286
-0.12119 -0.70047
-0.12117 -0.19233
-0.11884 -0.42093
-0.11879 0.8964
-0.11778 0.31156
-0.11731 0.80885
-0.11679 -0.27322
-0.11605 -0.070866
-0.11605 0.85732
-0.11571 -0.04226
-0.11569 -0.15737
-0.11513 -0.11983
-0.11495 -0.62248
-0.11468 -0.38131
-0.11468 -0.89004
-0.11416 1.0608
-0.11389 1.0146
-0.11355 -0.01338
-0.11351 -0.31783
-0.11295 0.4674
-0.11295 0.035963
-0.11202 0.42219
-0.11182 -0.49458
-0.11171 0.24516
-0.11126 0.58139
-0.11121 0.51482
-0.11064 -0.58065
-0.10992 0.62544
-0.10991 -0.6668
-0.10988 0.20095
-0.10977 -0.2307
-0.10947 0.27906
-0.10943 0.9747
-0.10844 0.083028
-0.10636 1.1897
-0.10573 0.70595
-0.105 -0.74463
-0.10271 -0.457
-0.091904 0.15677
-0.091568 0.77961
-0.089359 0.54941
-0.08754 5.2677
-0.086807 -0.59556
-0.084649 -0.39504
-0.084055 -0.086161
-0.08364 0.34864
-0.082271 0.90202
-0.081636 0.4361
-0.081495 -0.1633
-0.081445 -0.20907
-0.081428 -0.30141
-0.081099 0.26462
-0.081022 -0.34999
-0.080716 0.39927
-0.080647 -0.27387
-0.080635 -0.043899
-0.080599 -0.24765
-0.080552 0.67021
-0.080024 -0.56229
-0.078901 0.95093
-0.078879 0.81983
-0.07874 0.29975
-0.077814 -0.69598
-0.077511 -0.65146
-0.077081 0.99361
-0.076597 -0.52162
-0.075423 1.0387
-0.075389 0.065114
-0.075017 0.0017095
-0.074819 -0.4307
-0.074067 0.11075
-0.073807 0.23062
-0.073769 -0.61951
-0.073659 0.73874
-0.073359 0.70445
-0.072015 0.033535
-0.071872 0.5931
-0.071091 0.63259
-0.070197 -0.80605
-0.069582 1.1028
-0.068548 0.50623
-0.067803 -0.47564
-0.066582 0.8592
-0.066156 0.18982
-0.066133 0.4642
-0.064353 -0.11855
-0.062442 -0.9978
-0.057942 1.2965
-0.055889 7.893
-0.05367 -0.020975
-0.052543 -0.59152
-0.051504 -0.23021
-0.051217 0.020113
-0.051113 -0.31613
-0.049021 0.15078
-0.048734 -0.66943
-0.048702 0.3496
-0.046982 -0.74061
-0.045915 -0.077955
-0.045913 0.97181
-0.045456 -0.19421
-0.045349 0.61888
-0.045244 0.37871
-0.044534 -0.27267
-0.044472 0.32042
-0.043642 0.045308
-0.041824 0.78267
-0.041283 -0.042474
-0.041269 -0.50661
-0.041242 0.55379
-0.040849 0.079951
-0.040324 -0.00015803
-0.040275 0.83127
-0.039801 0.65343
-0.039073 1.0106
-0.038937 0.74311
-0.038846 0.88585
-0.03852 -0.63302
-0.038383 -0.39167
-0.037839 0.4281
-0.037393 0.26869
-0.037088 0.70412
-0.036799 -0.44221
-0.036675 1.0547
-0.036492 -3.4359
-0.036245 -0.34587
-0.036213 0.21703
-0.036032 0.8585
-0.035851 -0.69904
-0.035435 0.93063
-0.034963 -0.548
-0.032848 0.59225
-0.031893 0.18083
-0.031365 -0.15171
-0.031026 0.47852
-0.030787 -0.020695
-0.028449 -0.47735
-0.02801 -0.11211
-0.027783 0.11562
-0.027068 0.51571
-0.026407 0.020968
-0.023414 -0.0071136
-0.021776 0.00452
-0.020686 0.039147
-0.019806 -0.035351
-0.018657 0.05831
-0.018592 -0.015612
-0.017366 0.35033
-0.017229 -0.023584
-0.016566 -0.056793
-0.014882 -0.0022108
-0.014459 -2.4318
-0.014453 0.011562
-0.013617 -0.3132
-0.012754 -0.66971
-0.012694 -0.0093848
-0.012357 -0.18638
-0.011554 -0.22636
-0.011065 0.62295
-0.011035 0.81556
-0.010803 0.0039954
-0.010273 0.029118
-0.0092238 0.018517
-0.0088176 -0.017595
-0.0088157 2.4347
-0.0082109 -0.027962
-0.0075081 -1.4924
-0.0073529 -0.42238
-0.0071907 -0.5947
-0.0067875 0.89988
-0.0067144 0.19572
-0.0065506 -0.003104
-0.0059815 -0.086684
-0.0059249 -2.0006
-0.0053891 0.084446
-0.0051711 -0.010295
-0.0046537 0.38851
-0.0045059 0.0424
-0.004453 0.01003
-0.004441 -0.039722
-0.0043154 -1.6902
-0.0040975 1.998
-0.0039465 0.0034523
-0.0036543 0.74668
-0.0026148 0.85755
-0.0022282 0.31181
-0.0018732 0.53993
-0.001324 0.023302
-0.00099329 -0.021913
-0.00081963 1.6792
0 -10
0 0
0 10
0.00014376 -0.014437
0.00021579 1.4531
0.00021598 0.97435
0.0002464 0.031001
0.00025988 0.15349
0.00027858 -0.45757
0.00029175 -0.051376
0.00053698 0.016106
0.00063577 1.181
0.00068352 -1.3224
0.00077078 -0.029396
0.00087392 -0.63619
0.0009007 1.0312
0.00098457 -0.35448
0.00098972 1.0887
0.001168 -0.0065983
0.001484 -0.064774
0.0016254 0.0065008
0.0016345 -0.88084
0.0020433 -0.78194
0.0021306 0.23147
0.0025589 0.45686
0.0029073 0.78613
0.0030911 0.058951
0.0035705 -0.01103
0.0038744 0.58034
0.0040914 0.4223
0.0042607 0.92979
0.0043312 0.010754
0.0043785 -0.018661
0.0044925 0.11372
0.0046821 -0.50637
0.0046952 0.02559
0.004853 -0.035
0.0049383 0.66775
0.0050271 -0.7149
0.0051851 0.036586
0.0052265 -0.16185
0.0055827 -0.023539
0.0057553 0.020096
0.0057808 0.7086
0.0065892 -1.1445
0.006749 -0.014867
0.0071799 -0.12629
0.0075408 3.4543
0.0075908 -0.04272
0.0077696 0.01436
0.0078479 0.030173
0.0080258 -0.028947
0.0093335 0.044504
0.0094011 -0.55403
0.01019 -0.27298
0.010552 -0.018349
0.01065 -0.023975
0.010688 0.50125
0.010869 0.024013
0.011807 0.017568
0.012074 -0.034453
0.012534 0.035248
0.01264 -0.39358
0.013272 0.029132
0.013863 -0.054772
0.0141 -0.027511
0.014895 -0.021577
0.016204 0.025482
0.016286 0.27231
0.01632 -0.073338
0.016364 0.020486
0.018574 0.070987
0.01867 -0.041214
0.018915 0.05364
0.018933 0.030998
0.019167 -0.031637
0.019722 -0.024609
0.02046 0.040773
0.021391 0.023173
0.023087 -0.19393
0.023173 0.09373
0.024006 -0.096186
0.024087 0.029168
0.024507 0.034459
0.024993 -0.027478
0.025442 -0.034796
0.02557 -0.049333
0.025973 0.81717
0.026848 0.025668
0.027123 -0.041405
0.027444 -0.061379
0.028266 -0.43004
0.02833 0.047919
0.028552 0.19458
0.028602 -0.61865
0.029036 0.031694
0.030499 0.039282
0.030677 -0.030208
0.030701 0.94223
0.032093 -0.037187
0.032167 0.12184
0.032219 0.43688
0.03271 0.027995
0.03329 -0.053287
0.033361 0.059301
0.033919 0.69406
0.033984 -0.045035
0.034308 0.35217
0.034501 0.40283
0.03508 0.034038
0.035868 0.30615
0.036753 -0.032815
0.036814 -0.58239
0.036979 -0.31763
0.037062 0.89937
0.037103 -0.076546
0.037287 -0.66507
0.037406 0.72796
0.037746 0.58451
0.03777 0.076285
0.037816 0.039447
0.038221 0.046965
0.038442 0.62356
0.038657 -0.46777
0.038683 -0.039291
0.038699 -0.23442
0.038952 0.030171
0.039027 1.0536
0.039522 -0.060758
0.039533 -0.15706
0.040229 0.46864
0.040464 -0.051095
0.040905 -0.044603
0.041433 1.0083
0.0415 0.035731
0.042353 -0.70473
0.042475 0.773
0.042568 0.54622
0.043202 -0.03531
0.043412 0.85204
0.043434 -0.36551
0.043799 0.041312
0.044291 0.66699
0.044556 -0.094942
0.045037 0.97042
0.045246 -0.0412
0.045308 0.064905
0.04556 0.032211
0.045789 0.054851
0.046585 -0.047491
0.046765 -0.11945
0.047173 -0.5018
0.04776 0.046869
0.04784 0.037227
0.047972 -0.055449
0.048147 -0.53942
0.048808 -0.4019
0.048917 0.23737
0.049674 0.041653
0.050009 -0.037704
0.05051 0.50329
0.050743 -0.74334
0.050765 -0.066746
0.050871 0.095265
0.051935 -0.043211
0.052518 0.034123
0.052715 -0.049895
0.053014 0.15381
0.053048 0.27781
0.053552 -0.038841
0.054159 0.03862
0.054568 0.044471
0.054579 0.051413
0.054629 -0.2739
0.054813 0.073394
0.054999 0.060582
0.056166 0.03502
0.057164 -0.040001
0.057509 -0.082812
0.058252 -0.056627
0.058476 -0.046889
0.058809 1.2969
0.058835 0.041225
0.059685 -0.1009
0.059815 0.035916
0.060075 0.12021
0.060945 -0.041115
0.061786 0.055051
0.062518 0.046859
0.06337 0.040255
0.063629 0.036756
0.064009 -0.051263
0.064348 -0.045831
0.064477 -0.068332
0.064656 -0.042209
0.066109 0.9392
0.06685 0.063572
0.067244 0.38816
0.067443 0.037596
0.067941 0.042229
0.06826 -0.99628
0.068561 0.58764
0.068567 -0.043269
0.06906 0.053099
0.069476 -0.057509
0.069532 -0.049101
0.069745 0.046934
0.07092 -0.61665
0.071055 0.74158
0.071335 0.19491
0.071414 0.03838
0.071572 1.1027
0.071734 0.079767
0.071764 -0.093159
0.072133 -0.80616
0.072479 -0.044329
0.072571 0.65495
0.072599 -0.57299
0.073147 0.043141
0.073491 0.4338
0.074065 -0.052743
0.074099 -0.048372
0.074211 -0.079209
0.074567 0.69828
0.074691 -0.19504
0.074708 0.47849
0.075394 0.039166
0.07546 0.10184
0.075899 -0.5141
0.075965 0.04872
0.076008 -0.14619
0.076206 -0.4806
0.076517 0.057088
0.076552 -0.045348
0.076756 -0.066776
0.076879 -0.4347
0.07763 -0.11263
0.077885 0.8174
0.077994 0.066228
0.078123 -0.70135
0.078179 0.043079
0.078288 -0.050299
0.078541 0.86808
0.079202 1.0367
0.0794 -0.057105
0.079534 0.039898
0.080276 0.31217
0.080411 0.35739
0.080572 -0.34276
0.080602 -0.2443
0.080625 -0.046367
0.081143 -0.38578
0.081725 0.045988
0.082274 0.90572
0.082618 -0.30122
0.083006 0.05148
0.083663 0.04063
0.084025 0.2631
0.084187 -0.051491
0.084498 -0.65977
0.084784 0.98274
0.084844 -0.047342
0.084883 0.77259
0.085039 0.55671
0.085185 -0.27268
0.085522 0.059451
0.086334 -0.063647
0.08651 0.086882
0.086608 -0.074505
0.086611 -0.05696
0.086646 0.62289
0.087025 0.51698
0.08744 0.045719
0.087778 0.12801
0.087932 -0.091003
0.087954 0.04131
0.088504 0.22676
0.088628 0.07147
0.089091 -0.048323
0.090434 0.051802
0.090489 -0.053251
0.091388 0.16308
0.092105 -0.54279
0.092244 0.041991
0.09253 -0.059193
0.09289 0.046333
0.093495 -0.049265
0.095677 0.10105
0.09594 0.058731
0.095972 -0.067137
0.096689 0.042621
0.096919 -0.054224
0.097439 0.049057
0.097871 -0.0502
0.098353 -0.10664
0.098424 -0.07895
0.098698 -0.059861
0.10067 0.067891
0.10113 0.043251
0.10142 0.081471
0.10201 0.052874
0.1024 -0.12881
0.10242 -0.0511
0.10275 0.047746
0.10297 -0.056073
0.10373 -0.74677
0.10412 -0.071007
0.10499 -0.062672
0.10573 0.043831
0.10648 0.058604
0.10696 -0.051999
0.10727 0.049902
0.10753 -0.46624
0.10759 1.1903
0.10779 -0.056603
0.10783 -0.091486
0.10873 -0.078252
0.11032 0.093786
0.11033 0.044411
0.11047 0.69957
0.11084 0.34565
0.11091 0.4322
0.11108 0.069155
0.11166 -0.05286
0.11167 0.053313
0.11201 0.048516
0.11222 -0.19522
0.11228 -0.059232
0.11244 0.39196
0.11282 -0.50437
0.11297 -0.71129
0.11304 -0.068801
0.11332 -0.22508
0.11362 0.93477
0.11383 0.66156
0.11406 0.11201
0.11407 0.84728
0.11409 0.2816
0.11469 0.73791
0.11477 -0.16362
0.11484 -0.58254
0.11489 0.044921
0.1149 0.54609
0.11538 -0.68136
0.11559 0.62486
0.11564 0.88717
0.11572 -0.40626
0.11589 0.81868
0.11614 0.050304
0.11637 -0.053721
0.1165 0.58811
0.11654 0.05824
0.11688 -0.8881
0.11695 -0.11039
0.11718 0.47235
0.11721 1.0616
0.11758 0.080762
0.11779 0.7888
0.1189 -0.27152
0.1191 -0.44014
0.11931 -0.36558
0.11947 -0.080099
0.11983 0.045473
0.11985 -0.060752
0.11994 0.24435
0.12017 -1.4136
0.1202 0.19531
0.12026 -0.32145
0.12059 -0.054437
0.12111 1.0155
0.12151 0.051384
0.12159 -0.63662
0.122 -0.06954
0.12336 0.06766
0.12436 0.094634
0.12461 0.14361
0.12518 -0.094538
0.1253 0.057024
0.12552 -6.2378
0.12555 0.51657
0.12607 -0.055366
0.1276 0.97558
0.12772 -0.54189
0.12876 -0.064163
0.12951 -0.074023
0.12963 0.046437
0.13034 -0.083808
0.13042 0.31426
0.13052 -0.13122
0.13466 0.079983
0.13469 9.1364
0.13481 0.060522
0.13609 -0.056935
0.13638 -0.1088
0.13762 -0.078902
0.13921 -0.068342
0.13973 0.047303
0.14084 0.10664
0.14091 -0.090865
0.14163 0.69915
0.14393 -1.5724
0.14401 0.43153
0.14487 0.62654
0.14529 0.057033
0.1454 0.068068
0.14556 0.86414
0.14578 -0.42633
0.14599 -0.67
0.14641 -0.058428
0.14651 -0.2391
0.147 -0.07809
0.1478 -0.19952
0.14788 0.35419
0.14862 -1.7668
0.1493 -0.06776
0.15013 0.048073
0.15202 -0.10285
0.15216 -0.71589
0.15227 -0.46711
0.15311 -1.2642
0.15351 -0.12178
0.15357 0.82136
0.15378 1.7634
0.15443 0.50267
0.15485 -0.39155
0.15519 0.2739
0.15571 0.08127
0.15581 1.5654
0.15616 0.061318
0.1562 0.22586
0.15636 1.3905
0.15642 0.16786
0.15647 1.2713
0.15648 0.19598
0.15655 0.76962
0.15676 -0.30165
0.15689 -0.074062
0.15703 -0.059845
0.15719 1.1078
0.15725 0.54872
0.15749 -0.51827
0.15771 -0.088505
0.15844 -0.79594
0.15844 1.0426
0.15874 -0.15307
0.15906 0.59366
0.15908 -0.60626
0.15908 0.73136
0.1595 0.95149
0.15971 0.90275
0.16005 -0.5622
0.16026 -0.64231
0.16032 0.99558
0.16082 0.048745
0.16105 -0.26672
0.16132 0.13203
0.16307 0.66376
0.16351 -0.34622
0.1645 0.39478
0.16476 -0.079795
0.16575 -0.070392
0.16678 0.057453
0.16774 0.468
0.16795 -0.061185
0.16861 0.068632
0.16956 0.10197
0.17001 -0.10547
0.17181 0.04932
0.17228 -0.087819
0.17238 -0.077585
0.17303 0.31912
0.17366 -1.096
0.17393 0.08229
0.17455 -0.12782
0.17529 -0.070152
0.17644 0.059152
0.17918 -0.062449
0.18107 -0.97033
0.18151 -0.67205
0.18193 -0.42587
0.18217 0.070634
0.18234 0.70185
0.1824 -0.079699
0.18263 0.8612
0.1831 0.049798
0.18424 -0.070026
0.18555 -0.09441
0.18613 0.059271
0.18614 0.43149
0.18636 0.15226
0.187 0.58117
0.18882 -0.31743
0.1907 -0.063635
0.19122 -0.2842
0.19125 -0.23675
0.19128 0.12118
0.19296 0.19377
0.19306 -0.073474
0.19335 0.24505
0.19337 -0.084081
0.19341 0.08843
0.19372 -0.11429
0.19395 -0.1826
0.19396 0.066895
0.19427 -0.49673
0.19435 0.79157
0.19443 0.62384
0.1945 -0.63239
0.19468 0.050177
0.19529 -0.14373
0.1954 0.36112
0.19724 -0.53883
0.19741 -0.7466
0.19774 1.0178
0.19783 0.97286
0.19831 1.0635
0.19861 0.92957
0.19907 0.74512
0.19922 -0.4596
0.19974 0.82866
0.19978 -0.70472
0.20024 0.5092
0.20069 0.5529
0.20094 -0.094428
0.20103 0.66921
0.20104 0.28817
0.20206 0.40042
0.2021 -0.38223
0.20253 -0.064744
0.20258 0.89194
0.20285 -0.34331
0.20295 0.060725
0.20344 -0.58641
0.20449 -0.078458
0.20469 0.072729
0.20523 0.4634
0.20569 1.1906
0.20655 0.050459
0.21059 0.32487
0.21312 0.10839
0.21352 -0.077781
0.21362 -0.088497
0.21409 -0.10587
0.21447 0.063867
0.21465 -0.065775
0.21483 -0.12704
0.21781 0.083751
0.21872 0.050642
0.22006 -0.27077
0.22175 -0.079003
0.22269 -0.88052
0.22292 0.58428
0.224 0.14482
0.22505 0.059361
0.22531 0.22545
0.22556 0.069819
0.22643 0.77445
0.22648 -0.094202
0.22707 -0.066728
0.22773 -0.51616
0.22896 0.70195
0.22934 -0.6212
0.23007 -0.31242
0.23077 0.38598
0.23117 0.050726
0.23186 0.26219
0.23196 -0.35424
0.23216 -0.47963
0.23264 -0.66839
0.2328 0.81025
0.23363 -0.080444
0.23389 -0.24364
0.23431 -0.20671
0.23446 -0.11593
0.23503 0.8587
0.23503 -0.42978
0.23546 0.062921
0.2355 -0.15471
0.23566 0.079047
0.23568 -0.72421
0.2357 0.99463
0.23572 0.65502
0.23577 0.43034
0.23589 0.95085
0.23642 0.54691
0.23667 1.0412
0.23679 0.90805
0.23715 0.47862
0.23765 0.10433
0.23957 0.35022
0.23979 -0.067602
0.24108 0.61707
0.24117 -0.09461
0.24142 -0.55369
0.24223 1.1048
0.24262 -0.59239
0.24328 0.19224
0.24336 0.513
0.24392 0.05071
0.24433 0.061046
0.24434 0.30528
0.24436 -0.38469
0.2446 0.070036
0.245 0.7447
0.24514 -0.78701
0.24539 -0.080078
0.25279 -0.068396
0.25321 -0.079285
0.25341 0.063386
0.25353 -0.089565
0.25375 0.082003
0.25395 -0.10632
0.2541 1.2969
0.25441 0.12775
0.25449 -0.12745
0.25467 -0.27334
0.25695 0.050596
0.26113 -0.080614
0.26277 0.78172
0.26415 0.059454
0.26456 0.070314
0.26486 0.10414
0.26521 0.23427
0.26571 -0.46608
0.26589 0.273
0.26609 -0.069111
0.26613 -0.09488
0.26698 -0.70108
0.26717 0.46131
0.26763 0.71704
0.26934 -0.5808
0.26935 -0.23568
0.27027 0.050381
0.27119 0.68084
0.27237 0.15753
0.27237 0.49492
0.27259 -0.51078
0.27309 0.97241
0.2732 -0.081894
0.27339 1.0154
0.27367 0.92988
0.27388 -0.30471
0.27389 -0.62308
0.274 -0.11472
0.27415 0.88813
0.27415 0.53418
0.27458 1.0581
0.27471 0.85736
0.27509 -0.73864
0.2751 -0.14429
0.2755 0.58444
0.27577 0.63714
0.27587 0.063393
0.27608 0.08269
0.27616 -0.35119
0.27638 -0.40235
0.27661 0.38872
0.27698 0.82461
0.27802 -0.43804
0.2785 0.1254
0.27873 -0.5522
0.27964 -0.67009
0.27968 -0.069746
0.27988 0.33716
0.28052 0.19723
0.28089 -0.095171
0.28097 0.4333
0.28112 -0.18789
0.28367 0.30003
0.28386 0.050067
0.28414 -2.7934
0.28484 0.74889
0.28525 0.060467
0.28541 -0.081451
0.28827 0.070222
0.28935 0.1042
0.29355 -0.070301
0.29356 -0.08053
0.29359 -0.090533
0.29377 -0.10651
0.294 -0.12681
0.29404 0.059686
0.29565 -0.2719
0.29656 0.084244
0.29774 0.049653
0.29852 -2.2594
0.30013 -1.4254
0.30178 -0.081848
0.30188 0.51224
0.30202 0.069605
0.30242 2.7973
0.30257 -1.6638
0.30404 -1.913
0.30476 0.22232
0.30538 2.2597
0.30538 -0.42489
0.30546 0.26527
0.30608 -0.54053
0.30628 0.058319
0.30641 -0.095688
0.30677 -0.57971
0.30743 0.71127
0.3077 -0.070776
0.30776 0.13111
0.30862 0.78739
0.30927 0.99387
0.30954 0.46993
0.30964 1.912
0.31053 0.95206
0.31065 -0.46735
0.31092 1.0369
0.31095 0.66529
0.31142 0.09895
0.31149 1.666
0.31155 0.90939
0.31158 -0.3128
0.31189 0.049139
0.31198 1.0913
0.31222 -0.15109
0.31232 1.4517
0.31241 1.1817
0.31251 -0.70649
0.31264 0.079453
0.31271 -0.65512
0.31322 -0.23037
0.31329 -0.77
0.31335 0.8596
0.3136 0.82271
0.31405 -0.082836
0.31426 -0.11602
0.31442 -0.85122
0.31475 0.065765
0.31523 0.42079
0.31555 0.39062
0.3156 -1.1975
0.31585 0.36068
0.31661 0.55026
0.31709 0.58515
0.31747 0.056178
0.31791 -0.61843
0.31791 -0.51142
0.318 0.18042
0.31838 -0.99485
0.31887 -0.38896
0.31978 0.74927
0.32001 0.62008
0.32078 0.3149
0.3212 -0.095482
0.3216 -0.34931
0.32214 -0.071171
0.32415 0.071804
0.32534 -0.081677
0.32631 0.048527
0.32752 0.059401
0.32798 -0.19065
0.32813 0.085638
0.32949 -0.071328
0.3336 -0.079094
0.33361 -0.089732
0.33366 0.048171
0.33395 0.10828
0.3341 -0.10597
0.33516 0.51141
0.33666 0.069635
0.33684 -0.071486
0.33881 -0.12899
0.33934 -0.4294
0.33962 0.055824
0.341 0.047815
0.34144 0.97457
0.34255 -0.080488
0.34365 -0.67426
0.34432 -0.071603
0.34472 0.89254
0.34517 0.65262
0.34549 -0.094393
0.3469 1.0129
0.34691 0.27991
0.34823 0.68864
0.34848 0.04741
0.34853 -0.63929
0.3486 1.0564
0.34896 0.72907
0.3492 0.084084
0.34943 0.14105
0.34963 -0.59789
0.34989 -0.54614
0.34998 0.76944
0.35012 0.34619
0.35051 -0.49714
0.35054 0.061162
0.35056 -0.27392
0.35089 -0.3265
0.35119 -0.73943
0.35122 0.48109
0.35181 -0.071721
0.35188 0.444
0.35202 0.2298
0.35214 -0.084196
0.35222 -0.10993
0.35281 0.81856
0.3537 -0.36594
0.35421 0.93433
0.35453 -0.22101
0.35476 0.39167
0.35491 -0.16096
0.35521 -0.46139
0.35582 0.54221
0.35595 0.047005
0.35664 0.58528
0.35764 -0.70242
0.35797 0.86209
0.35803 0.108
0.3586 -0.19111
0.35864 0.18156
0.35882 0.62631
0.35889 -0.40022
0.35904 -0.094354
0.35942 -0.071799
0.36035 0.055812
0.36183 -0.080563
0.3633 0.0684
0.36356 0.046552
0.36507 0.31301
0.36573 -0.12838
0.36704 -0.071877
0.36916 0.05601
0.3704 -0.10592
0.37096 1.297
0.37116 0.046098
0.37149 -0.079221
0.37157 -0.089665
0.37341 0.087283
0.37394 0.51042
0.37478 -0.071915
0.37693 0.066172
0.37869 0.053117
0.37889 0.045597
0.37984 -0.62242
0.38011 0.74774
0.38031 -0.34692
0.38068 -0.5163
0.38175 -0.08069
0.38227 -0.78901
0.38229 1.1032
0.38253 -0.071954
0.38323 0.11896
0.38369 0.98157
0.38439 -0.09577
0.38587 -0.43284
0.38591 0.15769
0.38646 -0.24016
0.38659 1.0366
0.38661 0.045095
0.38666 0.89416
0.38675 0.4723
0.38703 0.61772
0.38726 0.71102
0.3875 0.074402
0.38771 -0.6688
0.38816 -0.31237
0.38828 -0.48066
0.38865 0.78224
0.38908 0.65934
0.38925 -0.14675
0.38927 -0.11622
0.38941 0.058123
0.39039 -0.071954
0.39114 -0.72408
0.39162 0.19708
0.39239 0.84986
0.39248 0.27635
0.3929 0.31236
0.39315 -0.19268
0.39331 -0.58282
0.39342 -0.54407
0.3937 0.42988
0.3939 -0.38279
0.39446 0.044546
0.39453 0.34816
0.39527 6.6027
0.39558 0.091227
0.39677 0.54972
0.3972 -0.082887
0.39774 0.81565
0.39775 -0.098946
0.39821 0.23333
0.39826 -0.071953
0.39948 0.05425
0.39961 -8.3271
0.40007 0.93746
0.40146 0.5897
0.40223 0.39218
0.40231 0.043997
0.40233 0.069655
0.40371 -0.27489
0.40513 -0.88336
0.40624 -0.071914
0.40843 -0.12844
0.40884 0.13686
0.40915 0.055178
0.40931 -0.09144
0.40933 -0.080082
0.40947 -0.10828
0.41027 0.043401
0.41146 0.11055
0.41367 -0.34476
0.41423 -0.071876
0.41508 0.50614
0.41613 0.087108
0.41768 -0.62513
0.41823 0.042805
0.4196 1.1904
0.41962 -0.081377
0.41977 0.06796
0.42034 0.31161
0.42109 0.052058
0.42159 -0.51574
0.4221 -0.096865
0.42233 -0.071799
0.42275 0.74802
0.42355 -0.556
0.42461 -0.69955
0.42473 0.16882
0.4253 -0.15152
0.42545 0.62383
0.42631 0.042164
0.42712 1.0594
0.42755 0.6588
0.42773 0.96601
0.42777 0.93831
0.42778 1.0106
0.42793 0.21146
0.42812 0.91132
0.42827 -0.11716
0.42842 0.79479
0.4285 0.87264
0.42873 0.83363
0.42881 -0.30926
0.42921 -0.23635
0.42974 -0.085524
0.43032 0.10217
0.43043 -0.071722
0.43054 0.24929
0.43097 -0.41229
0.43205 0.050477
0.43218 0.46274
0.43247 0.062413
0.43331 -0.3748
0.4336 0.69424
0.43424 -0.46263
0.43438 0.041522
0.43447 0.28307
0.43483 0.41576
0.43535 0.3748
0.43568 0.53714
0.43642 -0.0967
0.43683 0.33959
0.43754 -0.74419
0.43779 -0.66306
0.43793 0.12874
0.43832 -0.58837
0.43851 0.081682
0.43864 -0.071608
0.43911 0.57651
0.43929 0.04768
0.44007 -0.081121
0.44084 -0.27561
0.44092 0.055943
0.44256 0.040835
0.44364 0.066304
0.44412 -0.1912
0.44685 -0.071493
0.44697 0.048753
0.44762 -0.12967
0.44867 -0.108
0.44902 -0.090631
0.4493 0.10476
0.44966 -0.97264
0.44972 -0.0794
0.45069 -1.4356
0.45074 0.040149
0.45215 0.058601
0.45367 -1.5703
0.45417 -0.34335
0.45505 0.93868
0.45516 -0.071342
0.45532 0.072337
0.45561 0.04818
0.45565 0.19163
0.45801 -0.08203
0.45871 -1.7644
0.45901 0.039419
0.45994 0.81509
0.46115 0.0548
0.46151 -0.096145
0.46212 0.26645
0.46224 -1.3044
0.46268 -0.80834
0.46274 0.063189
0.46328 0.090426
0.46347 -0.071191
0.46377 -0.50057
0.46396 0.65598
0.46449 0.047194
0.46474 0.47052
0.46486 0.85135
0.46536 0.15812
0.46583 -0.43059
0.46605 0.54758
0.46611 0.50573
0.46682 -0.55019
0.46686 -0.22155
0.4669 -0.15311
0.46697 -0.58803
0.46714 0.35447
0.46731 0.038688
0.46732 -0.62541
0.46766 -0.6973
0.46775 -0.66186
0.46786 1.7642
0.46817 1.566
0.46827 0.22805
0.46837 0.72905
0.4684 -0.082885
0.46855 1.3911
0.46874 0.43981
0.46881 1.2717
0.46881 0.30938
0.46895 1.1067
0.46897 -0.11705
0.46932 1.0385
0.46984 -0.25644
0.46991 0.8968
0.47033 0.61086
0.4715 0.98248
0.47156 0.056026
0.47188 -0.071004
0.47219 0.77633
0.47274 -0.38759
0.47283 0.045775
0.47297 -0.30048
0.47367 0.072515
0.47499 0.11989
0.47502 0.6931
0.4757 0.037913
0.47606 -0.095474
0.47731 0.39499
0.47866 0.57563
0.47904 -0.081147
0.48029 -0.070817
0.48306 0.06076
0.48348 -0.46532
0.48391 0.046979
0.48406 0.037141
0.48457 -0.19112
0.48524 -1.1057
0.48831 0.091764
0.48877 -0.089068
0.48878 -0.077429
0.4888 -0.070595
0.48931 -0.10604
0.4916 0.19055
0.49253 0.036327
0.49279 0.071803
0.4932 -0.12986
0.49499 0.46939
0.49528 -0.58917
0.49539 0.056086
0.4957 0.93828
0.49573 -0.74582
0.49658 0.044579
0.4973 -0.070373
0.49765 -0.66302
0.49853 -0.080379
0.50016 0.86629
0.50087 -0.27193
0.501 0.035512
0.50118 0.26371
0.50142 -0.093621
0.50182 0.74687
0.50229 0.82241
0.50256 -0.34272
0.50531 -0.15985
0.50547 0.71264
0.50589 -0.070117
0.50589 -0.88761
0.5062 0.15249
0.50641 0.63509
0.50656 0.67458
0.50706 0.064294
0.50752 0.43179
0.50786 -0.11043
0.50808 -0.4247
0.5081 0.22283
0.50829 0.54635
0.5084 -0.23156
0.50913 -0.081398
0.50914 0.5942
0.50955 0.034657
0.50979 0.047385
0.51029 1.0141
0.51035 1.061
0.51056 0.08243
0.51112 -0.70001
0.51178 0.50198
0.51198 -0.55634
0.51289 -0.50908
0.51289 0.35235
0.51347 -0.30235
0.51412 0.97297
0.51437 -0.38344
0.51447 -0.069861
0.51538 -0.093754
0.51544 0.11226
0.51569 0.39625
0.51614 -0.62563
0.51634 0.30399
0.51668 0.90055
0.51704 -4.1518
0.51809 0.033802
0.51829 1.1911
0.51874 -0.19108
0.5194 -0.46394
0.51946 -0.080351
0.52149 0.77742
0.52153 -0.13172
0.52314 -0.069571
0.52495 0.063969
0.52589 0.045006
0.52672 0.032909
0.52682 -0.10684
0.52784 -0.077781
0.52785 -0.0892
0.5318 -0.069281
0.53489 0.087168
0.53527 -0.58771
0.53534 0.032016
0.5365 0.039313
0.53672 -0.080389
0.5375 0.69564
0.53783 0.23933
0.53899 -0.27107
0.5393 0.051697
0.53963 0.61651
0.54029 -0.36065
0.54053 -0.06896
0.54067 -0.095891
0.542 0.73559
0.5433 0.54765
0.54333 0.38424
0.54382 -0.23898
0.54383 0.19251
0.54401 0.41955
0.54403 0.031086
0.54489 0.46859
0.54507 0.51824
0.54546 -0.72633
0.54571 0.1411
0.5465 -0.20983
0.5467 0.93988
0.54671 0.27641
0.54699 -0.47965
0.54703 0.86195
0.54709 0.90085
0.54715 0.99199
0.54718 0.067752
0.54736 0.040745
0.54756 0.10942
0.54781 -0.66785
0.54819 -0.11942
0.54822 -0.79852
0.54855 -0.16314
0.54912 0.65648
0.54927 -0.068638
0.54929 1.0391
0.5494 -0.54781
0.54969 -0.32021
0.54984 0.57858
0.55006 -0.44319
0.5505 -0.98157
0.55105 0.80914
0.55105 -0.080792
0.55129 -0.39864
0.55262 0.31896
0.55272 0.030156
0.55379 0.05186
0.55387 -0.62112
0.55488 -0.098435
0.55559 1.1041
0.55768 0.039457
0.55806 -0.068285
0.5594 0.77169
0.56146 0.02919
0.56191 -0.5095
0.5626 0.35786
0.56318 -0.07665
0.56452 0.087085
0.5654 0.062759
0.56546 -0.088741
0.56547 -3.3323
0.56574 0.047074
0.56588 0.036579
0.56665 1.2983
0.56685 -0.067932
0.56913 -0.1069
0.57021 0.028225
0.574 0.038483
0.57411 0.43637
0.57431 0.5447
0.57475 -0.07706
0.57562 -0.28589
0.57569 -0.067549
0.57655 -0.1322
0.577 0.1191
0.57754 0.051746
0.57791 0.90231
0.57828 -0.19613
0.57889 0.39829
0.57889 0.97343
0.579 0.027226
0.5797 0.69824
0.58018 -0.092112
0.5805 -0.36096
0.58066 -0.24115
0.58138 0.61692
0.58303 0.83118
0.58319 0.069259
0.58383 0.1579
0.58429 0.039051
0.58454 -0.067166
0.5848 1.0123
0.58499 -0.42394
0.58512 -0.58771
0.58525 -0.39355
0.5854 0.24054
0.58541 0.50567
0.58542 -0.74725
0.58557 -0.63827
0.58587 -0.70103
0.58606 -0.66872
0.58701 0.2922
0.58766 -0.078689
0.5878 0.026228
0.58815 0.74615
0.58853 -0.47217
0.58869 1.0561
0.58879 -0.53754
0.5897 -0.10923
0.59083 -0.50655
0.59105 0.19561
0.59109 0.33258
0.59121 0.65714
0.59137 0.57646
0.59193 0.052397
0.59342 -0.066755
0.5936 -1.4481
0.59414 -0.16418
0.59481 0.7918
0.59497 0.46556
0.59499 -0.091088
0.59529 0.037531
0.59592 0.092175
0.596 -0.31818
0.59629 0.94095
0.59663 0.025197
0.59754 0.3667
0.59845 -0.077312
0.59876 0.86612
0.60033 -2.4374
0.6023 -0.066343
0.60344 0.067936
0.60385 0.033825
0.60546 0.024167
0.6067 -0.074427
0.60684 -0.085528
0.60758 0.04782
0.60777 -0.10233
0.60847 0.42927
0.61037 -0.12937
0.61113 -1.6796
0.61122 -0.065904
0.61244 -2.0014
0.61291 2.4362
0.61354 -0.28011
0.61392 0.034321
0.61433 0.023108
0.61456 3.3418
0.61491 -0.076636
0.61647 -0.62167
0.61688 -0.43825
0.61737 -0.88783
0.61857 0.061581
0.61861 -0.20296
0.61873 0.98234
0.6188 -0.090013
0.61907 0.31229
0.61978 -0.34819
0.61978 2.0001
0.62013 -0.065466
0.62169 0.39363
0.62179 -0.39337
0.62205 0.17418
0.62218 -0.51135
0.62258 4.1868
0.62262 0.12563
0.6227 0.21327
0.62277 0.63672
0.62313 -0.78624
0.62319 0.022048
0.62325 1.6807
0.62366 0.67705
0.62389 -0.55649
0.62399 0.83084
0.62428 -0.66743
0.62429 0.08304
0.62459 0.59573
0.62461 1.4547
0.6247 0.24182
0.62475 -1.2422
0.62482 -0.72451
0.62499 -0.077258
0.62509 0.71972
0.62535 0.90605
0.62575 0.54359
0.62576 1.1842
0.62612 0.046418
0.62629 0.030307
0.62632 1.0325
0.62655 -0.10694
0.62691 0.49252
0.62749 -0.59225
0.62762 -0.24477
0.62815 1.0908
0.62862 0.76192
0.62906 -0.065001
0.62911 0.27455
0.63004 0.45726
0.63197 0.351
0.63203 0.94532
0.63206 0.020961
0.63222 -0.08951
0.63243 -0.16164
0.63265 0.79615
0.63289 0.062875
0.63498 -0.075778
0.63555 -0.46986
0.63611 0.86773
0.63633 0.027525
0.63639 -0.31462
0.638 -0.064536
0.63805 0.036772
0.64094 0.019874
0.643 -0.072761
0.64363 -0.084126
0.64447 -0.10091
0.64503 0.02804
0.64593 0.050761
0.64613 -0.12727
0.64693 -0.064046
0.64771 0.097622
0.64857 0.42709
0.64886 0.072864
0.649 0.036926
0.64983 0.018762
0.65138 -0.075072
0.65179 0.1956
0.65345 0.96819
0.65352 -0.43245
0.65503 0.61892
0.65537 0.31376
0.65541 0.02804
0.65575 -0.57666
0.65576 -0.088886
0.65587 -0.063556
0.65639 -0.18813
0.65787 -0.49843
0.65822 -0.70155
0.65848 0.81564
0.65853 -0.61947
0.65871 0.01765
0.65921 0.65523
0.65962 0.51007
0.66004 0.15959
0.6607 1.0038
0.66073 -0.22467
0.66117 0.69564
0.6612 0.040315
0.66214 -0.075694
0.66221 0.38863
0.66252 0.23674
0.66267 -0.10631
0.66414 -0.27618
0.6642 -0.35266
0.66476 0.78316
0.66481 -0.063043
0.66542 -0.5375
0.66595 0.84824
0.66608 0.058643
0.66643 -0.31461
0.66705 -0.3979
0.6671 0.46966
0.66759 0.016515
0.66764 0.88867
0.66846 0.93363
0.66886 0.026297
0.66936 -0.74598
0.66936 -0.15711
0.66939 0.12119
0.66957 0.7404
0.6697 0.28039
0.67024 -0.089166
0.67032 0.58254
0.67361 0.54075
0.67374 -0.06253
0.67428 1.0514
0.67476 -0.073336
0.67525 -0.46673
0.67532 0.084997
0.67541 -1.0465
0.67646 0.01538
0.67654 0.3503
0.6767 -0.66647
0.67736 -0.12621
0.68082 0.024404
0.68202 0.040661
0.68215 -0.10311
0.68265 -0.061996
0.68357 1.2992
0.68397 -0.085879
0.68532 0.014225
0.68565 0.062243
0.68579 -0.074135
0.68691 0.97404
0.68819 0.19335
0.68991 -0.81183
0.69157 -0.061461
0.69177 0.024852
0.69316 -0.50285
0.69336 -0.068698
0.69411 0.62911
0.69417 0.01307
0.69462 -0.079996
0.69474 0.67366
0.69516 0.70964
0.69556 -0.70614
0.69561 -0.24118
0.69568 1.1139
0.69615 -0.38314
0.69636 -0.094262
0.69733 -0.5799
0.69781 0.38238
0.69846 0.77254
0.69903 -0.31574
0.6993 0.42595
0.69968 0.052026
0.69988 0.26555
0.70045 -0.060907
0.70154 -0.19331
0.70161 -0.14652
0.7017 0.81743
0.70243 -0.11496
0.7026 0.46624
0.70272 0.035883
0.70286 0.86726
0.70299 0.011897
0.70369 1.012
0.70381 -0.42717
0.70407 0.10743
0.70437 -0.084454
0.70442 -0.071981
0.70481 0.14963
0.70526 0.31158
0.70533 0.50673
0.70545 0.020563
0.7056 0.90946
0.70638 0.073617
0.70665 -0.35319
0.70674 0.9456
0.70758 0.55749
0.70797 -0.53658
0.70933 -0.060352
0.71012 -0.47194
0.71116 0.35439
0.71127 -0.095593
0.71131 -0.63314
0.71177 0.59466
0.71181 0.010725
0.71236 8.4266
0.71272 0.22989
0.71304 -0.27471
0.7134 -0.67322
0.71415 -0.068738
0.71498 -0.080437
0.71571 0.73971
0.71684 0.017706
0.71784 0.02876
0.71816 -0.059779
0.71986 0.048696
0.72058 0.0095368
0.72335 -0.12943
0.7235 -0.74757
0.72396 -0.080484
0.72401 -0.07099
0.72457 -0.090519
0.72535 -0.10784
0.72543 0.65713
0.72585 0.97686
0.727 -0.059206
0.72828 -0.90115
0.72835 0.01741
0.72872 0.090945
0.72936 0.008349
0.73087 1.0547
0.7318 0.068252
0.73249 1.194
0.73264 -0.70214
0.73285 -0.080999
0.73306 0.69719
0.73375 0.18874
0.7342 0.031904
0.73535 -0.30274
0.73555 0.8503
0.73577 -0.058616
0.73601 -0.15636
0.7362 -0.38124
0.7374 0.3432
0.73741 -0.067803
0.73751 -0.45806
0.73805 0.42419
0.73806 -0.33616
0.73806 0.007149
0.73833 -0.23748
0.7384 0.62328
0.7384 0.46174
0.73874 0.15552
0.73957 -0.095766
0.73968 0.38576
0.7398 0.53995
0.73995 0.7797
0.74101 -0.5995
0.74137 -0.5567
0.74181 0.017683
0.74206 -0.50363
0.74245 0.88783
0.74254 0.12212
0.74297 1.0111
0.74454 -0.058027
0.74544 0.26986
0.74545 0.93637
0.74552 -0.63036
0.74677 0.005949
0.74685 -0.080138
0.74715 0.050018
0.74734 0.3141
0.74832 0.22562
0.74848 0.82032
0.74866 0.58059
0.74918 -0.2756
0.75066 0.028565
0.75074 -0.6642
0.75119 -0.06614
0.75149 -0.12014
0.75297 0.014929
0.75323 -0.057422
0.7541 -0.19353
0.75518 -0.42484
0.7554 0.0047399
0.75593 0.50682
0.75653 0.73668
0.75699 -0.094317
0.75704 0.081834
0.76078 0.011282
0.76191 -0.056818
0.76261 0.66108
0.76333 0.020771
0.76364 -0.075414
0.76402 0.0035307
0.76482 0.035828
0.76649 -0.10566
0.76793 -1.194
0.76796 0.9805
0.76848 -1.5605
0.76859 0.010887
0.76948 -1.3554
0.77029 0.20109
0.77049 -1.7656
0.77051 -0.0562
0.77109 -0.35333
0.77253 0.054811
0.77255 0.0023156
0.77264 0.017494
0.77293 0.16159
0.77293 0.02597
0.77336 -0.064004
0.7738 -0.4639
0.77385 -0.58058
0.77446 0.3024
0.77561 -0.71833
0.77565 -0.22404
0.77584 0.42327
0.77703 -0.091223
0.77752 -0.80283
0.77766 0.010076
0.77787 1.7658
0.77807 0.76626
0.77816 -0.30736
0.77836 -0.074714
0.77857 0.70101
0.77863 -0.25856
0.77881 0.346
0.77886 -0.62266
0.77908 0.38531
0.7791 -0.055583
0.78024 1.567
0.78108 0.0011004
0.7811 0.019633
0.78121 1.3925
0.7815 1.274
0.78173 0.80246
0.78212 -0.11495
0.78226 0.23604
0.78231 0.90744
0.78251 1.1086
0.78254 -0.38972
0.7828 0.582
0.78294 0.54606
0.78295 0.85457
0.78301 0.034199
0.7841 -0.15383
0.78451 0.61795
0.78564 1.0307
0.78626 -0.53974
0.78665 -0.064082
0.78674 0.51133
0.78702 0.075041
0.78704 -0.49802
0.78713 0.94678
0.78757 -0.054955
0.78787 -0.97763
0.78868 0.0089876
0.78949 -0.00011743
0.78956 0.47642
0.79056 0.1116
0.79131 -0.19618
0.79135 0.020808
0.79174 -0.078331
0.79308 0.2731
0.79527 0.73624
0.79605 -0.054327
0.79658 -0.66745
0.79706 0.051689
0.79712 -0.42905
0.7979 -0.0013353
0.79835 -0.095922
0.80027 -0.06517
0.80158 0.029913
0.80221 0.011479
0.80439 -0.05369
0.80618 -0.0025522
0.80761 0.30887
0.80828 -0.078079
0.80988 0.19931
0.81067 -0.27437
0.81105 0.66701
0.81114 -0.11951
0.81273 -0.053054
0.81426 -0.062342
0.81438 0.70631
0.81446 -0.0037692
0.8146 0.0047195
0.81501 -0.51221
0.81525 0.019371
0.81652 0.89012
0.81684 0.58119
0.81774 -0.2308
0.81799 0.77188
0.81851 -0.70036
0.81868 -0.39702
0.81879 0.515
0.81904 0.07506
0.81908 -0.3513
0.81941 -0.092823
0.81953 -0.63363
0.81978 0.54815
0.82017 0.15222
0.82022 0.040596
0.82037 0.92852
0.82045 0.98093
0.82092 -0.052411
0.82115 -0.58507
0.82197 0.24491
0.82198 0.38624
0.82217 0.8185
0.82249 -0.30522
0.82258 -0.0049816
0.82307 1.0202
0.82315 0.34044
0.82315 -0.181
0.82321 -0.14731
0.8233 -0.47059
0.82332 0.44089
0.82465 -0.54159
0.82513 -0.07366
0.82698 0.007092
0.82767 -0.059505
0.82773 0.28005
0.8283 0.022447
0.82885 0.4784
0.82911 -0.051768
0.82948 0.73382
0.82993 -0.74572
0.83013 -0.88806
0.8307 -0.006194
0.83095 1.1941
0.83109 0.62394
0.83298 -0.42676
0.83356 -0.10602
0.83399 1.0582
0.8353 0.85845
0.83627 0.11305
0.83672 -0.66701
0.83712 -0.051122
0.83838 -0.12683
0.83841 0.00046145
0.83865 -0.0073977
0.83929 0.013564
0.83951 -0.064151
0.84068 0.031484
0.84075 0.053476
0.84116 -0.085142
0.84409 -1.0786
0.84514 -0.050475
0.84641 0.18082
0.8466 -0.0086015
0.84728 0.30936
0.84842 0.0026491
0.84935 0.65661
0.84959 -0.059155
0.8505 -0.070211
0.85241 -0.51416
0.85255 -0.31718
0.85272 -0.55292
0.85272 -0.23578
0.85289 0.017692
0.85295 -0.049828
0.85358 0.94631
0.854 0.21822
0.85435 -0.0097924
0.85481 -0.27229
0.8555 0.59394
0.85558 0.69976
0.85601 -0.70368
0.85614 1.0163
0.85711 0.45985
0.85717 -0.10853
0.85722 -0.20283
0.85797 0.82947
0.85919 0.54961
0.85928 0.0024623
0.85946 0.79374
0.85975 -0.061616
0.86002 0.34793
0.86019 0.75035
0.86077 -0.049181
0.86104 0.49765
0.86169 -0.15176
0.86175 0.03987
0.86201 -0.39211
0.8621 -0.010983
0.86226 -0.080772
0.86277 0.90058
0.86323 -0.44197
0.8633 0.079165
0.8645 0.26541
0.86497 -0.34711
0.86534 0.14631
0.8656 -0.62806
0.86588 -0.47766
0.86603 -0.80753
0.86699 0.11272
0.86761 1.1148
0.86786 0.42172
0.86829 0.38273
0.86837 -0.048536
0.86839 0.015747
0.86872 -0.58177
0.86901 -0.67016
0.86952 -0.055491
0.86956 0.97899
0.86964 -0.012157
0.86991 -0.0006487
0.87016 0.62668
0.87243 0.85737
0.87254 -0.066895
0.87583 -0.094323
0.87597 -0.04789
0.87717 -0.01333
0.87857 -0.079017
0.87874 -0.0060332
0.87927 1.2988
0.87942 -0.056985
0.88173 0.0069852
0.88208 0.052952
0.883 -2.8114
0.8831 0.66229
0.88332 -0.047251
0.88361 0.1878
0.88406 -0.23296
0.88447 -0.014482
0.88518 -0.11562
0.88571 0.027904
0.88585 -0.068185
0.88632 -0.96954
0.88636 -0.74251
0.887 1.0532
0.88931 -0.056304
0.88948 -0.0043357
0.89068 -0.046611
0.89126 -0.50037
0.89176 -0.015633
0.89221 -0.42221
0.89343 -0.54351
0.89429 -0.65876
0.89485 0.94461
0.89567 -0.69447
0.89583 -0.35872
0.89626 -0.086081
0.89647 0.22885
0.89688 0.39562
0.89696 1.007
0.89748 0.77192
0.89776 0.72822
0.89788 -0.31233
0.89842 -0.065076
0.89845 -0.053845
0.89847 0.69204
0.89869 0.30955
0.89891 -0.26605
0.89896 0.0091787
0.90022 0.36082
0.9005 0.97668
0.90075 0.51742
0.90087 0.55245
0.90095 0.072701
0.90123 0.11394
0.90135 0.82274
0.90142 0.46347
0.90153 0.59088
0.90172 -0.0060566
0.90233 -0.18866
0.90273 0.6336
0.90283 -0.46079
0.90297 0.044879
0.9039 0.15681
0.90424 0.87193
0.90456 0.26554
0.90485 -0.045349
0.90562 0.025469
0.90581 -0.017881
0.90586 -0.14264
0.90587 0.90803
0.90685 0.422
0.90748 -0.63381
0.90878 -0.056153
0.90891 -0.59485
0.90958 -0.39074
0.91071 0.0013021
0.91193 -0.070345
0.91249 2.8064
0.9137 -0.11022
0.91409 -0.008938
0.91502 -2.2736
0.91845 -0.044111
0.91885 0.013008
0.91928 -0.020064
0.92052 -0.086573
0.92068 -0.00061554
0.92071 -0.058563
0.92173 0.66403
0.92291 0.056899
0.92334 0.034089
0.92623 2.2674
0.92645 -0.4246
0.92666 -0.010222
0.92709 -0.070316
0.92778 -0.051394
0.92891 -0.27747
0.92905 0.78822
0.92922 -1.9214
0.93053 -0.059619
0.93073 -1.2366
0.9314 -0.042906
0.9314 -0.66716
0.93166 -1.457
0.93193 -1.6703
0.93202 0.27989
0.93212 -0.022169
0.93214 -0.23442
0.93256 -0.16275
0.93298 1.0323
0.93334 0.0019699
0.93346 0.43249
0.93364 1.0908
0.93407 -0.10146
0.9342 1.9173
0.93429 0.70264
0.93511 -0.72012
0.93518 0.19167
0.93544 0.89165
0.93567 -0.78399
0.93573 0.97838
0.93591 0.62799
0.9364 0.14271
0.93655 0.084455
0.93656 0.24414
0.93656 1.6687
0.93699 0.11412
0.93707 1.1841
0.9373 0.92871
0.93758 1.453
0.93758 -0.88164
0.93814 0.34081
0.93855 -0.052608
0.93874 0.39116
0.93889 -8.986
0.93893 -0.065386
0.93912 -0.62575
0.93915 -0.50238
0.93989 0.74955
0.94032 0.019888
0.94046 -0.08191
0.94061 -0.011363
0.94095 0.49569
0.9413 -0.35238
0.94141 -0.19277
0.94167 -0.1288
0.94183 -0.55778
0.94249 -0.45551
0.9426 -0.39434
0.94264 0.30546
0.94274 0.54904
0.94366 -0.041743
0.9441 0.81556
0.94427 -0.024186
0.94475 0.45927
0.94479 -0.30663
0.94563 0.59335
0.94691 0.85412
0.94752 -0.59317
0.94881 -0.058678
0.94913 -0.049031
0.94914 -0.070015
0.94923 0.04754
0.95317 0.0013836
0.95395 -0.014778
0.95452 -0.10086
0.95517 -0.040629
0.95568 -0.0261
0.95841 -0.064201
0.95927 -0.051356
0.95974 -0.079592
0.96428 0.021768
0.96459 -0.0089849
0.96488 -0.019305
0.96515 0.78544
0.96588 -0.039575
0.96609 -0.23819
0.96629 -0.027898
0.96684 -0.058595
0.96705 -0.26999
0.96795 -0.068417
0.96816 0.15793
0.96856 -0.42147
0.96857 -0.38297
0.96942 -0.61324
0.97051 -0.20941
0.97067 0.61921
0.97076 -0.1649
0.97114 -0.049128
0.97115 0.31921
0.97142 0.073564
0.97147 -0.039015
0.97148 0.42916
0.97149 -0.64699
0.97163 0.6647
0.97199 -0.093996
0.97214 1.0548
0.97275 -0.023163
0.97306 0.94869
0.97329 1.0107
0.97344 0.11526
0.97357 0.71679
0.97376 0.9791
0.97461 0.22492
0.9748 0.0014504
0.97523 0.27591
0.97559 -0.014433
0.97571 -0.03859
0.97577 -0.69013
0.97603 -0.029566
0.97674 -0.077871
0.97712 -0.4651
0.97722 -0.043366
0.97756 0.47082
0.97773 0.35534
0.97774 -0.061547
0.97775 0.89921
0.97941 0.82136
0.9799 -0.11905
0.97998 -0.050587
0.98025 -0.53531
0.98041 -0.038113
0.98051 -0.024629
0.98064 -0.030363
0.98098 0.58411
0.98103 0.75373
0.9812 0.18776
0.98129 0.51093
0.98306 -0.57997
0.98339 0.017841
0.9837 0.39172
0.98461 -0.037686
0.98466 -0.044236
0.98484 -0.031089
0.9849 0.042704
0.9852 -0.49983
0.98521 -0.0085432
0.98526 -0.3562
0.98547 -0.74273
0.98566 -0.017952
0.98571 -0.31629
0.98669 0.85684
0.98774 -0.025937
0.98815 -0.037321
0.9884 -0.031709
0.98874 -0.040297
0.98956 -0.054677
0.98998 -0.092376
0.9907 -0.037058
0.99088 -0.032142
0.99097 -0.029154
0.99181 -0.02124
0.99185 -0.025889
0.99206 -0.040177
0.99206 0.54792
0.99241 -0.044878
0.99251 -0.036871
0.99267 -0.032453
0.99276 -0.01308
0.99285 -0.071695
0.99318 -0.031005
0.99326 -0.038157
0.99377 -0.028268
0.99391 -0.03647
0.994 -0.032937
0.99497 -0.030171
0.99498 -0.031903
0.99505 -0.036144
0.99506 -0.024863
0.99508 -0.037723
0.99513 -0.03335
0.99528 -0.040447
0.99609 -0.035845
0.99617 -0.033726
0.99621 -0.032763
0.99625 -0.036783
0.99639 -0.031119
0.99641 1.2978
0.99654 -0.028495
0.99681 -0.038302
0.99692 0.0012193
0.99699 -0.035587
0.99705 -0.034049
0.99711 -0.23668
0.9975 -0.032498
0.99751 -0.036923
0.99771 -0.019835
0.99775 -0.03537
0.9978 -0.03432
0.99803 -0.050267
0.99806 -0.035963
0.99811 -0.030717
0.99818 -0.033644
0.99829 -0.038019
0.99839 0.02308
0.99848 -0.035161
0.99849 -0.025527
0.9985 -0.034577
0.99862 -0.039873
0.99875 -0.036867
0.9989 -0.035846
0.99897 -0.032507
0.99899 -0.028674
0.99904 -0.043918
0.99914 -0.033818
0.99939 -0.034899
0.99972 -0.012141
0.99989 -0.03634
0.99994 -0.038096
1.0002 -0.030786
1.0006 -0.033387
1.0008 -0.035279
1.0013 -0.023243
1.0017 -0.036987
1.0017 -0.027669
1.0021 -0.059408
1.0021 -0.62019
1.0027 -0.040395
1.0027 -0.034678
1.0029 -0.031549
1.0036 -0.80921
1.0041 -0.38892
1.0042 -0.03696
1.0043 0.69696
1.0046 -0.024712
1.0048 -0.018814
1.005 0.93442
1.0057 -0.028838
1.0059 0.44662
1.0062 -0.084663
1.0063 -0.033665
1.0066 1.1034
1.007 -0.0098949
1.0073 0.24282
1.0077 -0.047836
1.008 -0.03882
1.0082 -1.0265
1.0087 -0.071071
1.0093 -0.024741
1.0094 -0.19499
1.0098 -0.030085
1.0104 -0.66062
1.0106 -0.47781
1.0111 0.11556
1.0112 0.73315
1.0113 -0.034282
1.012 0.97837
1.0122 1.0362
1.0124 0.014898
1.0124 0.07791
1.0125 -0.10603
1.0126 -0.27419
1.0128 -0.55414
1.0134 0.15475
1.0135 0.20603
1.0137 0.4119
1.014 -0.017492
1.0147 0.62258
1.0148 0.78404
1.0152 0.037417
1.0162 -0.028556
1.0163 0.83436
1.0163 -0.039363
1.0163 0.66744
1.0166 -0.060604
1.017 0.37109
1.0172 0.31845
1.0174 0.87371
1.0179 -0.14626
1.0183 -0.43627
1.0183 0.57468
1.0184 0.52228
1.0184 -0.0025093
1.0193 0.4819
1.02 -0.7035
1.0201 -0.049386
1.0204 0.27237
1.0205 0.90666
1.0214 0.54804
1.0221 -0.51499
1.024 -0.34617
1.0242 -0.30803
1.0249 -0.033233
1.0261 -0.5885
1.0266 -0.080502
1.0268 -0.042764
1.0283 -0.020095
1.0326 0.017481
1.0329 -0.88831
1.0345 -0.055362
1.0376 -0.035917
1.038 -0.0032702
1.0417 -0.74995
1.0424 0.93625
1.0442 0.7472
1.0446 1.1908
1.0453 0.65536
1.046 0.44097
1.046 0.85453
1.0462 -0.67296
1.0465 0.11269
1.0471 -0.47442
1.0474 -0.63061
1.048 0.70038
1.0481 0.18867
1.0482 -0.23273
1.0485 0.50782
1.0489 0.047639
1.0491 0.079749
1.0495 0.5908
1.0499 -0.01901
1.0504 -0.17957
1.0509 -0.14681
1.0512 0.28421
1.0517 -0.31891
1.052 0.39636
1.0522 1.0603
1.0524 -0.55278
1.0529 -0.28402
1.0535 -0.073166
1.0538 0.54786
1.0538 0.23743
1.0544 0.81856
1.0545 1.0125
1.0547 -0.1118
1.057 0.35468
1.0572 -0.38828
1.0579 0.89215
1.0589 0.47783
1.0591 -0.70555
1.0602 0.97038
1.0613 0.0089835
1.0613 -0.59133
1.0616 -0.34501
1.0617 -0.044276
1.0639 0.1534
1.0641 -0.43724
1.0642 0.62433
1.0657 0.77833
1.0672 -0.51
1.0688 0.31585
1.0733 -0.017403
1.0803 0.73895
1.0806 0.66233
1.0811 0.42025
1.0819 -0.15234
1.0819 0.85241
1.0843 -0.23121
1.0844 0.1219
1.0848 0.036742
1.0868 -0.3546
1.0868 -0.26217
1.0868 0.080725
1.0878 -0.53847
1.0882 0.54708
1.0883 -0.80872
1.0894 0.45743
1.0905 -0.57117
1.0907 -0.073106
1.091 0.5089
1.0914 -0.61247
1.0917 -0.31231
1.0926 -0.73126
1.0926 -0.19824
1.0926 0.34404
1.0928 0.27757
1.0931 -0.034915
1.0932 -1.7751
1.0933 -0.66842
1.0937 1.1071
1.0937 0.58507
1.0941 -1.5688
1.0942 1.0405
1.0948 1.5677
1.0948 1.2712
1.095 1.7694
1.0951 1.3907
1.0952 0.19114
1.0957 0.99012
1.0957 -1.3611
1.096 0.93513
1.0968 0.38257
1.0986 0.14964
1.099 -0.47
1.0997 -0.41693
1.0999 0.70063
1.1 -0.38057
1.1005 0.62979
1.1008 0.76942
1.1008 -1.1866
1.1009 0.88689
1.1011 0.80939
1.1016 0.0011761
1.1017 -0.51195
1.1017 0.23627
1.1031 -0.11792
1.1053 0.31523
1.1055 -7.8726
1.1144 -0.23424
1.1175 0.54657
1.1192 -5.3268
1.1197 0.42545
1.1217 -0.58735
1.122 0.73901
1.1223 -0.34988
1.1226 0.66117
1.1228 0.16001
1.1243 0.045841
1.1266 0.081943
1.1268 0.11966
1.1268 -0.50109
1.1272 -0.27175
1.1277 -0.91505
1.1284 -0.54259
1.1287 -0.70452
1.1288 0.85302
1.132 -0.62488
1.1326 -0.1577
1.1327 -0.12229
1.1329 -0.090324
1.1335 -0.20337
1.1341 0.51558
1.1343 0.25668
1.1343 0.21763
1.1344 1.015
1.1348 0.96859
1.1348 -0.38864
1.1349 1.0618
1.135 0.77869
1.1353 0.29668
1.136 0.93601
1.136 0.34519
1.1362 -0.038173
1.1364 -6.7205
1.1365 0.47339
1.1367 0.57666
1.1368 0.18532
1.1383 0.61628
1.1391 0.0082878
1.1397 0.39153
1.1403 0.90214
1.1411 0.81462
1.1421 -0.75182
1.1428 -0.47379
1.1435 1.1899
1.1438 -0.31175
1.1443 -0.4341
1.1454 0.70071
1.1475 -0.66694
1.1547 -0.23537
1.156 0.1567
1.1565 0.54535
1.1567 -3.4514
1.1617 -0.50538
1.1621 -0.11818
1.1626 -0.58426
1.1633 0.034977
1.1655 0.23579
1.1657 0.87039
1.1672 0.080414
1.1674 0.31321
1.1679 -0.70632
1.1693 0.12463
1.1695 0.50711
1.1697 0.74604
1.1698 0.65555
1.17 -0.39771
1.1708 -0.27441
1.171 0.83551
1.1712 -0.19361
1.1728 0.61979
1.1728 -0.077116
1.1729 0.99118
1.173 0.79445
1.1733 0.19655
1.1734 -0.35248
1.1734 0.42697
1.1737 -0.00062329
1.1738 1.0395
1.1741 0.37583
1.1741 0.94025
1.1745 -0.54079
1.1747 -0.63054
1.1758 0.58516
1.1765 -0.8171
1.1766 0.27431
1.177 0.47166
1.1783 0.34083
1.1794 1.1037
1.1798 -0.30948
1.1806 0.89878
1.1812 -0.46519
1.1831 -0.15128
1.1842 -0.42625
1.1867 -0.037476
1.1881 -0.66916
1.1887 0.70071
1.1944 1.2956
1.1982 -0.74587
1.1994 0.11397
1.1998 0.15412
1.2002 -0.60171
1.2023 0.54036
1.2041 0.45703
1.2047 -0.7025
1.2049 0.81769
1.2051 0.23284
1.2059 0.35516
1.2061 -0.32218
1.2065 -2.4721
1.2067 -0.56292
1.2072 -0.0063976
1.2073 0.62041
1.2073 0.49345
1.2084 -1.0542
1.2085 0.73319
1.209 -0.066734
1.2094 -0.23407
1.2095 0.94232
1.2096 -0.28671
1.2097 0.97152
1.2105 0.037688
1.2107 1.0139
1.2113 0.31381
1.2117 0.86475
1.2118 1.0571
1.2118 -0.11047
1.212 0.39069
1.2122 0.9138
1.2128 -0.50779
1.2128 -0.1795
1.2134 0.19316
1.2137 0.66579
1.2141 -0.47043
1.2141 -0.39166
1.2142 -0.14667
1.2147 -0.43931
1.2152 0.58019
1.2155 0.085187
1.2161 0.77453
1.2166 -0.34876
1.2173 0.27091
1.2185 -0.6378
1.2212 -0.6765
1.2235 0.42875
1.2249 -0.035155
1.2273 0.70302
1.2287 3.4607
1.2305 2.4561
1.2384 0.46671
1.2385 -0.59508
1.2405 0.1233
1.2408 0.55679
1.2415 0.000232
1.2426 0.2476
1.243 -0.26938
1.2436 0.94456
1.2443 0.17095
1.2452 0.7377
1.2455 0.21227
1.246 -0.35796
1.2462 0.31796
1.2462 -0.42215
1.2462 0.67541
1.2463 -0.66456
1.2473 0.99131
1.2475 -0.3146
1.2475 -0.14897
1.2476 -0.46311
1.2478 0.64037
1.2482 0.35485
1.2483 0.39988
1.2484 -0.068452
1.2485 -0.71194
1.2485 1.0363
1.2491 1.0907
1.25 0.51395
1.25 0.89959
1.25 -10
1.25 10
1.2502 1.1797
1.2503 -0.78771
1.2514 -0.19688
1.2514 -2.0302
1.2516 0.59547
1.2519 -0.54909
1.2523 -0.89592
1.2526 2.0151
1.2528 1.4528
1.253 0.81958
1.2539 0.28404
1.2542 1.6844
1.2563 0.075397
1.2564 -1.4695
1.2567 0.8635
1.2573 -1.6953
1.2576 -0.029753
1.2585 0.032965
1.2585 -0.10802
1.2599 0.77239
1.2605 -0.23696
1.2617 -0.63133
1.263 -1.2566
1.2631 -0.38881
1.2631 0.43366
1.2649 0.7036
1.2658 -0.50422
1.2759 0.3176
1.2775 0.19257
1.2783 0.66559
1.2787 0.4725
1.2795 0.11224
1.2802 -0.66967
1.2812 0.55666
1.2825 -0.045511
1.2838 0.59026
1.2843 -0.34725
1.2851 0.96947
1.2853 0.84958
1.2856 1.0138
1.2858 1.057
1.2865 -0.47097
1.2866 -0.31154
1.2867 0.15169
1.2867 0.92554
1.2877 -0.27383
1.2881 0.23933
1.2884 -0.17142
1.2887 -0.24029
1.2893 -0.21062
1.2893 0.88403
1.2897 0.62308
1.2903 -0.00049285
1.2907 -0.12925
1.2908 -0.42783
1.2921 -0.7488
1.2925 -0.59007
1.2929 0.78945
1.2931 0.39396
1.2932 0.34876
1.2933 0.050255
1.2937 0.28548
1.295 0.73977
1.2953 -0.08297
1.2958 0.086185
1.2963 -0.53579
1.2964 -0.70516
1.2972 -0.63671
1.2978 0.82431
1.2984 0.6949
1.2985 -0.38419
1.2989 0.43912
1.3002 0.51136
1.3026 -0.49867
1.314 0.58634
1.3154 0.31683
1.3169 -0.23558
1.3175 1.2901
1.3185 -0.041835
1.3187 1.104
1.3206 0.1902
1.3206 0.66032
1.3207 0.11902
1.3213 -0.15125
1.3214 0.47052
1.3223 0.99307
1.3226 -0.35859
1.3233 -0.98828
1.3237 1.0393
1.324 0.15414
1.3241 0.9503
1.3248 0.77245
1.3255 -0.6239
1.3262 -0.43048
1.3266 -0.31269
1.3274 0.54764
1.3276 0.90639
1.3286 0.39212
1.3287 0.85565
1.3289 0.075223
1.3293 0.80876
1.3293 -0.66981
1.3299 -0.466
1.3302 0.034369
1.3302 0.61897
1.3308 -0.19163
1.3311 -0.26731
1.3318 0.70448
1.332 0.35873
1.3331 -0.55739
1.3334 -0.39708
1.3336 -0.73035
1.3338 -0.11342
1.3339 -0.51481
1.3341 0.27351
1.3353 0.23069
1.3358 -0.07441
1.3358 0.42542
1.3362 -0.80912
1.3377 -0.59439
1.3418 -0.0052982
1.3425 0.50732
1.3428 5.4086
1.3443 0.74239
1.3474 -0.90225
1.3501 1.1859
1.3535 7.7609
1.3539 0.97381
1.3555 0.67659
1.3562 -0.42933
1.3587 0.39004
1.3611 -0.27958
1.3612 0.63929
1.3613 1.0127
1.3617 -0.15038
1.3625 0.3176
1.363 0.53886
1.3632 0.78235
1.3647 -0.045037
1.3647 0.10187
1.3649 1.0606
1.3651 0.024779
1.3652 0.15475
1.3652 0.05984
1.3655 0.58514
1.3661 0.82682
1.3663 -0.23431
1.3665 0.20612
1.3671 -0.66662
1.3674 0.85699
1.3675 0.88769
1.3679 -0.3547
1.368 -0.11815
1.3686 -0.62786
1.3687 0.93569
1.3688 -0.088561
1.3688 0.2458
1.3699 -0.53545
1.37 -0.57695
1.3702 -0.49443
1.3704 -0.70237
1.371 -0.18873
1.3711 -0.39822
1.3717 -0.30991
1.3722 0.35752
1.3726 0.46744
1.3741 0.27994
1.3742 -0.45841
1.3755 0.71018
1.3763 0.50982
1.3772 0.42104
1.3774 -0.75195
1.3791 0.7476
1.3837 -0.0039801
1.387 -1.1118
1.3902 0.66844
1.3911 0.97945
1.3985 0.080107
1.3991 0.22624
1.3992 0.77037
1.3993 -0.20332
1.3998 -1.2444
1.4001 -0.32272
1.4002 -0.42614
1.4004 -0.38536
1.4009 -0.5956
1.4013 0.49851
1.4026 0.80612
1.4027 -0.51476
1.4028 -0.16716
1.4029 0.38547
1.403 -0.033259
1.4031 -0.069017
1.4031 0.5385
1.4033 -0.67097
1.4036 0.627
1.4041 1.3915
1.4041 0.15548
1.4043 0.26032
1.4043 -0.86549
1.4048 0.33866
1.4048 0.29873
1.405 0.03782
1.4051 -0.11799
1.4057 0.90771
1.4067 -0.27794
1.4067 0.8572
1.4072 1.1154
1.4097 0.94587
1.4101 0.18945
1.4103 0.12127
1.4112 1.032
1.4116 -1.3753
1.4118 -0.55515
1.4124 0.47226
1.4128 -0.47522
1.4132 0.69704
1.4136 -0.23197
1.4142 1.5611
1.4148 -0.72396
1.4155 0.43464
1.4157 0.73608
1.4176 -0.62793
1.4178 -0.354
1.4185 1.7709
1.4203 -1.5742
1.4215 0.58491
1.4235 -0.0034409
1.4263 -1.7867
1.4287 -2.8662
1.4313 0.66338
1.4334 -0.96221
1.4347 0.77708
1.4349 0.27708
1.4356 -0.31737
1.4361 -0.79345
1.4373 0.15652
1.4379 -0.084019
1.4382 -0.59209
1.4384 0.35807
1.4389 0.46321
1.4391 -0.65657
1.4392 0.89139
1.4392 -0.15108
1.4396 0.50066
1.4399 0.97789
1.4405 -0.19531
1.4412 -0.043375
1.4418 -0.39393
1.4435 0.92909
1.4438 0.23389
1.4464 -0.4429
1.4467 0.81939
1.4468 -0.69288
1.4469 0.31565
1.448 0.078763
1.4495 -0.51401
1.4498 -0.47658
1.4511 8.9969
1.4525 0.62106
1.4526 -0.28462
1.4528 0.027352
1.4532 -0.2449
1.4533 -0.55874
1.4536 0.70471
1.4536 0.18952
1.4537 0.4374
1.4544 1.0179
1.4544 0.5865
1.4545 0.12444
1.4545 0.39859
1.4559 0.7463
1.4562 0.55134
1.4583 -0.62614
1.4584 1.2426
1.4584 -0.73525
1.4586 -0.11656
1.4588 -0.0087084
1.4591 -0.35083
1.4591 1.0629
1.4594 0.86117
1.4716 -0.87478
1.4718 0.27606
1.4733 0.46791
1.4744 -0.66332
1.4757 0.66281
1.4766 -0.31384
1.4807 0.90193
1.4822 -0.031931
1.4824 -0.073627
1.483 0.35211
1.4832 -0.54508
1.4836 -0.37998
1.4843 0.9504
1.4844 0.99316
1.4844 1.0292
1.4864 2.8448
1.4864 -0.24173
1.4865 -0.41892
1.4867 -0.21106
1.4874 0.079305
1.4875 0.20773
1.4879 0.589
1.488 0.78186
1.4882 0.050364
1.4882 0.43007
1.4888 0.24466
1.4888 0.15824
1.4889 0.10891
1.4891 -0.47168
1.4891 -0.58838
1.4899 1.1227
1.49 -0.15919
1.49 0.83249
1.4901 0.73201
1.4908 0.30914
1.4921 -0.2729
1.493 0.51093
1.4943 -0.70577
1.4944 -0.6322
1.4949 0.69509
1.4951 0.86722
1.4951 0.62948
1.4956 -0.51466
1.4959 0.0066291
1.4959 0.55172
1.4982 -0.11366
1.5011 -0.34717
1.5014 0.39299
1.5033 -0.76021
1.5115 1.0582
1.5138 1.0151
1.5149 -0.66427
1.5173 -0.23785
1.5178 0.88848
1.5184 0.22996
1.5195 -0.31007
1.5223 0.03807
1.5226 0.75016
1.5227 0.46239
1.5229 0.36373
1.523 0.53568
1.5235 0.81481
1.5236 0.42171
1.5249 0.27429
1.526 0.078934
1.5263 0.9252
1.5265 0.32722
1.5268 -0.58492
1.5272 0.7133
1.5272 -0.54788
1.5277 0.56998
1.5278 -0.82771
1.528 0.12736
1.528 -0.46944
1.5283 -0.43828
1.5288 0.15905
1.5296 -0.4996
1.5296 0.66359
1.5298 -0.089116
1.5302 0.85331
1.5305 -0.38703
1.5308 0.61087
1.5309 -0.036965
1.5313 0.97683
1.5318 0.19257
1.5322 -0.1613
1.5326 -0.13057
1.5334 -0.69492
1.5342 -0.72866
1.5342 -0.19536
1.5352 -0.62111
1.5381 0.0086126
1.5382 -1.2404
1.5386 -0.34302
1.5396 -0.27279
1.5402 0.39237
1.5418 0.50622
1.5418 1.1733
1.5422 0.78201
1.546 -1.0602
1.5501 -0.92676
1.5514 1.0245
1.5549 0.23271
1.5553 0.89048
1.5577 0.54356
1.5598 -0.23534
1.5605 0.6985
1.5608 -0.58234
1.5608 -2.3725
1.5621 -0.66937
1.5632 0.076612
1.5635 -0.070943
1.5639 0.043043
1.5643 0.35847
1.5644 0.42575
1.5647 0.85884
1.5655 -0.55169
1.5663 0.73992
1.5667 -0.46899
1.5672 -0.7113
1.5673 0.15691
1.5674 0.10861
1.5674 -0.38941
1.5676 1.0913
1.5678 0.82348
1.5679 0.39197
1.5694 -0.42024
1.5694 0.58327
1.5696 -0.51945
1.5708 -0.31208
1.5709 0.98929
1.5718 0.30842
1.5724 -0.35944
1.5729 -0.10857
1.5734 -0.15837
1.5747 0.26678
1.5748 0.19924
1.5753 0.47409
1.5754 0.62908
1.5765 -0.0030199
1.5771 -0.76446
1.578 0.66869
1.5799 1.416
1.5799 0.51368
1.5801 -0.26942
1.5804 -0.041537
1.5813 -0.20141
1.5819 1.253
1.5829 1.6636
1.583 -1.6784
1.5831 -4.1527
1.5842 0.78109
1.5866 2.3273
1.5885 0.94275
1.5892 1.9346
1.5944 -1.4574
1.6004 0.078034
1.6011 -0.62457
1.6014 0.39129
1.6022 0.23338
1.6033 0.54791
1.6036 0.70255
1.6037 -0.3906
1.6045 0.86941
1.6073 -0.55791
1.6081 -0.074671
1.6092 -0.23657
1.6136 1.0172
1.6172 0.12795
1.6179 0.34049
1.619 -0.43885
1.6191 0.18442
1.6191 0.44143
1.6195 0.030442
1.6199 0.28289
1.6209 -0.34307
1.6209 0.59732
1.6211 -0.49729
1.6226 0.49826
1.6227 0.65324
1.6231 0.75097
1.6242 1.1645
1.6242 -0.69945
1.6244 -0.28734
1.6249 0.80853
1.625 -0.024769
1.625 -1.9553
1.6258 -0.85226
1.6301 -0.12571
1.6316 -0.18627
1.6339 6.6138
1.6431 1.0826
1.6489 0.90937
1.6537 -0.59321
1.6577 0.96584
1.662 -0.77022
1.6622 0.081697
1.6626 0.23445
1.6627 0.39039
1.6641 -0.39106
1.6651 0.54636
1.6663 0.69965
1.6678 -0.64775
1.6732 -0.069683
1.6738 -0.24164
1.674 -1.1413
1.6773 0.85135
1.6773 -0.53656
1.6822 0.15846
1.6829 0.31213
1.6847 0.46813
1.6857 0.0096042
1.686 -0.46164
1.6862 0.62254
1.6867 -0.31992
1.6892 0.77248
1.6951 -0.98239
1.706 1.1307
1.7121 1.256
1.7143 -1.5833
1.7165 1.0278
1.7201 -0.15549
1.7203 1.5593
1.7216 0.92304
1.7254 -0.60176
1.7373 -0.7056
1.7378 4.1936
1.7421 -1.3022
1.747 -1.7385
1.7483 -0.83604
1.7609 -1.4651
1.7633 0.23615
1.7633 0.087441
1.7652 -0.39193
1.7654 0.38879
1.7672 -0.51323
1.7677 -0.045399
1.7687 0.54288
1.7691 -0.26431
1.77 0.69436
1.7719 0.82876
1.7754 1.4138
1.7836 1.7565
1.821 1.1256
1.8411 -0.61529
1.8455 -3.3294
1.8504 -1.1258
1.8547 0.95595
1.8685 0.012125
1.8719 0.3111
1.8736 -0.93642
1.8738 -0.32168
1.8744 -1.4112
1.8876 0.61786
1.8906 1.5573
1.8907 1.4201
1.8933 -0.15401
1.895 -0.7661
1.8989 1.2866
1.9008 -1.5944
1.9037 -2.6981
1.9074 -0.46994
1.9082 -2.2218
1.9095 0.16195
1.9097 -1.2854
1.911 -1.8746
1.9182 0.77429
1.9187 0.4606
1.9191 -9.2891
1.9241 2.0811
1.9401 3.3405
2.0056 1.4255
2.0066 0.91215
2.008 0.30857
2.0094 0.012787
2.0123 1.757
2.0145 -0.63168
2.0254 -1.0334
2.0261 -8.3939
2.0285 -0.87419
2.0314 1.1001
2.0336 2.6354
2.0339 -0.32609
2.0359 -0.75891
2.0361 -1.2039
2.05 -1.4071
2.0558 -0.48543
2.0626 0.61569
2.0632 1.5671
2.0655 1.2925
2.0657 -1.5655
2.0674 0.43871
2.0773 0.7931
2.0827 0.16798
2.1041 -1.7283
2.1053 -0.14066
2.1573 -7.3071
2.1585 -0.94979
2.1636 0.92401
2.1655 -0.4213
2.1741 0.48954
2.176 -1.2692
2.1815 -0.56845
2.1878 -2.0146
2.1886 -0.77004
2.1943 1.2274
2.1986 0.32177
2.2 0.031881
2.2034 0.17415
2.2067 -1.1108
2.2077 1.6701
2.2131 1.4318
2.2217 -1.5519
2.2261 1.9225
2.2303 0.59943
2.2307 -1.3872
2.2332 0.74965
2.2335 -4.809
2.2387 -0.28534
2.2579 1.079
2.263 -0.12085
2.267 2.2402
2.2697 -2.4218
2.3081 -0.45755
2.3149 0.48106
2.3317 0.16841
2.3376 -0.95591
2.3501 -0.62828
2.3531 -1.7703
2.3533 -1.4409
2.3541 -1.1047
2.3613 1.5877
2.3672 0.76413
2.3684 -1.2602
2.373 0.63627
2.3779 -0.19407
2.3803 -2.9731
2.3835 0.90841
2.3922 1.7649
2.3953 -0.78578
2.3966 1.0722
2.4037 1.2413
2.4123 -1.5762
2.415 -0.024711
2.4155 0.33786
2.4228 -0.33531
2.4255 1.453
2.4343 -5.988
2.4797 3.0578
2.4826 -0.49928
2.483 0.5087
2.49 0.74135
2.5 -10
2.5 10
2.5015 -1.0862
2.5065 0.62636
2.51 6.0863
2.5277 -1.4365
2.5403 -0.68118
2.5428 0.16949
2.5441 -0.20118
2.5443 1.0597
2.5552 -0.88799
2.568 7.2736
2.5711 4.9439
2.5756 -3.8067
2.5778 1.3879
2.5875 2.0213
2.5883 -0.36444
2.5901 1.6247
2.5911 2.5361
2.5961 -2.0817
2.601 -1.2511
2.6126 -1.6809
2.6219 0.86435
2.6256 0.3752
2.6367 1.2218
2.6554 -0.028048
2.6685 0.6203
2.6734 -2.5525
2.6844 -0.52173
2.7427 3.8038
2.7592 8.6883
2.7676 -0.75496
2.7819 -1.0581
2.8119 -0.265
2.8169 0.18451
2.8173 1.0497
2.8255 -1.4169
2.8326 0.80227
2.8347 0.4281
2.8406 -0.035092
2.8411 1.3862
2.9177 -0.54881
2.9226 -9.0588
2.9298 0.61115
2.9687 1.7708
2.9711 -1.8128
3.0261 -2.994
3.0804 -0.019491
3.0945 -1.1874
3.1 -7.95
3.1028 2.9657
3.1095 1.1719
3.1114 2.2802
3.1143 -2.3281
3.1226 -0.81863
3.1276 -6.9224
3.1364 0.82929
3.1408 0.37679
3.1868 -0.378
3.1928 -1.4958
3.2002 1.4681
3.4094 -4.7448
3.4825 5.6175
3.4865 6.6899
3.4979 -3.6166
3.5001 -1.865
3.5119 1.8154
3.5397 0.60396
3.5438 -0.60973
3.5619 -1.1868
3.5698 1.1667
3.6245 4.5638
3.6404 -0.0052159
3.7129 7.8462
3.75 -10
3.75 10
3.7705 3.5536
3.8172 -6.0711
3.8745 -2.6849
3.9345 2.5541
4.0322 8.9775
4.1305 -7.301
4.2087 -0.65852
4.2115 0.64344
4.2199 -0.0058271
4.235 6.1809
4.2502 -8.7323
4.2719 -1.6717
4.2856 1.6165
4.5102 5.2872
4.519 7.0958
4.5333 -3.7964
4.617 3.2502
4.653 4.2057
4.7259 -5.1096
4.8997 -0.0016232
4.9732 8.3476
5 -10
5 10
5.0689 -6.3648
5.1501 -2.5188
5.1599 6.2009
5.1641 2.418
5.3285 -1.112
5.3343 1.1019
5.4308 -9.0537
5.4417 -7.7887
5.4576 -4.3753
5.5219 3.6134
5.5722 -3.5095
5.5754 7.237
5.8465 5.0071
5.8483 9.0977
6.0203 0.025785
6.0501 -5.303
6.1141 -1.9273
6.1293 1.9349
6.1833 8.1344
6.1972 6.3388
6.25 -10
6.25 10
6.2618 -6.6415
6.2941 -8.747
6.3215 -2.8994
6.3502 2.911
6.3967 -4.0302
6.514 7.2411
6.518 3.9395
6.6243 -1.0026
6.6399 1.0927
6.6803 -7.739
6.8269 -9.3819
6.8668 8.9935
6.9172 5.686
7.0131 -5.871
7.1195 -2.0562
7.1763 2.1623
7.2149 6.616
7.221 -8.6958
7.2758 4.7241
7.2921 0.10565
7.3287 -6.8361
7.3825 7.7995
7.4196 -4.7256
7.5 -10
7.5 10
7.5039 -3.3007
7.6007 -7.8045
7.6287 3.4198
7.8454 -0.98257
7.8818 1.2556
8.0091 -5.8691
8.0489 5.7396
8.0614 8.9067
8.1463 -3.9874
8.211 6.8711
8.2611 -2.1189
8.2749 -8.676
8.4 -7.158
8.4414 2.3643
8.6687 7.8132
8.7189 4.4971
8.7235 0.29768
8.75 -10
8.75 10
8.7964 -4.6591
8.852 -3.2056
8.8989 6.2565
8.9561 3.3091
9.0104 1.5316
9.0133 -1.0247
9.0838 -5.9795
9.1417 5.5153
9.1714 6.9668
9.2011 -8.024
9.2176 8.8306
9.2219 -2.0221
9.2239 -9.0979
9.3275 -6.9646
10 -10
10 -8.75
10 -7.5
10 -6.25
10 -5
10 -3.75
10 -2.5
10 -1.25
10 0
10 1.25
10 2.5
10 3.75
10 5
10 6.25
10 7.5
10 8.75
10 10
