-4 -6
-4 -5.25
-4 -4.5
-4 -3.75
-4 -3
-4 -2.25
-4 -1.5
-4 -0.75
-4 0
-4 0.75
-4 1.5
-4 2.25
-4 3
-4 3.75
-4 4.5
-4 5.25
-4 6
-3.4475 -0.76774
-3.4375 -6
-3.4375 6
-3.4337 -4.3343
-3.3707 4.3708
-3.3704 0.76947
-3.3437 1.5888
-3.3407 -1.5761
-3.3003 -3.0213
-3.2756 -5.1106
-3.2529 5.146
-3.2033 -0.02098
-3.1977 3.0041
-3.1677 -3.8043
-3.1476 2.1841
-3.1383 -2.2134
-3.1313 3.8381
-2.9017 1.1932
-2.8769 0.37773
-2.875 -6
-2.875 6
-2.8523 -1.0557
-2.8491 -0.48063
-2.7453 -4.4341
-2.6989 0.77403
-2.6698 -0.013215
-2.661 1.6879
-2.6213 -1.6915
-2.5627 5.3864
-2.5351 3.6325
-2.5264 2.3678
-2.5035 4.5229
-2.4628 -0.70851
-2.4579 -0.32989
-2.4546 -5.2526
-2.448 0.37632
-2.4436 1.161
-2.421 -2.5548
-2.4187 -3.593
-2.3846 -1.1368
-2.3125 -6
-2.3125 6
-2.2305 3.0243
-2.1914 -0.0074221
-2.1758 0.755
-2.1664 1.452
-2.1382 -1.4384
-2.1314 -0.43822
-2.1031 1.8957
-2.0966 -0.82951
-2.0922 -1.1267
-2.0879 0.37315
-2.0681 1.1228
-2.0517 -1.9129
-1.9531 -0.20761
-1.9388 0.18097
-1.9281 0.56062
-1.9265 1.3125
-1.9157 -0.60382
-1.9121 0.93776
-1.9058 -1.2537
-1.8905 -1.0177
-1.8575 -0.0092748
-1.8476 5.3796
-1.8443 -0.39542
-1.834 2.4248
-1.8325 0.74524
-1.8323 0.36924
-1.7867 -0.79836
-1.7808 -3.7571
-1.7792 -4.499
-1.7613 1.5308
-1.7548 1.1553
-1.75 -6
-1.75 6
-1.7418 -5.471
-1.7373 -0.97415
-1.737 -0.19502
-1.7365 -1.5242
-1.7305 -2.3799
-1.728 0.18121
-1.7209 0.91529
-1.7148 0.55363
-1.7117 -0.56186
-1.6977 -1.1563
-1.6765 3.7757
-1.6687 1.9335
-1.6594 -3.1138
-1.6382 4.6616
-1.631 -0.36844
-1.6291 -1.9279
-1.6213 -0.0044634
-1.6135 0.3642
-1.6034 2.9915
-1.5825 -0.93086
-1.5617 0.75204
-1.5608 1.1474
-1.5585 0.99688
-1.558 -0.69791
-1.5433 1.305
-1.5387 1.6937
-1.5343 -0.51515
-1.5267 -1.6996
-1.5257 0.52971
-1.5255 -0.19004
-1.517 0.18225
-1.5093 -1.1091
-1.5007 -1.3037
-1.4333 -0.36671
-1.4092 -0.99
-1.4051 2.1847
-1.3949 -1.5426
-1.3889 1.5156
-1.3879 1.3219
-1.3849 0.75955
-1.3822 0.90565
-1.382 -0.81331
-1.3783 1.1415
-1.372 0.18288
-1.3714 0.00049532
-1.3667 0.61405
-1.3665 0.36632
-1.3532 -0.2094
-1.3519 -2.1837
-1.3441 -0.57292
-1.3421 1.8456
-1.3261 -1.1562
-1.322 -1.8421
-1.3158 -1.3477
-1.2899 2.5923
-1.2429 1.3201
-1.2407 -0.95858
-1.2318 -2.6153
-1.2314 0.17923
-1.2176 0.76823
-1.2163 -0.14308
-1.2143 -0.34269
-1.2037 2.0418
-1.2006 -1.4655
-1.2002 -3.8062
-1.1956 0.98731
-1.1875 -6
-1.1875 6
-1.1654 1.1665
-1.1604 -1.6485
-1.1577 1.4684
-1.1544 0.53619
-1.1511 -1.1034
-1.1511 0.33508
-1.149 -0.74657
-1.1458 1.6617
-1.1393 0.010211
-1.1348 -1.288
-1.1328 -0.53245
-1.1277 -2.0375
-1.0693 4.405
-1.0593 -1.8453
-1.0479 1.909
-1.04 2.2351
-1.0386 0.69893
-1.0262 -0.1768
-1.0212 -0.96458
-1.0211 0.87556
-1.019 0.18798
-1.0118 1.0761
-1.0077 -1.1513
-1.0069 -2.2887
-1.0017 1.5317
-1.0007 1.3155
-0.99735 -1.4946
-0.99257 -0.39713
-0.99082 5.1883
-0.98594 0.39723
-0.98216 3.1382
-0.97916 -5.2314
-0.97645 0.005838
-0.97346 -1.6892
-0.95845 -0.60407
-0.95268 -0.78455
-0.95265 0.57154
-0.93618 1.7014
-0.92922 -1.295
-0.92224 -4.4501
-0.90701 -0.27749
-0.90336 0.098344
-0.90323 -0.087371
-0.90225 0.28858
-0.89017 -2.0294
-0.87675 0.47896
-0.87247 -0.47992
-0.86947 -1.826
-0.8689 2.5875
-0.86153 0.19046
-0.86137 1.1564
-0.86053 -0.17904
-0.85433 1.8617
-0.85333 0.0059082
-0.84833 2.0417
-0.84281 0.74366
-0.84206 0.381
-0.8307 -0.36457
-0.8303 3.8379
-0.82475 0.97117
-0.8244 -0.89574
-0.81615 0.57413
-0.81229 -3.1388
-0.81208 -1.114
-0.81162 -0.26013
-0.8022 -0.56976
-0.80218 0.098146
-0.79935 -2.5955
-0.79819 -0.08488
-0.79725 -0.71803
-0.79661 0.28062
-0.79377 -1.2747
-0.79339 -1.4208
-0.78443 1.5166
-0.78169 1.2965
-0.78025 0.46966
-0.77895 -1.6458
-0.77109 -0.46221
-0.76935 1.7354
-0.75508 0.18664
-0.74712 0.0095741
-0.73935 -0.29509
-0.73174 0.85338
-0.72849 0.54139
-0.72234 -0.1833
-0.7158 -0.37657
-0.71082 0.63568
-0.71 0.37203
-0.70752 0.26386
-0.70643 -0.070665
-0.70368 -0.52807
-0.7021 0.10058
-0.70168 -0.62444
-0.69801 0.47232
-0.69712 -0.82483
-0.68674 -0.45121
-0.68352 1.1377
-0.66217 0.18925
-0.66179 1.9183
-0.66059 -0.95876
-0.65374 -1.904
-0.64891 0.7664
-0.64591 -1.2833
-0.64582 2.2518
-0.63785 -0.72194
-0.63468 -0.10244
-0.63382 0.53792
-0.63381 -0.56814
-0.63347 0.44483
-0.63117 -0.3977
-0.625 -6
-0.625 6
-0.62386 -2.2542
-0.62342 -0.29155
-0.62279 0.0086873
-0.61957 0.11445
-0.61936 1.6933
-0.61637 0.28275
-0.61487 -0.63426
-0.61374 0.94223
-0.61241 -1.4886
-0.6065 -0.48624
-0.60597 -0.17803
-0.6052 -1.1072
-0.60383 0.3767
-0.59405 0.64438
-0.58831 1.3395
-0.5776 1.5254
-0.57314 0.18548
-0.57115 -0.83852
-0.55199 -0.66838
-0.54727 -1.6792
-0.54422 -0.57932
-0.54 0.56409
-0.53961 0.097741
-0.53457 -0.39278
-0.53335 0.8264
-0.53068 0.25165
-0.53012 -0.74198
-0.52995 0.45475
-0.52878 0.33581
-0.52515 -0.091764
-0.52403 -0.21047
-0.52392 0.72305
-0.5129 0.015222
-0.51237 -0.4902
-0.51172 -0.29675
-0.50309 0.63454
-0.48023 -1.3664
-0.47773 0.17993
-0.47022 1.6366
-0.45694 0.27463
-0.45641 1.8122
-0.45492 -1.1992
-0.45227 -0.80543
-0.45188 -0.97858
-0.45107 2.0255
-0.44951 -0.54963
-0.4457 0.08061
-0.44381 -0.66705
-0.44301 -0.16076
-0.44176 0.36569
-0.44148 -2.0398
-0.44044 1.1247
-0.43999 0.91297
-0.43793 -0.24592
-0.43557 0.78481
-0.43552 -0.013582
-0.43365 -0.33865
-0.43147 0.55545
-0.42759 0.67803
-0.42705 -1.5179
-0.42474 0.45054
-0.42472 1.3045
-0.42377 -0.089924
-0.41839 -0.4491
-0.41511 -1.8339
-0.40712 0.2171
-0.40381 1.4711
-0.39782 0.15073
-0.39442 2.7131
-0.39084 0.040939
-0.38572 -0.13379
-0.38419 -0.048207
-0.37616 -1.6688
-0.37031 0.092927
-0.36794 0.28701
-0.36609 -0.7557
-0.36479 -0.0033637
-0.36164 0.48231
-0.36094 -0.089878
-0.35805 -3.9217
-0.35757 -0.18889
-0.35705 -0.27864
-0.35039 -0.85442
-0.34644 0.13789
-0.34596 0.83816
-0.3441 0.3928
-0.34391 -0.36596
-0.34366 0.19651
-0.34161 -0.13037
-0.34052 0.73547
-0.33773 0.045828
-0.3354 -0.045729
-0.335 0.63004
-0.33091 -0.55964
-0.32716 0.54459
-0.32638 -0.68045
-0.31952 -0.44738
-0.31192 1.6747
-0.31179 -0.0004073
-0.31086 0.15261
-0.30853 -2.6734
-0.30835 0.10066
-0.30732 -0.14633
-0.29913 -0.091995
-0.2962 -0.23221
-0.29544 0.31705
-0.29428 -1.1209
-0.29278 -0.039632
-0.29228 -4.7802
-0.29193 -0.18243
-0.29069 -5.4403
-0.29038 0.18725
-0.28963 0.24415
-0.28729 5.3747
-0.28351 0.044452
-0.27831 0.47089
-0.27354 -0.30038
-0.26867 2.2288
-0.26837 0.14378
-0.26685 -1.5569
-0.26614 0.95458
-0.26429 -1.3474
-0.26008 1.2956
-0.25914 -0.054203
-0.25893 -0.38594
-0.25677 -0.77717
-0.25668 -0.006662
-0.25631 -2.2291
-0.25617 4.5074
-0.25219 0.79934
-0.25022 -0.1408
-0.24985 -0.20014
-0.24908 -0.24545
-0.24664 0.68787
-0.24615 -0.088356
-0.24523 0.24034
-0.24485 0.088376
-0.2447 1.1187
-0.24393 0.19584
-0.24028 0.038744
-0.23981 -1.9603
-0.23913 0.37518
-0.23894 -0.47346
-0.2373 -0.6525
-0.23624 0.28585
-0.23433 0.57131
-0.23417 1.9072
-0.23312 -0.94912
-0.21689 0.14031
-0.21522 -1.7338
-0.21433 -0.22446
-0.21175 -0.10124
-0.2106 -0.26877
-0.20952 -0.55877
-0.20809 0.23369
-0.20726 0.057003
-0.2061 -0.04889
-0.20435 0.012992
-0.20427 3.4694
-0.20302 -0.32844
-0.20159 1.5118
-0.1978 -0.18109
-0.19692 -0.13476
-0.19063 0.094349
-0.18875 0.18501
-0.18807 0.27068
-0.18563 0.31919
-0.17417 -0.4008
-0.17338 0.46352
-0.17293 0.74383
-0.17168 -0.23063
-0.16492 0.13509
-0.16359 -0.097618
-0.16178 1.046
-0.16115 0.048174
-0.15934 -0.28191
-0.15854 -0.14683
-0.15812 0.376
-0.15759 -0.0068382
-0.15303 0.28329
-0.15074 -0.7182
-0.15059 0.093115
-0.1505 -0.05023
-0.14951 0.22945
-0.14887 0.84212
-0.14729 -0.62208
-0.1455 0.17498
-0.14406 -0.18945
-0.14403 -0.33495
-0.14344 0.65107
-0.14229 -0.48869
-0.13776 -0.55676
-0.13702 -0.12319
-0.13693 0.11657
-0.13511 0.32237
-0.13432 0.55255
-0.13397 -0.83357
-0.13329 0.019924
-0.13096 -0.02674
-0.12967 -0.074419
-0.12924 0.070598
-0.12844 1.6984
-0.11985 -3.247
-0.11815 -0.37392
-0.11761 0.13909
-0.11748 -0.10329
-0.11738 -0.0047869
-0.11689 0.043515
-0.11637 -0.29405
-0.11621 0.098696
-0.11416 -0.047443
-0.11251 -0.42204
-0.11121 -0.02568
-0.11105 -0.23691
-0.11077 -0.1486
-0.11058 0.018573
-0.10922 0.41511
-0.10841 0.27406
-0.1076 -0.19037
-0.10478 0.185
-0.10345 -0.074683
-0.10252 0.070182
-0.10202 0.35979
-0.095907 0.22746
-0.095078 0.3165
-0.094778 0.028454
-0.093672 -0.33334
-0.091468 -0.093508
-0.091163 0.0064402
-0.09052 0.11405
-0.089953 -0.11594
-0.089321 0.089743
-0.088534 -0.024656
-0.087322 0.96723
-0.087056 0.04792
-0.086165 -0.055422
-0.08464 -1.5382
-0.081254 -0.077186
-0.07974 -1.8626
-0.078275 -1.1354
-0.07816 0.74437
-0.077724 -0.66525
-0.076313 0.070433
-0.073156 -0.28527
-0.070616 0.023858
-0.070296 -0.94769
-0.068252 0.14348
-0.067644 -0.18544
-0.067593 1.1549
-0.067061 -0.0031283
-0.066774 -0.044155
-0.066414 0.29144
-0.066273 0.66806
-0.065556 -0.1355
-0.065086 -0.38508
-0.064462 -0.097775
-0.062742 -0.066869
-0.0625 -6
-0.0625 6
-0.061562 0.0486
-0.06087 0.097286
-0.060071 -0.45939
-0.058928 0.25016
-0.058197 -0.56382
-0.057901 0.59693
-0.057494 -0.025464
-0.057049 0.3334
-0.05658 0.48408
-0.054524 0.06941
-0.054428 1.379
-0.054116 0.19706
-0.052059 0.39266
-0.050076 -0.23935
-0.049258 0.0089182
-0.046867 -0.0092971
-0.045472 -0.75681
-0.045346 -0.328
-0.043284 0.029063
-0.0424 -0.85394
-0.041943 -0.098574
-0.041849 -0.11716
-0.041541 -1.3471
-0.040562 -0.079938
-0.039947 -0.048843
-0.038196 0.84821
-0.037838 -0.024763
-0.037281 0.09622
-0.036832 1.5526
-0.036761 -1.7169
-0.036531 0.078478
-0.036227 0.053308
-0.035035 -7.3578e-05
-0.033799 1.846
-0.033503 -0.011907
-0.033166 0.11728
-0.032792 0.012912
-0.027124 0.022802
-0.025 0.035162
-0.024966 -0.019123
-0.024688 -0.28248
-0.024155 -0.032843
-0.023714 0.0041794
-0.023612 -0.0067581
-0.020237 -0.10248
-0.018646 -0.14716
-0.018192 0.014086
-0.017582 -0.00067566
-0.016653 -2.0579
-0.01661 0.024907
-0.016488 0.066987
-0.016301 0.15495
-0.016134 0.091929
-0.016014 -0.2025
-0.0156 -0.047052
-0.015535 -0.023874
-0.015492 0.047689
-0.015458 0.22729
-0.01541 -0.014113
-0.015171 -0.070444
-0.014964 0.28715
-0.014752 0.0053063
-0.014224 -0.0061031
-0.013953 -0.41658
-0.013593 0.1913
-0.01253 0.34888
-0.011485 0.01918
-0.01135 0.034135
-0.011318 -0.00027884
-0.010918 -0.03348
-0.010457 -0.018944
-0.010109 0.0097569
-0.0099356 0.01445
-0.0096737 -0.36415
-0.0094698 -0.0099618
-0.0090393 -0.014436
-0.0082578 0.38536
-0.007764 0.0046529
-0.0076501 -0.0049223
-0.006963 0.024554
-0.006337 0.42372
-0.0063275 -0.02425
-0.0060125 0.017766
-0.0058043 0.0083718
-0.0057856 -0.24508
-0.0057359 -9.865e-05
-0.005689 -0.0085033
-0.0054787 -0.01769
-0.0045956 0.012371
-0.0043548 -0.012414
-0.0039939 -0.0062888
-0.0038795 0.0061812
-0.0028608 -0.0034116
-0.0027401 0.0033134
-0.0026919 2.0543
-0.0026397 -0.0087773
-0.0025628 0.041905
-0.0025448 0.008697
-0.0023796 -0.041539
-0.0023483 0.020366
-0.0019436 -0.020265
-0.0019164 -2.5874e-05
-0.0018991 -0.31871
-0.0016251 0.031504
-0.0015462 0.016214
-0.0013767 -0.016212
-0.0012927 -0.031422
-0.0012863 0.055973
-0.0012785 -0.0063171
-0.0011798 0.11608
-0.00098388 -0.055404
-0.00075935 0.0061627
-0.00065197 -0.010764
-0.00064183 0.010778
-0.00063691 0.013224
-0.00044447 -0.013242
0 0
5.581e-05 -0.0084505
0.00012612 0.024465
0.00023974 -0.0021766
0.00033938 0.002196
0.0003419 0.0084102
0.00045444 -0.0041259
0.00063397 0.0041021
0.0012177 0.0056155
0.0013893 -0.0069049
0.0013965 -0.024189
0.0015253 -0.0098538
0.0015434 0.01212
0.0016892 0.0068378
0.0017281 -0.018887
0.0018965 0.014842
0.0019259 0.010011
0.0019573 -0.011972
0.0020233 -0.0081422
0.0021122 0.018989
0.0021735 -0.015003
0.0023675 0.0080303
0.0026259 -0.0093183
0.0030299 0.0091948
0.0030755 0.011304
0.0033654 -0.010417
0.0034253 0.016389
0.0035785 0.012737
0.0036107 -0.013116
0.0038166 0.01026
0.0041049 -0.011515
0.0044956 0.028332
0.0045252 -0.089951
0.004563 -0.029194
0.0046033 0.011325
0.0047263 0.094691
0.0047391 -0.017208
0.0047676 0.022965
0.0048478 0.014623
0.0049439 -0.014578
0.0049487 -0.012538
0.0050416 0.017273
0.0052909 -0.02066
0.005434 0.019686
0.0054909 0.01231
0.0057926 -0.01356
0.006175 -0.070177
0.0062671 0.014507
0.0063785 0.013294
0.0063863 0.035914
0.0064135 -0.035805
0.0065313 -0.11585
0.0066837 -0.016081
0.0067268 -0.014521
0.0067761 0.015786
0.0069006 0.075287
0.0073566 0.014217
0.0073772 0.018162
0.0075847 -0.018188
0.0076664 -0.015488
0.0077979 -0.024823
0.00792 0.021202
0.0079321 0.046676
0.0081902 0.016546
0.0082773 -0.046145
0.0083347 0.015139
0.0085087 -0.02082
0.0085678 0.025308
0.0086911 -0.016408
0.0088722 -0.030036
0.0089967 0.030077
0.0091183 0.019225
0.0092148 0.017576
0.0093956 0.016011
0.0094824 -0.018927
0.0097101 -0.017322
0.0099747 0.022668
0.010104 -0.022289
0.010174 -0.66092
0.010322 0.020636
0.010456 0.016882
0.010792 0.018672
0.010811 -0.0182
0.010861 0.77214
0.010861 -0.020138
0.011311 -0.02406
0.011441 0.024387
0.011594 0.017711
0.011911 -0.019077
0.011974 0.022151
0.012022 0.057961
0.01224 -0.021819
0.012253 0.020083
0.012463 -0.02744
0.012604 0.027757
0.012704 -0.032894
0.012732 0.01854
0.012861 -0.057346
0.012882 0.03313
0.013041 -0.019888
0.013838 0.021279
0.013942 0.019331
0.013954 -0.023802
0.014147 0.024076
0.014215 0.67825
0.01426 -0.020764
0.014277 -0.039384
0.014565 0.039959
0.015152 0.020122
0.015702 0.022028
0.015913 -0.030089
0.016024 0.030427
0.016247 0.92214
0.016325 0.020818
0.016456 0.027063
0.016747 -0.022391
0.016788 -0.026323
0.017312 0.02406
0.017694 0.065985
0.017708 0.021639
0.018211 0.048595
0.018397 -0.034197
0.019103 0.034408
0.019207 -0.029666
0.01923 0.029797
0.019265 -0.080533
0.019367 -0.023963
0.01942 -0.067713
0.019593 -0.047488
0.019643 0.026531
0.019889 -0.026826
0.019944 -0.17891
0.020394 0.023096
0.020484 -0.039752
0.021355 -0.81898
0.021825 -0.03181
0.021861 0.028733
0.022114 -0.025487
0.022194 -0.028585
0.022325 0.031534
0.022712 0.041116
0.022767 0.02641
0.023205 0.024499
0.023697 0.057766
0.02425 0.24319
0.024282 -0.035671
0.024983 -0.026967
0.025055 -0.030742
0.025182 -0.05866
0.025431 0.029407
0.025727 0.32389
0.025858 -0.042115
0.025968 0.034824
0.026136 0.025851
0.026909 0.097962
0.027114 0.13659
0.027854 0.048313
0.02797 -0.028405
0.028009 -0.22111
0.02824 0.071588
0.028871 -0.033037
0.028999 0.18962
0.029182 0.027158
0.029344 -0.038038
0.029781 0.031194
0.030239 0.040629
0.03029 -0.049211
0.03107 -0.029804
0.031188 -0.04258
0.031599 -0.90445
0.031988 -0.03568
0.031997 0.035327
0.032125 -0.099492
0.032284 -0.073147
0.032298 -0.032953
0.03234 0.02842
0.033152 -0.27859
0.033671 0.031907
0.033871 -1.0087
0.033899 -0.039145
0.034063 -0.39669
0.034162 -0.14057
0.034281 -0.031167
0.034883 -0.47773
0.03541 -0.035156
0.035608 0.029642
0.035673 0.034558
0.035798 0.056334
0.03588 0.04565
0.035959 -0.058814
0.036355 -0.04439
0.036469 -0.3401
0.036595 0.038546
0.036692 0.032227
0.037018 0.56648
0.0376 -0.032495
0.037645 0.38099
0.038043 -0.050774
0.038802 -0.035438
0.038982 0.030824
0.039011 -0.039279
0.039242 0.034304
0.040155 -0.043074
0.040419 1.0199
0.041024 -0.033791
0.041311 0.041941
0.041365 0.037434
0.04137 -0.036498
0.04158 0.080275
0.041978 0.066879
0.042459 0.031969
0.042551 -0.04675
0.042675 0.034552
0.042892 -0.042019
0.042952 0.048344
0.043313 -0.038676
0.044042 0.28159
0.044283 0.039125
0.044397 0.036218
0.044552 -0.035055
0.044978 -0.066509
0.045229 -0.054969
0.045516 -0.040796
0.046038 0.033078
0.046504 -0.043835
0.046543 -0.038409
0.046702 0.042467
0.047137 0.037328
0.048009 -0.081166
0.04818 -0.036289
0.048419 -0.04107
0.048608 -0.57775
0.048795 0.047756
0.048824 -0.048373
0.049204 0.056223
0.049403 -0.038719
0.049717 0.034153
0.049823 0.11674
0.05031 0.46441
0.0509 -0.044
0.051016 0.043814
0.05111 0.039143
0.051845 -0.040432
0.051908 -0.037494
0.05275 -0.053114
0.053494 0.035195
0.053507 -0.11787
0.053764 -0.060702
0.053975 0.047833
0.054314 0.042467
0.054432 0.0713
0.054747 -0.042677
0.055155 -0.047678
0.055263 -0.070636
0.055284 0.038852
0.055327 1.691
0.055371 0.092705
0.055734 -0.038671
0.056362 0.052773
0.057086 0.041281
0.057106 -0.041196
0.057273 0.044355
0.057367 0.036204
0.058085 -0.043922
0.058301 0.039021
0.058341 -0.097098
0.058829 0.059084
0.059456 0.8447
0.059655 -0.039821
0.059959 -0.047653
0.06025 0.042018
0.060562 0.048087
0.06059 0.053361
0.060666 -0.74651
0.06091 -0.053968
0.061336 0.037181
0.061858 -0.044287
0.063545 0.040598
0.063618 0.043889
0.06367 -0.065155
0.063672 -0.040944
0.063819 -0.048311
0.065398 0.038128
0.065691 -0.079541
0.065784 0.054329
0.065976 -0.045
0.066388 -0.2368
0.066586 0.065473
0.066611 0.046936
0.066618 -0.047825
0.066796 0.078698
0.06713 0.041956
0.067783 -0.042041
0.068052 -0.050849
0.068383 0.11156
0.068881 -0.047099
0.069234 -0.044523
0.069553 0.039045
0.069867 -0.18663
0.07018 -0.057955
0.070356 0.041234
0.070881 0.044042
0.071471 -0.04852
0.071669 -0.04565
0.071706 -0.11205
0.071759 0.049589
0.071987 -0.043113
0.072689 0.18748
0.073658 0.14415
0.073799 0.039932
0.074135 -0.043636
0.074225 -0.046807
0.074276 -0.05142
0.074703 0.057946
0.074945 -0.13758
0.075635 0.044312
0.075838 -0.068089
0.075968 0.040361
0.076283 -0.044159
0.076644 0.32207
0.077093 0.050189
0.077174 0.23311
0.077358 -0.04717
0.078137 0.04079
0.078267 0.09233
0.078312 -0.057719
0.078477 -0.04467
0.078739 0.043426
0.078809 0.071635
0.078834 0.046268
0.079412 -0.09444
0.07942 -0.079804
0.079531 -0.4183
0.080153 0.054207
0.080316 -0.050367
0.080351 0.041205
0.08061 -0.36687
0.08067 -0.045181
0.081125 0.044417
0.081687 0.048939
0.081963 -0.31383
0.082147 0.27825
0.082564 0.04162
0.082909 -0.04568
0.082914 0.060375
0.084241 0.11328
0.084289 -0.055153
0.08437 0.044936
0.084531 -0.049822
0.084823 0.04202
0.084874 0.053634
0.085002 -0.062737
0.085148 -0.046179
0.085617 0.048983
0.085697 -0.26986
0.086867 0.4126
0.087081 0.042421
0.087367 -0.048798
0.087428 -0.046665
0.087801 -0.052384
0.087826 0.046169
0.088541 -0.073043
0.089143 -0.08451
0.089384 0.042808
0.08939 0.058084
0.08956 0.051247
0.089715 -0.047153
0.089791 0.066733
0.089858 -1.6322
0.090032 -0.049922
0.090065 -0.057398
0.090713 -0.11375
0.091093 -0.052929
0.091131 0.046596
0.091687 0.043195
0.092047 -0.047628
0.092311 0.079792
0.092373 -1.258
0.092605 0.36858
0.092646 -0.05036
0.093009 -0.06445
0.093219 -0.052405
0.09386 -0.05477
0.093995 0.05
0.094034 0.043568
0.094372 -0.048103
0.094509 0.055136
0.094543 0.046062
0.095169 0.061328
0.09536 -0.051438
0.095611 -2.3723
0.095781 -0.058889
0.096381 0.043941
0.096745 -0.048566
0.09675 -0.080269
0.096826 0.048536
0.097823 -0.054697
0.09792 0.046068
0.098112 0.052002
0.098131 2.9
0.098514 0.12178
0.098687 -0.063313
0.098716 -0.05117
0.098771 0.0443
0.099118 -0.049029
0.099883 0.75667
0.099944 0.04843
0.10044 -0.070791
0.10046 0.068697
0.10057 0.098237
0.10116 0.044659
0.10125 -0.093373
0.10137 0.057927
0.1015 -0.058493
0.10153 -0.049481
0.10179 -0.13224
0.10191 -0.05316
0.1023 0.051539
0.10265 2.4122
0.103 -0.15813
0.10301 -0.83737
0.10321 0.047508
0.10328 -0.06374
0.1036 0.045005
0.10395 -0.049932
0.10446 -0.080508
0.10494 -0.055607
0.10503 -0.052564
0.10517 0.080826
0.10528 0.053959
0.10589 1.2802
0.10603 0.045351
0.10641 -0.050372
0.10642 0.049565
0.10736 -0.066804
0.10737 0.057413
0.10786 0.92919
0.10791 0.062996
0.10812 -0.053654
0.10818 -0.059742
0.10851 0.045683
0.10887 -0.050812
0.10937 0.053437
0.11042 0.049294
0.11078 0.088825
0.11099 0.046015
0.11101 0.071025
0.11115 -0.073729
0.11138 -0.051241
0.11206 0.18282
0.11211 -0.055045
0.11245 -0.084437
0.11264 0.058066
0.11323 -0.1141
0.11336 -0.065256
0.11351 0.046334
0.11357 0.048525
0.11362 -0.2307
0.11376 0.052441
0.11379 1.1267
0.11388 -0.051669
0.11427 0.064284
0.11445 0.11228
0.11474 -0.059171
0.11603 0.046653
0.11638 -0.054751
0.11643 -0.052086
0.11664 0.080316
0.11664 0.052481
0.11677 0.049818
0.11701 0.055364
0.1171 -0.18812
0.11844 0.13693
0.11851 0.06044
0.11859 0.046958
0.11863 -0.069675
0.11898 -0.052503
0.119 -0.057652
0.1193 0.052397
0.11935 -0.062588
0.11952 -0.054793
0.1196 0.049468
0.12026 -1.8348
0.12041 0.094812
0.12045 -0.078652
0.12069 0.068868
0.12102 0.056006
0.12116 0.047263
0.12157 -0.052909
0.12181 0.053209
0.12193 -0.05576
0.12202 -0.058879
0.12225 0.050581
0.12285 -0.066106
0.12361 -0.094127
0.12376 0.047555
0.12416 -0.053314
0.12453 0.054092
0.12476 -0.061611
0.12484 0.060231
0.12498 -0.056897
0.1251 -0.071427
0.12545 0.050445
0.12609 -0.39323
0.1261 -0.45402
0.12637 0.047848
0.12648 0.27794
0.12655 -0.13772
0.12669 0.22526
0.12678 -0.065929
0.1268 -0.053708
0.1269 -0.53419
0.12706 -0.33997
0.12746 0.052541
0.12747 -0.058894
0.12772 -0.056198
0.12839 0.050001
0.12846 0.055787
0.12884 0.07917
0.12902 0.048126
0.12943 -0.054102
0.12956 0.066794
0.12973 -0.062209
0.12989 -0.28445
0.13006 -0.057422
0.13022 -0.16364
0.13045 0.052305
0.13048 0.060015
0.13076 -0.068937
0.13089 0.45206
0.13095 -0.078796
0.13167 0.048405
0.13171 0.34082
0.13204 0.53017
0.13211 -0.054485
0.13227 0.11055
0.13275 -0.652
0.13278 0.055877
0.13337 1.4915
0.13361 -0.058589
0.13386 0.051418
0.13409 -0.11437
0.13412 0.39346
0.13436 0.048671
0.13459 -0.064238
0.13479 -0.054868
0.13535 0.092639
0.13559 0.07127
0.13601 -0.057206
0.1364 0.061814
0.13679 -0.070834
0.13681 0.054348
0.13706 0.048936
0.13721 -0.088491
0.13751 -0.055239
0.13756 -1.4472
0.13811 -0.059682
0.13841 -0.20572
0.1389 -0.065292
0.13923 -0.099837
0.13979 0.049188
0.13995 0.051928
0.14023 -0.055611
0.14076 0.056495
0.1413 0.068548
0.14147 1.8642
0.14178 -0.058643
0.14183 -0.94801
0.14228 -0.06268
0.14243 0.079707
0.14253 0.049441
0.14274 0.053189
0.14281 -0.068886
0.14283 -0.078689
0.143 -0.05597
0.14352 0.061963
0.14382 -1.1042
0.14515 0.056227
0.1453 0.04968
0.14532 -0.059296
0.14546 0.052094
0.14553 0.15738
0.14576 -0.05633
0.14671 -0.064435
0.14676 -0.22409
0.14704 -0.75996
0.14774 0.64864
0.14806 0.069091
0.14808 0.049919
0.14857 -0.056679
0.14899 0.053853
0.14924 -0.060313
0.14941 0.12747
0.14944 -0.071093
0.14959 0.060169
0.14992 -0.18122
0.14995 -0.091922
0.15077 -0.15281
0.15085 -0.12906
0.1509 0.050144
0.15138 -0.057027
0.1514 -0.064263
0.15149 -0.10912
0.15172 0.098976
0.15194 0.055869
0.15204 0.052766
0.15241 -0.060156
0.15296 -0.080138
0.15343 -0.24775
0.15372 0.05037
0.15423 -0.057364
0.15475 0.0587
0.15482 0.053897
0.15513 -0.067663
0.15515 0.065865
0.15518 -0.073428
0.15567 -0.061805
0.15576 0.84318
0.15582 0.078633
0.15659 0.050582
0.15708 -0.057702
0.15747 0.056069
0.15767 0.053071
0.15888 1.0189
0.15913 -0.060311
0.15926 -0.070829
0.15945 0.050795
0.15979 -0.058007
0.15992 0.23994
0.16009 0.059974
0.16019 0.05436
0.16038 -0.077212
0.16047 -0.065098
0.16136 -0.086547
0.16141 0.08857
0.16235 0.050994
0.16287 -0.058353
0.16325 0.068832
0.1634 -0.20652
0.16372 0.055334
0.16449 -0.09982
0.16462 -0.071552
0.16495 0.19497
0.16526 0.051193
0.16675 -0.064977
0.16678 0.060729
0.16705 -0.22756
0.16779 0.11576
0.16787 0.051358
0.16802 0.054751
0.16807 -0.079464
0.16874 -0.058981
0.16988 0.080436
0.1701 0.097413
0.17019 -0.11843
0.17115 0.051565
0.17173 -0.14117
0.17211 -0.3146
0.17212 -0.064312
0.17221 -0.071412
0.17252 -0.41711
0.17258 -0.36561
0.17262 -0.16465
0.17268 0.067433
0.17273 -0.089476
0.17361 0.058009
0.1747 -0.059587
0.17489 -0.18628
0.17573 -0.27283
0.17687 -0.079965
0.17713 0.05191
0.17808 -0.06625
0.17834 0.27021
0.17874 0.3128
0.17882 0.42103
0.17917 -0.073105
0.17977 0.056621
0.17994 -0.21807
0.1803 0.062921
0.18074 -0.06017
0.18139 -0.1024
0.18207 0.14345
0.183 0.089506
0.18312 0.07361
0.18315 -0.12933
0.18319 0.052228
0.18368 -0.06485
0.18418 -0.070274
0.18433 -0.15238
0.18433 -0.20253
0.18443 -0.087837
0.18499 -0.07765
0.18517 0.057669
0.18543 0.36907
0.18545 -0.17508
0.18637 0.11012
0.18687 -0.060729
0.18756 -0.2386
0.18801 -0.11722
0.18804 0.063809
0.18898 -0.066593
0.18934 0.05252
0.19001 -0.07298
0.19013 -0.14066
0.19062 0.057639
0.19068 -0.16344
0.19308 -0.061265
0.19348 -0.18692
0.19432 0.069714
0.19434 0.081392
0.19438 -0.21591
0.19487 -0.10737
0.19493 -0.095742
0.19501 0.061171
0.19557 0.052785
0.19563 0.095198
0.19586 -0.081149
0.19597 -0.069319
0.19622 -0.12867
0.19675 -0.17351
0.19741 -0.15201
0.19913 -0.20118
0.19918 0.12405
0.19938 -0.061779
0.1999 0.058038
0.20146 0.064469
0.20171 -0.11721
0.20189 0.053023
0.20233 -0.073727
0.20236 -0.067429
0.20347 0.23363
0.20402 0.07388
0.20406 -0.2609
0.20541 -0.090885
0.20548 0.058728
0.20576 -0.062269
0.20588 -0.22448
0.20623 -0.56984
0.20629 -0.17879
0.20644 0.087233
0.20656 -0.14016
0.20663 -0.16341
0.20711 -0.29027
0.20714 -0.15173
0.20725 -0.12703
0.20739 -0.19142
0.20758 -0.10425
0.20796 -0.21012
0.20828 0.053234
0.20838 0.10676
0.20853 -0.069873
0.2088 -0.20052
0.20915 -0.080298
0.20967 0.065322
0.21082 0.48115
0.21124 0.058396
0.21212 -0.8369
0.21223 -0.062735
0.21276 0.75918
0.21376 -0.073943
0.21435 -0.068123
0.21476 0.053418
0.21573 -0.1729
0.21589 -0.11858
0.21615 -0.13059
0.21736 -0.15107
0.21763 -0.1841
0.21765 0.07529
0.21765 0.061465
0.21778 0.92736
0.21787 -0.39445
0.2183 1.093
0.21841 -0.47402
0.21856 -0.23914
0.21864 0.092264
0.21878 -0.063179
0.21886 -0.071296
0.219 -0.079107
0.21953 -0.19956
0.21955 -0.092339
0.21993 -0.21768
0.22001 -0.13924
0.22034 -0.10682
0.22054 -0.33452
0.22055 0.13276
0.22133 0.053575
0.22148 -0.16358
0.22257 0.28069
0.22335 -0.068576
0.22407 -0.074313
0.22412 0.065625
0.2244 0.059008
0.22443 0.37097
0.22452 0.56926
0.22454 0.18111
0.22542 -0.063599
0.22588 1.1934
0.22694 -0.17476
0.22718 -0.72526
0.22793 -0.11489
0.22794 -1.0119
0.22798 0.053705
0.2283 -0.15505
0.22898 -0.080751
0.22929 -0.070783
0.22963 -0.12865
0.22982 -0.14415
0.23001 -0.18716
0.23006 0.085173
0.23012 0.071494
0.23017 0.10554
0.23022 -0.26537
0.23068 0.061245
0.23082 0.3332
0.23086 0.41034
0.2313 -0.10376
0.23172 -0.2088
0.23213 -0.19766
0.23213 -0.063995
0.23287 0.69136
0.23393 -0.1643
0.23461 -0.091661
0.23471 0.053808
0.23524 -0.22385
0.23533 -0.074866
0.23552 -0.069024
0.23622 0.066136
0.23661 1.6844
0.23695 0.059483
0.23894 -0.064368
0.23927 -0.1526
0.23968 0.63993
0.24002 -0.20202
0.24003 0.84471
0.24016 -0.29486
0.24047 -0.63849
0.24082 0.12223
0.24098 -0.081242
0.24144 -0.19172
0.24152 0.053884
0.24153 -0.1272
0.24163 0.092131
0.2418 -0.11553
0.24181 0.063285
0.24186 -0.92724
0.24187 0.075242
0.24188 -0.071466
0.24264 -0.17677
0.24305 -0.10069
0.24333 -0.13837
0.24407 -0.21155
0.24446 -0.24246
0.24471 -0.090208
0.24509 -0.16249
0.24582 -0.064717
0.24586 0.52184
0.24658 0.059565
0.24759 0.066256
0.2479 -0.075889
0.24841 0.053933
0.2486 -0.069846
0.25002 -0.2004
0.25169 -0.22347
0.25188 -0.095009
0.2522 -0.12615
0.25248 0.10691
0.25279 -0.065042
0.2529 -0.18882
0.25322 0.061372
0.25337 0.085971
0.25353 -0.11613
0.25356 -0.083557
0.25383 0.071925
0.25452 -0.072568
0.25491 -0.10591
0.25496 -0.1516
0.25508 -0.16754
0.25529 -0.21031
0.25539 0.053954
0.25553 0.88914
0.25577 -0.13742
0.25604 -0.17845
0.25614 1.0164
0.25813 0.37083
0.25831 -0.36481
0.25908 0.14057
0.25957 0.05888
0.25984 -0.065344
0.25989 -0.071413
0.25996 -0.076806
0.26122 0.065735
0.2619 -0.093917
0.26244 0.053948
0.26321 -0.1858
0.26329 2.0598
0.26337 -0.12978
0.2636 -2.0737
0.26373 -0.26701
0.26476 -0.19957
0.26476 0.09352
0.26498 -0.23595
0.26504 0.79976
0.26514 -0.11676
0.26519 -0.16191
0.26523 -0.072481
0.26524 -0.21717
0.26527 0.077421
0.26565 -0.4117
0.26571 0.059544
0.26636 -0.14045
0.26656 -0.10356
0.26657 -0.082422
0.26697 -0.065622
0.26732 0.23564
0.26733 -0.1746
0.26802 0.60698
0.26958 0.053914
0.26968 0.066054
0.27046 -0.15179
0.27098 -0.070224
0.2714 -0.075667
0.27176 0.059173
0.27349 0.44893
0.27402 -0.18715
0.27405 0.33773
0.27419 -0.065876
0.27503 0.18382
0.27518 -0.31634
0.2752 -0.10717
0.27575 0.10861
0.27674 -0.09383
0.27679 0.086985
0.2768 0.053854
0.27687 -0.22456
0.27694 -0.12904
0.277 0.062714
0.27702 -0.14219
0.27703 -0.080664
0.27704 0.072606
0.2772 1.0711
0.27738 -0.072179
0.27744 0.29728
0.27746 -0.21011
0.27791 0.54125
0.27796 -0.11601
0.27909 -0.19759
0.27915 -0.16357
0.27959 -1.2636
0.27982 -0.17722
0.28029 0.49746
0.28144 -0.15078
0.28148 -0.066107
0.28163 0.72463
0.28216 0.059102
0.28233 1.3375
0.28278 -0.076239
0.28323 0.91385
0.28383 -0.070814
0.28397 0.76628
0.2841 0.053766
0.28445 0.066007
0.28573 -0.11935
0.28599 0.6775
0.28651 0.57755
0.28737 -0.08298
0.28744 -0.2408
0.2879 0.12884
0.28809 -0.10691
0.28833 0.059384
0.28858 -0.074197
0.28864 0.40257
0.28885 1.1278
0.28885 0.093811
0.28886 -0.066313
0.2889 -0.21906
0.28896 0.077517
0.28941 -0.18767
0.28945 -0.20366
0.28974 -0.12751
0.28993 0.63869
0.2901 -0.17277
0.29014 -0.16386
0.29017 -0.14018
0.29034 0.8305
0.29038 -1.6419
0.29074 -0.093368
0.29075 -0.15505
0.29094 0.8703
0.29148 0.05365
0.29262 0.96095
0.29312 0.065621
0.29384 -0.071516
0.29439 -0.077676
0.29464 0.058592
0.2947 0.15451
0.29575 -0.11824
0.29632 -0.066496
0.29791 0.36355
0.29894 0.053508
0.30034 -0.12871
0.30051 0.20824
0.30069 -0.07381
0.3007 -0.098644
0.30076 -0.085136
0.30084 -0.21127
0.30089 0.10801
0.30091 -0.22613
0.30095 -0.19717
0.30106 0.071954
0.30108 -0.18771
0.30114 -0.17837
0.30114 -0.16388
0.30119 -0.10924
0.3013 0.061079
0.30151 0.086643
0.30156 -0.27303
0.30173 -0.14957
0.30376 -0.13859
0.30385 -0.066655
0.30615 0.79771
0.30647 0.053338
0.3069 0.059491
0.3074 0.60855
0.30766 -0.077908
0.30783 -0.071714
0.30796 -0.11813
0.30843 -4.4027
0.30853 0.065464
0.30916 0.33001
0.30987 0.18056
0.31021 -1.0932
0.3104 -0.093364
0.3112 -0.77934
0.31147 -0.06679
0.31173 -0.16361
0.31184 -0.15534
0.31192 0.059008
0.31196 1.043
0.31224 -0.20383
0.31248 -0.17246
0.31258 0.13217
0.31274 -0.105
0.31281 -0.21898
0.31286 -0.18787
0.31297 0.52482
0.31315 -0.1439
0.31316 0.076201
0.31328 0.74766
0.31354 -0.36897
0.31365 -0.084124
0.31381 -0.13054
0.31397 0.26617
0.31409 0.053141
0.31449 0.70245
0.31459 0.43374
0.31487 0.55526
0.3149 -0.24021
0.31538 -0.074445
0.31588 0.092842
0.31618 0.65794
0.31622 -0.87773
0.31676 1.0838
0.31684 0.06486
0.31716 -0.44752
0.31762 0.84763
0.31793 0.058011
0.31807 -0.55955
0.31846 0.46843
0.31856 -0.67963
0.31858 1.8479
0.31874 1.0025
0.31916 -0.066901
0.31949 -0.97614
0.32071 0.89832
0.32136 0.93114
0.32157 0.49845
0.32178 0.052916
0.32188 -0.15063
0.32197 -0.16241
0.32241 -0.19832
0.32263 0.23149
0.32297 -0.10529
0.32318 0.97645
0.32323 -0.11698
0.32335 -0.081031
0.32353 -0.093878
0.32377 -0.12835
0.32387 0.38289
0.32414 -0.21023
0.32416 0.081541
0.32428 -0.072905
0.3243 0.40838
0.32438 0.11104
0.32454 0.070586
0.32467 0.15645
0.32496 -0.22421
0.32504 0.060227
0.32526 0.77236
0.32568 -0.13891
0.3258 0.30027
0.32592 -0.17663
0.32632 0.58326
0.32693 -0.066989
0.32696 -0.18919
0.32707 0.82237
0.32717 0.63374
0.32803 0.72577
0.32809 -0.3089
0.32943 0.67986
0.32955 0.052665
0.3296 0.2012
0.33002 -0.076839
0.33085 -0.071462
0.33135 0.3547
0.33153 0.86993
0.33172 -1.4466
0.33202 0.092737
0.33213 0.057885
0.33251 0.064877
0.33256 -0.1051
0.33305 -0.16595
0.33308 -0.12763
0.33322 0.95795
0.33336 -0.08396
0.33422 1.5212
0.33478 -0.067053
0.33567 -0.1524
0.33577 0.076158
0.33579 0.17796
0.33661 -0.21685
0.33666 -0.19977
0.33691 0.059595
0.33705 -0.18451
0.33721 -0.17412
0.33729 0.53942
0.33739 0.052386
0.33739 -1.8576
0.33745 -0.23462
0.33793 -0.074622
0.33826 -0.13791
0.33858 -0.093898
0.33861 -0.11626
0.33878 0.44741
0.33979 0.25405
0.34047 -0.26379
0.34073 0.13233
0.34078 0.064964
0.34183 0.057744
0.34271 -0.067093
0.34477 0.10651
0.34514 -0.16587
0.34531 0.05208
0.34564 1.1949
0.34576 0.32767
0.34577 -0.17757
0.346 -0.082983
0.34625 0.4246
0.34633 -0.10457
0.34642 0.797
0.34653 0.48835
0.3466 -0.20996
0.34707 -0.12764
0.34714 0.60901
0.34727 1.0285
0.34742 0.087128
0.34755 -0.073111
0.34757 0.39821
0.3476 0.91486
0.34822 0.059939
0.34831 0.75003
0.34886 0.51619
0.34901 1.0644
0.34919 1.1134
0.34927 0.9821
0.34941 0.071258
0.34956 -0.15463
0.3496 0.70296
0.34965 0.65586
0.3497 -0.14272
0.34975 -0.093199
0.34978 -0.11575
0.34984 0.84429
0.34987 -0.18843
0.35046 -0.20061
0.35064 0.56201
0.35071 -0.067109
0.35074 -0.2223
0.35099 0.21439
0.35126 1.0048
0.3514 0.27699
0.35149 0.77341
0.35218 0.82055
0.35228 0.63271
0.35229 0.58534
0.35292 0.88959
0.35314 -0.07081
0.3533 0.051748
0.35332 0.37355
0.35362 0.05822
0.35372 0.9398
0.35392 0.063414
0.35449 0.16077
0.35461 0.4654
0.35495 -0.076086
0.35594 0.18911
0.35611 0.72642
0.35617 0.23801
0.3564 0.30308
0.35643 -2.8543
0.35666 -0.1093
0.35688 0.67946
0.35699 -0.16195
0.35734 -0.17443
0.35755 0.35091
0.35781 -0.23952
0.35782 0.86753
0.35785 0.25708
0.35798 0.96081
0.35846 -0.099135
0.35856 0.53914
0.35878 -0.067102
0.35907 -0.14203
0.35915 0.058944
0.35916 -0.13331
0.35952 -0.20918
0.35955 -0.086343
0.3597 0.44459
0.3597 0.067805
0.3603 -0.19611
0.36039 0.079283
0.36095 -0.11997
0.36095 -0.15093
0.36136 0.051389
0.36178 -0.18551
0.36209 0.11822
0.36277 0.096521
0.36284 0.1387
0.36368 -0.33792
0.36426 -0.075433
0.36533 0.063022
0.36655 0.056843
0.36656 0.99642
0.36685 0.49898
0.36693 -0.067072
0.36724 -0.1073
0.36736 -0.22254
0.36742 -0.14068
0.36745 0.78242
0.36753 0.73847
0.36769 0.71464
0.36771 0.81119
0.36793 0.69132
0.36797 0.4827
0.36819 0.97261
0.36821 0.594
0.36831 0.624
0.36834 0.64045
0.36836 0.76555
0.36848 0.85542
0.36849 0.39035
0.36851 0.57773
0.36853 0.41045
0.36864 0.90632
0.36868 0.31865
0.36879 0.66732
0.36898 0.3629
0.36901 0.92376
0.36908 0.33591
0.3691 0.82827
0.3691 0.52694
0.36918 0.29094
0.36929 0.87907
0.36936 0.95026
0.36941 -0.20139
0.36944 0.5512
0.3695 0.051003
0.36958 0.17529
0.36968 0.42979
0.37003 -0.095158
0.37007 0.070129
0.37013 -0.25818
0.37032 0.26502
0.37049 0.20424
0.37073 -0.17842
0.37088 0.15113
0.37103 0.22135
0.37105 -0.16295
0.37112 0.45616
0.37137 -0.12959
0.37144 -0.1909
0.37146 0.061387
0.37165 0.25038
0.37206 -0.073346
0.37234 -0.21036
0.37251 0.79677
0.37252 0.055565
0.37253 -0.14951
0.37322 0.12876
0.37325 -0.082812
0.37334 0.10671
0.37339 0.082876
0.37364 1.0139
0.37399 0.70296
0.37401 0.75079
0.37414 0.98437
0.37419 0.6089
0.37457 0.37536
0.37497 0.72644
0.375 0.84334
0.37503 -0.29146
0.37514 -0.067018
0.37521 0.89153
0.3754 0.67962
0.37543 -0.117
0.37546 0.16296
0.37586 0.3508
0.37588 0.96172
0.37594 0.30398
0.37596 0.53907
0.37612 0.86716
0.37634 1.0426
0.37674 0.65414
0.37685 0.4439
0.37702 0.064828
0.37714 0.27819
0.37717 0.51369
0.37728 0.56424
0.37737 0.058276
0.37771 0.05059
0.37775 0.9391
0.378 0.49145
0.37813 0.14014
0.37862 0.11782
0.37875 0.46952
0.37913 0.095084
0.37924 0.23684
0.37952 -0.13984
0.37984 0.64309
0.38036 0.18859
0.38047 0.26785
0.38047 -0.17262
0.38072 0.57528
0.38073 -0.074455
0.3808 -0.091799
0.38107 -0.10374
0.38125 0.32681
0.38126 0.41024
0.38138 0.80648
0.38152 0.78696
0.38153 0.20049
0.38154 0.58517
0.38167 0.95169
0.38177 0.50067
0.38194 0.91545
0.38205 -0.21702
0.38219 -0.236
0.38221 0.99676
0.38226 0.77508
0.38234 0.48256
0.38238 0.17363
0.38244 0.055665
0.3825 -0.18396
0.38252 0.31478
0.38258 0.38578
0.3826 0.6913
0.38263 0.71453
0.3827 0.24773
0.38274 0.73827
0.38276 0.81838
0.38281 0.43363
0.38291 0.061953
0.38293 0.61972
0.38298 0.36337
0.383 0.9729
0.38302 0.85561
0.38317 0.63286
0.38328 0.42092
0.38342 0.071998
0.38343 -0.066941
0.38344 -0.20032
0.38345 0.39942
0.38352 -0.15207
0.38362 0.92694
0.38365 0.5281
0.38372 0.25812
0.38373 0.55014
0.38377 0.59754
0.38384 0.87934
0.38392 0.66824
0.38403 0.29223
0.38405 0.15191
0.38411 1.0787
0.38429 0.33972
0.38439 0.90296
0.38442 0.21097
0.38455 0.76178
0.38473 0.22378
0.38501 0.45538
0.38503 0.084591
0.38525 0.12901
0.38537 -0.083305
0.3857 0.10648
0.38584 0.83218
0.38589 -0.16352
0.38599 0.050152
0.38617 -0.12679
0.38655 -0.11463
0.38751 -0.39191
0.38758 -0.071258
0.38809 0.057749
0.38835 -0.076501
0.38861 0.79688
0.38908 0.06414
0.38939 0.53912
0.38954 0.37539
0.38974 0.68007
0.38986 0.26963
0.38993 0.6447
0.39002 0.4918
0.39003 0.16395
0.39015 0.70278
0.39027 0.74986
0.39032 0.72607
0.39064 0.41046
0.39071 0.94656
0.39084 0.89161
0.39088 0.35174
0.39109 0.1994
0.39161 0.33137
0.39163 0.11791
0.39163 0.14043
0.39179 -0.066841
0.39185 0.91112
0.39216 -0.73277
0.39226 0.84551
0.39229 0.44261
0.39252 0.43016
0.39252 -0.17379
0.39254 0.86662
0.39255 0.99561
0.39264 1.0058
0.39266 0.98472
0.39276 0.054622
0.39285 0.32041
0.39293 0.59876
0.39296 0.60889
0.39296 -0.2105
0.39309 0.96088
0.39313 0.58973
0.39319 0.57506
0.39325 -0.10685
0.39359 0.51955
0.3936 0.97303
0.39368 0.55924
0.39372 0.85591
0.39374 0.9214
0.39376 0.30462
0.3938 -0.072734
0.39386 0.80934
0.39414 0.46477
0.39418 0.2311
0.39421 0.2931
0.39427 -0.1648
0.39427 -0.22231
0.39429 0.28239
0.39434 0.049687
0.39434 0.24642
0.39442 -0.09335
0.39465 0.50538
0.39468 0.62382
0.39473 -0.080523
0.39478 0.079343
0.39479 0.77018
0.39483 0.9347
0.39495 0.47851
0.395 0.094016
0.39502 0.21881
0.39524 0.17731
0.39525 0.78385
0.39526 0.068885
0.39529 0.53025
0.39537 0.65783
0.39545 -0.15613
0.39545 0.54811
0.39546 0.060484
0.39562 0.40108
0.39577 -0.25982
0.39578 0.25997
0.39582 1.0234
0.39602 0.38879
0.39605 0.67041
0.39606 0.18967
0.39613 0.63511
0.39627 0.75946
0.3965 0.45404
0.39661 -0.14032
0.39664 0.69098
0.39665 -0.18767
0.39669 0.20831
0.39689 0.10775
0.39694 0.42034
0.39701 0.71415
0.39706 0.36378
0.39714 0.90252
0.39725 -0.12823
0.39744 0.82307
0.3975 0.34053
0.39761 0.83472
0.39769 0.12891
0.39775 0.73805
0.39776 0.15251
0.39779 -0.11772
0.39811 0.88064
0.3998 0.054808
0.40001 -0.074864
0.40022 -0.066717
0.40028 -0.47554
0.40053 -0.20091
0.40099 0.059393
0.40113 1.1259
0.40147 0.59764
0.40191 0.40971
0.402 0.53905
0.40206 0.91334
0.40211 0.99622
0.40247 0.32916
0.40249 0.064311
0.40255 0.67964
0.40275 0.049197
0.40314 -0.16541
0.40317 0.37538
0.40361 0.51447
0.40395 0.47008
0.40409 0.56527
0.40421 0.22479
0.40427 0.94685
0.40428 0.29206
0.40432 0.084181
0.40436 -0.82231
0.40444 0.77553
0.40451 0.97366
0.40459 0.84234
0.40473 0.58652
0.40481 1.0481
0.40484 0.16531
0.40497 -0.21376
0.40502 0.28173
0.40542 -0.072466
0.40545 0.89311
0.40547 0.85582
0.40549 0.27034
0.40554 0.75129
0.40556 -0.17699
0.40562 0.44762
0.40566 0.72482
0.40568 0.61705
0.40573 0.25539
0.40574 0.79815
0.40584 0.24624
0.40585 -0.10538
0.40585 0.45984
0.40591 0.76506
0.40592 0.64449
0.40596 0.31646
0.406 -0.081544
0.40608 0.073456
0.4061 0.053073
0.40615 0.93618
0.40617 -1.0283
0.40621 0.62947
0.40624 0.60623
0.40624 0.058477
0.40626 0.17542
0.40631 0.11748
0.40633 0.81341
0.40634 0.43213
0.40634 0.19919
0.40635 0.21377
0.4064 0.10296
0.40647 0.3985
0.40648 0.65591
0.40658 0.52601
0.40663 0.12867
0.40667 0.18474
0.40668 0.70256
0.40673 0.49174
0.40676 0.87137
0.40683 0.92561
0.40698 -0.92627
0.407 0.98616
0.40707 0.35185
0.40716 0.13993
0.40719 0.71397
0.40728 1.0087
0.40734 0.55242
0.40748 0.41867
0.40754 0.23629
0.40763 0.90452
0.40765 0.68932
0.40776 0.47846
0.40779 0.82229
0.40803 0.66676
0.40818 0.092503
0.40827 0.50547
0.40828 -0.093119
0.40831 0.78446
0.40833 -0.11576
0.40836 0.36496
0.40838 -0.23306
0.40868 0.33856
0.4087 0.8315
0.40871 -0.12659
0.40872 -0.066572
0.40884 0.57535
0.40909 0.15347
0.40922 0.88226
0.40936 -0.15293
0.40959 0.30383
0.40965 0.96044
0.41035 0.064507
0.41067 0.38605
0.41071 0.054567
0.41123 0.04868
0.4113 -0.20384
0.41143 0.73796
0.41162 -0.072858
0.4118 1.4004
0.41242 0.058796
0.41351 -0.28465
0.41377 0.91366
0.41379 0.40899
0.4138 -0.1396
0.4145 -0.3272
0.41492 0.61057
0.41493 0.51497
0.4152 0.10855
0.41539 0.58433
0.41557 0.12825
0.41559 0.29452
0.4156 0.28319
0.4158 0.80844
0.41581 0.44253
0.4159 0.26033
0.41597 0.86552
0.41607 0.63453
0.4161 -0.19064
0.41611 0.76018
0.41613 0.59716
0.41624 -0.077895
0.41626 0.69298
0.41632 0.53845
0.41644 0.88922
0.41653 0.24774
0.41654 0.68056
0.41654 0.45393
0.41656 0.96961
0.4166 0.48176
0.41678 -0.072209
0.41684 0.37315
0.4169 -0.086689
0.41696 0.95091
0.41697 0.054706
0.41702 0.56503
0.41703 0.655
0.41719 0.98061
0.41722 0.097938
0.41724 0.46887
0.41728 -0.066403
0.41743 0.061869
0.41745 0.070101
0.41746 0.22331
0.41749 0.72803
0.4176 0.99614
0.4176 0.1607
0.41764 1.0231
0.41768 0.17507
0.41769 1.0089
0.41775 0.36014
0.41776 0.20851
0.4178 0.083549
0.41785 0.9371
0.41788 0.77446
0.41789 0.421
0.41796 1.2859
0.41797 0.84331
0.41798 0.7894
0.418 0.19005
0.41801 0.19929
0.41817 0.35186
0.41824 0.32822
0.41829 0.34331
0.41832 0.82122
0.41836 0.71474
0.41838 0.83225
0.41842 0.90106
0.41855 0.92351
0.41868 0.62222
0.4187 0.31262
0.41876 -0.09799
0.41881 0.14869
0.4191 0.79993
0.41921 0.57614
0.41942 0.52551
0.41944 0.85621
0.41954 0.64359
0.41955 0.70169
0.41973 0.87764
0.41978 0.048138
0.41982 0.23604
0.4201 0.30207
0.42013 -0.16797
0.42016 0.39624
0.42034 0.13787
0.42039 -0.11288
0.42046 0.49018
0.42051 0.50213
0.42083 0.11757
0.42088 0.74862
0.42109 0.2705
0.4212 1.0781
0.42156 0.66727
0.42171 0.38401
0.42179 -0.072684
0.42195 0.43291
0.42203 0.55207
0.42219 0.96064
0.42231 0.7368
0.42347 0.058507
0.42349 -0.64032
0.42359 0.052742
0.42362 0.065008
0.42371 -0.21214
0.42389 -0.54882
0.42404 -0.079917
0.42561 1.6982
0.42579 0.10625
0.42591 -0.066212
0.42597 -0.25708
0.42602 0.60962
0.42665 0.36548
0.42668 0.45852
0.42693 0.92729
0.42694 0.16589
0.42711 -0.12962
0.42713 0.57233
0.42728 0.58441
0.42734 0.79555
0.42739 -0.088806
0.42754 0.30634
0.4276 0.98545
0.42763 0.54265
0.42765 0.22252
0.42769 0.28006
0.42773 -0.14806
0.42779 1.0083
0.42782 0.65856
0.42799 0.7054
0.42808 0.89106
0.42809 0.33878
0.4282 0.86551
0.42833 0.83301
0.42837 0.44574
0.42839 0.047571
0.42842 0.15568
0.42849 0.91382
0.42855 0.21412
0.42862 0.29342
0.4287 0.42313
0.42874 0.094484
0.42876 0.40944
0.42879 0.53184
0.42881 0.23042
0.42893 0.64872
0.429 0.78499
0.42901 -0.073106
0.42915 0.90203
0.42929 0.35234
0.42929 0.055111
0.4293 0.80829
0.42931 0.37599
0.42931 0.18452
0.4294 0.84279
0.42944 0.97206
0.42951 0.49347
0.42956 0.39844
0.42958 0.072455
0.42958 0.85195
0.42958 0.24211
0.42961 0.69181
0.42966 0.14381
0.42974 0.19941
0.42976 0.63428
0.4298 0.67614
0.42982 0.48065
0.42983 0.062203
0.43006 0.76172
0.43007 0.56228
0.43027 0.25792
0.43047 0.51648
0.43051 0.46752
0.43059 0.083879
0.43073 0.12876
0.43075 0.72723
0.43086 0.96117
0.43089 0.82164
0.43099 0.17382
0.43099 0.94982
0.431 0.77453
0.43108 0.75101
0.43113 1.0446
0.43123 0.74175
0.43126 0.71434
0.43131 0.31742
0.43154 0.62011
0.43161 0.11521
0.43163 0.93613
0.43173 0.66576
0.43196 0.59806
0.43201 0.38848
0.43206 0.27117
0.43227 0.32964
0.43246 -0.080093
0.43251 -0.23199
0.43266 -0.099531
0.43306 0.87856
0.43315 0.99551
0.43327 0.50271
0.43402 0.5513
0.43437 0.43249
0.43442 0.052041
0.4346 -0.065999
0.43507 -0.18004
0.43524 -0.073392
0.43607 0.057904
0.43654 0.064845
0.4369 0.22245
0.43706 0.046979
0.43721 1.0216
0.43757 0.30539
0.43764 0.92607
0.43768 -0.19716
0.43802 0.15121
0.43809 0.54028
0.43825 0.39868
0.4383 0.0794
0.43846 -0.087174
0.43874 0.66984
0.43882 0.64442
0.43903 0.36617
0.43911 0.79495
0.43913 0.86974
0.43916 0.47114
0.43919 0.888
0.4392 0.81686
0.43927 0.7706
0.4393 0.18943
0.43976 0.37882
0.44006 0.16424
0.44012 0.57377
0.44013 -0.070703
0.44015 0.2672
0.44016 0.70551
0.44018 0.41981
0.44019 0.58896
0.44019 0.65749
0.4402 0.089756
0.44021 -0.077437
0.44021 0.23388
0.44028 0.52858
0.44029 0.96239
0.44029 0.71802
0.44029 0.98303
0.44038 0.85874
0.44038 0.78109
0.44042 0.17858
0.44054 0.11857
0.4406 0.56025
0.44065 0.90121
0.4407 0.73719
0.44072 0.10485
0.44077 0.82791
0.44077 0.45775
0.44082 -0.11386
0.44083 0.9725
0.44127 0.84325
0.4413 0.21083
0.4413 0.68037
0.44139 1.0058
0.4414 0.052626
0.44145 0.24658
0.44149 0.40823
0.44154 0.59858
0.44157 0.62513
0.44158 0.14032
0.44162 0.28062
0.44182 0.60968
0.44191 0.32518
0.44199 0.7507
0.44211 0.33961
0.44222 0.071113
0.44229 0.91534
0.44248 0.44166
0.44248 0.76286
0.44256 0.6359
0.44261 0.47985
0.44267 0.49257
0.4428 0.31462
0.44293 0.29522
0.44327 0.5079
0.44335 -0.065764
0.44343 0.35371
0.44344 0.51863
0.44351 -0.36718
0.44396 0.93886
0.44422 0.95131
0.44432 0.80776
0.44434 0.99454
0.44441 4.5697
0.44473 0.87873
0.44478 0.38854
0.44502 0.43042
0.44506 0.060853
0.44522 0.72743
0.44524 -0.16211
0.44531 0.69213
0.44536 0.25793
0.44545 0.19834
0.44565 0.55031
0.44579 0.046363
0.44606 0.12817
0.44634 -0.071319
0.44667 3.9512
0.44739 -0.080967
0.44775 -0.065635
0.44851 0.080862
0.44912 0.66956
0.44915 -0.094752
0.4494 0.15159
0.44949 0.5839
0.44998 0.86787
0.45006 0.8892
0.4501 0.051716
0.45011 0.41234
0.45018 0.81899
0.45019 0.046042
0.45043 0.17345
0.45076 -1.3388
0.45078 0.52577
0.45078 0.63137
0.45081 0.76035
0.45095 0.26861
0.45108 0.33005
0.4511 0.40043
0.45112 0.47115
0.45126 0.30605
0.45126 0.79911
0.45129 0.95868
0.4513 0.59603
0.45132 0.53756
0.4514 0.77242
0.45142 0.18575
0.45144 0.36156
0.45144 -0.13561
0.45151 0.48282
0.45154 0.92482
0.4517 0.78771
0.45179 0.44803
0.45188 0.23859
0.45195 1.1081
0.45204 0.24932
0.45215 0.56287
0.45215 1.0638
0.45216 -0.065507
0.45217 0.31967
0.4522 1.0345
0.45229 1.015
0.45234 -0.2472
0.45236 0.11559
0.45236 0.22319
0.4524 0.64461
0.45269 0.42245
0.45284 0.62057
0.45286 0.10486
0.45288 0.972
0.45294 0.91058
0.453 -0.072841
0.45314 0.8438
0.45327 1.0011
0.45327 0.37578
0.45341 1.1819
0.45343 0.71622
0.45347 0.093986
0.45351 0.57496
0.45357 0.70116
0.45361 0.65895
0.45379 0.98804
0.45385 0.5155
0.45389 0.72744
0.45391 0.85451
0.45425 0.73876
0.45439 0.69199
0.45449 0.89919
0.45451 0.058663
0.45456 0.83292
0.45458 0.045722
0.45464 0.2073
0.45467 0.069227
0.45495 0.68228
0.45497 0.75209
0.45517 0.38895
0.45522 0.33787
0.45528 0.43556
0.45528 0.27845
0.45542 0.16326
0.4555 0.29079
0.45556 0.94761
0.45562 0.34945
0.45571 0.13834
0.4558 -0.2161
0.45586 0.50252
0.45596 0.49095
0.45617 0.93614
0.45617 0.87852
0.45625 -0.081432
0.45629 0.45837
0.45639 0.19627
0.4564 0.80863
0.45644 0.12648
0.45659 -0.065368
0.45741 0.60867
0.45748 0.25826
0.45749 -0.28611
0.45753 0.55027
0.45849 -0.185
0.45901 0.045389
0.45915 -0.072185
0.45932 0.051143
0.45959 -0.41757
0.46061 -0.33158
0.46102 -0.065228
0.46103 0.081478
0.46154 0.31425
0.46154 0.58448
0.46194 0.77227
0.46204 0.2336
0.46207 0.76252
0.46245 0.63077
0.46257 0.65428
0.46257 0.42517
0.4626 1.0077
0.46279 0.95903
0.46286 0.72742
0.46298 0.78164
0.46313 0.46761
0.46337 0.54069
0.46342 0.38438
0.46343 0.045057
0.46346 0.92893
0.46346 0.24581
0.46347 0.18889
0.46349 0.41132
0.46356 0.69318
0.46358 0.6184
0.46364 0.52726
0.46366 -0.089637
0.46367 0.57069
0.4637 0.060412
0.46372 0.55965
0.46377 -0.10919
0.46385 0.8446
0.46397 -0.070223
0.46405 0.32813
0.46407 0.34093
0.46413 -0.077575
0.46417 0.39542
0.46417 0.28211
0.4642 0.9177
0.46421 0.9047
0.46423 0.44713
0.46434 0.17503
0.46443 0.79712
0.46444 0.13068
0.46454 0.88976
0.46455 0.4808
0.46461 0.66857
0.46465 0.85527
0.46467 0.16346
0.46472 0.996
0.46473 0.80829
0.4648 0.86687
0.46482 0.87839
0.46484 0.10503
0.4649 0.70634
0.46499 0.94943
0.46514 0.81934
0.46521 0.15189
0.46522 0.59796
0.46524 0.12011
0.46526 0.21399
0.46527 0.5123
0.46549 -0.065079
0.46555 0.49507
0.46555 0.36259
0.46569 0.74972
0.4657 0.26995
0.46576 0.091615
0.46606 0.50348
0.46626 0.30232
0.46638 0.6821
0.46652 0.22485
0.46665 1.0211
0.46681 0.97002
0.46693 0.982
0.46707 0.37572
0.46711 0.71745
0.46725 0.2906
0.46727 0.20051
0.46727 0.93983
0.46732 0.13896
0.46738 0.83277
0.46744 0.45858
0.4676 0.071142
0.46762 0.34979
0.46772 0.64407
0.46788 0.044712
0.46803 0.25703
0.46821 0.43429
0.46935 0.738
0.46949 0.55044
0.46957 -0.070825
0.46982 0.60943
0.46995 -0.064929
0.46995 0.050372
0.47025 -5.2898
0.47174 0.77264
0.47187 -0.080795
0.47233 0.044368
0.47268 0.58937
0.47283 0.80794
0.47287 1.043
0.47319 0.42295
0.47321 0.31537
0.47357 0.89922
0.47363 0.87846
0.47365 0.65582
0.47376 0.16352
0.47383 0.96261
0.47394 0.68873
0.47418 0.57809
0.47438 0.95124
0.47444 -0.064768
0.47447 0.49024
0.47457 0.095345
0.47461 0.40079
0.47461 0.63464
0.47466 0.52871
0.47471 0.44241
0.47483 0.53852
0.47513 0.62197
0.47515 0.209
0.47518 0.29467
0.47527 0.69909
0.47551 1.0061
0.47557 0.91073
0.47564 0.51929
0.47569 0.85405
0.47574 0.143
0.47581 0.5634
0.47581 0.78561
0.47591 0.061778
0.47599 0.99179
0.47612 -0.093002
0.47616 0.082284
0.47623 0.07156
0.47624 0.23439
0.47626 0.11466
0.4763 0.21948
0.47635 0.7473
0.47641 0.6786
0.4765 0.45295
0.47653 0.28209
0.47655 -0.12818
0.47659 0.12965
0.4766 0.38606
0.47662 0.2497
0.47662 -0.072149
0.47667 0.35448
0.4767 0.36273
0.47671 0.71143
0.47674 0.3712
0.47677 0.34036
0.47681 0.044012
0.47684 0.8394
0.47684 0.27135
0.47689 0.46776
0.4769 0.50374
0.47705 0.82709
0.47709 0.98291
0.47711 0.18761
0.47733 0.26203
0.47734 0.92673
0.47745 0.75949
0.47768 0.8169
0.47784 0.72606
0.47803 0.48085
0.47813 0.10392
0.47831 0.17387
0.47832 0.32636
0.47849 0.97333
0.47867 0.5994
0.47882 0.94013
0.47893 -0.064608
0.47895 0.7982
0.4791 0.88955
0.47911 0.2004
0.47915 -0.15669
0.47925 0.41172
0.47946 0.86766
0.47972 0.15299
0.47977 0.43311
0.47986 0.66707
0.48001 0.30441
0.48003 0.61095
0.48007 0.051079
0.48033 0.73873
0.48036 0.6447
0.48076 -0.080829
0.48123 0.5505
0.48129 0.043656
0.48249 1.0756
0.48344 -0.064437
0.48374 0.58675
0.48382 1.0224
0.48401 -0.070775
0.48417 0.80871
0.48446 0.90115
0.48498 0.070347
0.48508 0.4228
0.48516 0.52958
0.48544 -1.1499
0.48544 5.2797
0.48547 0.44409
0.4855 0.99721
0.48553 0.94766
0.48558 0.29351
0.4856 0.70393
0.48563 0.9599
0.48566 0.34994
0.48579 0.043288
0.48583 0.11991
0.48611 0.65618
0.48624 0.54085
0.48643 0.22389
0.48655 0.83262
0.48655 0.6763
0.4866 0.37589
0.48667 0.2439
0.48673 0.87831
0.48678 0.48996
0.4869 3.2493
0.48695 0.98508
0.48698 0.68974
0.487 0.094849
0.48709 0.57402
0.4875 0.63198
0.48756 -0.24427
0.4876 0.048306
0.48777 0.10907
0.48782 0.47634
0.48786 0.36243
0.48793 0.51596
0.48796 -0.064266
0.488 0.78991
0.48802 0.2555
0.48802 0.27045
0.48806 0.21003
0.48811 -0.07829
0.48811 -0.10725
0.48813 -0.08888
0.48816 0.77409
0.48829 0.17882
0.4883 0.61775
0.4883 0.1874
0.48836 0.19579
0.48842 0.16422
0.48845 0.46736
0.48857 0.15295
0.48859 0.86891
0.48862 0.33133
0.48864 0.14168
0.48866 0.058135
0.48886 1.0076
0.48893 0.72534
0.48894 0.82042
0.48899 0.8003
0.48902 0.76109
0.48906 0.34166
0.48908 0.3166
0.48909 0.60601
0.48915 0.73417
0.48924 0.74877
0.48928 0.85964
0.48935 0.71566
0.48948 0.45739
0.48949 0.39977
0.48951 0.12855
0.48955 0.91458
0.48956 0.92555
0.48992 0.28347
0.49021 0.59547
0.49022 0.41327
0.4903 0.042921
0.49031 0.93622
0.49046 0.84478
0.49086 0.38546
0.49102 0.5601
0.49107 0.30319
0.49125 0.89066
0.4915 0.54855
0.49154 0.43325
0.49185 0.97224
0.49191 0.08058
0.49193 0.23378
0.49205 0.66699
0.4921 -0.0705
0.4925 -0.064085
0.49266 0.64558
0.49287 0.50348
0.49288 -0.57569
0.49325 0.046627
0.49364 0.051479
0.49378 -0.31646
0.49483 0.042542
0.49547 -0.080369
0.49659 0.52507
0.49674 -0.36222
0.49685 0.7965
0.49689 0.80782
0.49694 0.42227
0.497 0.90181
0.49704 -0.063904
0.49707 0.48205
0.4973 0.67826
0.49742 0.3492
0.49744 0.88161
0.49747 0.9497
0.49754 0.15311
0.49768 0.61189
0.49769 0.96225
0.4977 0.33756
0.4979 -0.87074
0.49791 0.20028
0.49815 0.57062
0.49816 0.26993
0.49822 -0.49283
0.49824 0.13219
0.4983 0.17414
0.49835 0.65688
0.49837 0.86981
0.49859 0.73892
0.49865 0.067527
0.49865 -0.98699
0.49867 0.98146
0.49887 0.26124
0.49888 0.83087
0.4989 0.71478
0.49906 0.22144
0.49908 0.53884
0.49926 0.70338
0.49927 1.0419
0.49927 0.78633
0.4993 0.11868
0.49935 0.042163
0.49937 1.0163
0.49939 0.055843
0.4994 0.10299
0.49941 -0.19834
0.49948 0.047329
0.49949 0.18744
0.49949 0.58491
0.49951 -0.071388
0.49956 0.27846
0.49964 0.9963
0.49974 0.55181
0.49979 0.46852
0.49982 0.72581
0.49991 -0.092079
0.49996 0.6009
0.49997 0.45692
0.5 -6
0.5 6
0.50025 0.44538
0.50031 -0.13049
0.50033 0.51449
0.50037 0.31713
0.50039 0.29332
0.5004 0.49282
0.5004 0.30818
0.50055 0.62299
0.50066 0.41084
0.50087 2.2538
0.50088 0.37486
0.50089 0.24598
0.50093 0.3267
0.50096 -1.749
0.50101 1.1217
0.50106 0.38989
0.50107 0.81874
0.5012 0.92478
0.50123 0.089657
0.50125 0.63653
0.50128 0.76181
0.5014 0.68906
0.5016 -0.063713
0.50175 0.20943
0.50177 0.36075
0.50181 0.91175
0.50211 0.93786
0.50228 0.7482
0.50238 0.7757
0.50248 0.43193
0.50279 0.23257
0.50295 0.40042
0.50309 0.16415
0.50309 0.89093
0.50311 0.84218
0.50321 0.85467
0.50348 0.14203
0.50348 0.64752
0.50353 0.078406
0.50356 -0.74348
0.50357 0.56123
0.50383 0.97121
0.50391 0.041773
0.504 0.66769
0.5042 -0.079766
0.50498 0.50374
0.50533 0.051236
0.50569 1.2561
0.50581 0.045984
0.50617 -0.063522
0.50659 -0.069562
0.50732 0.26983
0.50764 0.71441
0.5081 0.87949
0.50841 0.79813
0.50846 0.041383
0.50857 0.81111
0.50913 0.35257
0.50938 0.61135
0.50939 0.1302
0.50969 0.10871
0.50978 0.5719
0.50983 0.8346
0.50991 0.95872
0.50994 0.058205
0.51005 0.30352
0.5101 0.48245
0.51012 0.62112
0.51015 0.22539
0.51019 0.33878
0.51028 1.9308
0.51033 0.5129
0.51039 0.45628
0.51043 0.52588
0.51045 0.32756
0.51045 0.38431
0.51065 0.91523
0.51076 -0.063321
0.51076 0.25834
0.51083 0.53818
0.5109 0.94495
0.51099 -0.28091
0.51105 0.18778
0.51109 0.98193
0.51116 0.75225
0.51116 0.15388
0.51123 1.3535
0.51128 0.49482
0.51129 0.7841
0.51132 0.19942
0.51135 0.31658
0.51139 0.44631
0.51142 0.63003
0.51144 2.6811
0.51145 0.69425
0.51151 0.047779
0.51169 -0.087887
0.51169 -0.10638
0.51171 0.93328
0.51171 0.21456
0.51174 0.09731
0.51178 -0.076098
0.51182 0.4219
0.51186 0.43705
0.5119 0.0706
0.51198 0.17583
0.51204 0.55046
0.51205 0.5617
0.5121 0.40685
0.51214 0.90235
0.51222 -0.068562
0.51226 0.67939
0.51226 1.024
0.51236 0.39479
0.5124 0.73823
0.51241 0.70504
0.51244 0.64189
0.51245 0.82285
0.51248 0.2821
0.5125 0.77228
0.51259 1.0075
0.51275 0.65658
0.51278 0.16444
0.51291 0.72384
0.51303 0.040982
0.51311 0.23571
0.5134 -1.9841
0.5134 -3.6333
0.51342 0.58341
0.51342 0.88911
0.51343 0.59597
0.51345 0.66797
0.51378 -1.5211
0.51383 0.92345
0.51389 0.86619
0.51398 0.29432
0.51399 0.36396
0.51418 0.85532
0.51419 0.99427
0.51423 0.96984
0.51433 0.083602
0.51445 0.84511
0.51471 0.46899
0.51475 0.37589
0.51485 0.1186
0.51534 -0.06312
0.51579 0.76165
0.51581 0.2472
0.51593 0.14107
0.5162 0.5041
0.517 -0.070294
0.51761 0.040581
0.51768 1.0747
0.51829 0.04462
0.51891 -0.64069
0.51907 -0.079534
0.51938 0.051813
0.51945 1.5112
0.51949 0.3278
0.5196 0.62095
0.51995 -0.06291
0.51997 0.51501
0.52039 0.93912
0.52043 0.83319
0.52044 0.57608
0.52103 0.71324
0.52114 0.68896
0.52115 0.25676
0.52141 0.96255
0.52161 0.64712
0.52167 0.35041
0.52171 0.56392
0.52188 0.41231
0.52189 0.2693
0.52195 0.43211
0.52196 0.18854
0.52204 0.89298
0.52206 0.53735
0.52212 0.27999
0.52215 0.88049
0.52218 0.15035
0.52219 0.92888
0.5222 0.04017
0.52226 0.69964
0.52231 0.79229
0.52232 0.98668
0.52235 0.76982
0.52241 0.073918
0.52252 0.77956
0.52257 0.092801
0.52267 0.46044
0.5228 0.44605
0.52296 0.80875
0.52298 0.19871
0.523 -0.070685
0.52307 0.062298
0.52322 0.47741
0.52325 0.20846
0.52328 0.40086
0.52332 -0.15576
0.52333 0.75132
0.52334 -0.12621
0.52334 0.2893
0.52336 -0.091497
0.52343 0.91521
0.52345 0.22396
0.52358 0.95023
0.52364 0.59691
0.5237 0.72673
0.52377 0.16316
0.52378 0.10668
0.5238 0.30428
0.52387 0.38573
0.52395 0.46882
0.52405 0.66805
0.52409 0.52498
0.52423 0.33774
0.52431 0.31812
0.52435 0.11807
0.52439 0.49241
0.52443 1.0163
0.52444 0.12919
0.52448 0.63491
0.52456 0.60731
0.52456 -0.062699
0.5247 0.37174
0.5248 0.58699
0.52494 0.97407
0.52506 0.23878
0.52506 0.65605
0.52522 0.36125
0.52523 0.82287
0.52531 0.68039
0.52538 0.85488
0.52546 0.17672
0.52563 0.84221
0.52569 0.045104
0.52582 0.9021
0.52582 0.76248
0.52604 0.24915
0.52612 0.99938
0.52627 0.50595
0.52648 0.86825
0.52649 1.0389
0.52654 0.14148
0.5268 0.039758
0.527 0.42199
0.52716 0.55074
0.52748 0.052737
0.52759 0.082908
0.52761 -0.079172
0.52777 0.73841
0.52919 -0.062479
0.52976 -0.41494
0.52979 -0.068746
0.53116 0.92525
0.5313 0.28069
0.53141 0.039336
0.53154 0.4558
0.53166 0.57486
0.53173 0.516
0.53194 0.25809
0.53206 0.93694
0.53234 0.7051
0.53239 0.78531
0.53279 0.59682
0.5331 0.7584
0.53315 0.48148
0.53321 0.31427
0.53321 0.64752
0.53328 -2.323
0.53331 0.9609
0.53341 0.72907
0.53343 0.54141
0.53362 0.3658
0.53382 -0.062258
0.534 0.46835
0.53401 0.15053
0.53403 0.22314
0.53415 0.35545
0.53417 0.046829
0.53427 0.77151
0.53429 0.11844
0.53433 0.66003
0.5344 0.84511
0.53443 0.39544
0.53449 0.2139
0.53453 0.34335
0.5346 0.32774
0.5346 0.6679
0.5346 0.69049
0.53467 0.67599
0.53478 1.0092
0.5349 0.05755
0.535 -0.10611
0.535 0.18378
0.53501 0.38624
0.53503 0.8325
0.53504 -0.087508
0.53506 0.29307
0.53508 -0.075503
0.5351 0.80775
0.53512 0.19879
0.53522 0.17193
0.53526 0.98487
0.53527 0.81734
0.53534 0.4102
0.53535 0.071316
0.5354 -0.067677
0.53544 0.12815
0.53563 0.71774
0.53567 0.90722
0.53575 0.89194
0.53577 0.91761
0.53583 0.87591
0.53583 0.79753
0.53585 0.13716
0.53589 0.52983
0.53591 0.24605
0.53592 0.62117
0.53601 0.44702
0.53603 0.038914
0.53612 0.4335
0.53625 0.09338
0.53632 1.0218
0.53635 0.8636
0.53639 0.08214
0.53643 0.42169
0.53652 0.94845
0.53672 0.23248
0.53685 0.16172
0.53688 0.37646
0.53693 0.97216
0.5371 0.6068
0.53721 0.10691
0.53727 0.63592
0.53728 0.56119
0.53751 0.49022
0.53763 0.54973
0.53773 0.74764
0.53779 0.50267
0.53792 0.73659
0.53796 0.26972
0.53804 0.58618
0.5381 0.85334
0.53847 -0.062029
0.53874 -0.3203
0.53888 0.30512
0.54023 -0.06951
0.54028 0.99876
0.54066 0.038482
0.541 0.043115
0.54216 0.92674
0.5423 0.45649
0.5424 -0.079104
0.54252 0.050784
0.54296 0.22179
0.5431 0.72779
0.54312 -0.061799
0.54341 0.65481
0.54349 0.76004
0.54392 0.96507
0.54393 0.31623
0.54407 0.68012
0.54414 0.35031
0.54448 0.17785
0.54448 0.3999
0.54504 0.54163
0.54506 0.36312
0.54513 0.66735
0.5453 0.03805
0.54531 0.28259
0.54551 0.38797
0.54561 0.86981
0.54583 0.55282
0.54587 0.79659
0.54588 0.95456
0.54588 0.16781
0.54596 -0.24024
0.54601 -0.28171
0.54602 0.080745
0.54606 0.64398
0.54614 -0.19017
0.54619 0.91485
0.54623 0.10212
0.54625 0.61106
0.5463 0.15631
0.54632 -0.070006
0.54633 0.83273
0.54635 0.82272
0.54636 -0.13001
0.54645 0.78503
0.5465 0.80771
0.54651 0.47989
0.54652 0.90292
0.54655 0.51722
0.54659 0.070821
0.54664 0.061191
0.5467 0.49331
0.54674 -0.091418
0.54675 0.42089
0.54677 0.1437
0.54686 0.46635
0.54688 0.12835
0.54692 0.58615
0.54703 0.59741
0.54704 0.44489
0.54705 0.11336
0.54709 0.19885
0.54711 0.04433
0.54724 0.24144
0.54726 0.84392
0.54729 0.85888
0.54731 0.63172
0.54733 0.57485
0.54762 1.0124
0.54765 0.73823
0.54767 0.29648
0.54768 0.25683
0.54776 0.70421
0.54779 -0.06156
0.54784 0.20949
0.54785 0.9403
0.54794 0.77074
0.54796 0.18859
0.54798 0.33852
0.54801 0.71838
0.54817 0.23076
0.54826 -0.36594
0.54826 1.0624
0.54836 0.97549
0.5484 1.0331
0.54842 0.53034
0.54855 0.98879
0.5486 0.32604
0.54882 0.40876
0.54894 0.68926
0.54895 0.89293
0.54928 0.88145
0.54963 0.5614
0.54968 0.30737
0.5497 0.27067
0.54972 1.1071
0.54995 0.037607
0.54999 0.3756
0.55082 0.62061
0.55099 0.092602
0.55104 0.051077
0.55105 -0.079073
0.55106 0.43344
0.55119 0.99961
0.55129 0.74984
0.55209 0.50296
0.55232 1.181
0.55245 -0.061321
0.55276 0.044567
0.55337 -0.068224
0.5546 0.037165
0.55469 0.72776
0.55472 0.96308
0.55474 0.22215
0.55492 0.16316
0.55504 0.79635
0.55535 0.47003
0.55553 0.58635
0.55568 0.53765
0.55575 0.76194
0.55588 0.6668
0.55612 0.67784
0.55645 0.89955
0.55661 0.041028
0.55685 0.62895
0.55686 0.24657
0.55711 0.6551
0.55713 0.83067
0.55714 -0.061073
0.55724 0.27799
0.55725 0.45688
0.55734 0.90971
0.55736 0.083316
0.55737 0.85413
0.55738 0.17615
0.5575 0.63925
0.55774 0.98241
0.55781 0.81678
0.55793 0.057056
0.55807 0.95085
0.5581 0.070512
0.55811 0.19819
0.55812 0.36694
0.55813 0.33088
0.55816 0.55083
0.55822 0.34025
0.55829 0.35147
0.55833 0.37538
0.55835 -0.10638
0.55836 0.38377
0.55836 0.28928
0.55845 0.39828
0.55853 0.12862
0.55854 0.49003
0.55856 0.3167
0.55857 0.13788
0.55859 -0.087979
0.55859 0.9254
0.55863 0.11931
0.55881 0.18741
0.55883 -0.076252
0.55887 0.44215
0.55889 0.2351
0.5589 0.89055
0.55892 0.30207
0.55897 0.41338
0.55897 0.047644
0.55902 0.15194
0.55907 0.71565
0.55921 0.8684
0.55927 0.036713
0.55931 0.10444
0.55941 0.47842
0.55948 0.77497
0.5595 0.42548
0.5595 0.56613
0.55966 0.60947
0.55988 0.80571
0.55992 0.99286
0.55994 0.73956
0.56007 0.52628
0.56009 -0.067675
0.56015 0.78687
0.56023 0.57722
0.56026 0.59597
0.56026 0.43384
0.56066 1.0055
0.56071 0.62136
0.56083 0.51202
0.56089 0.25499
0.56107 0.88095
0.56125 0.93964
0.56134 0.26661
0.56139 0.69239
0.56167 0.97256
0.56175 0.092055
0.56182 -0.060825
0.56203 0.21185
0.5622 0.70465
0.563 0.84356
0.56319 0.50077
0.56332 1.0209
0.56338 0.040872
0.56357 0.75199
0.56394 0.036261
0.56429 -0.072686
0.56475 0.051999
0.5652 0.16394
0.56548 -0.066585
0.56557 0.66756
0.56609 0.046124
0.56613 0.46914
0.56622 -0.080576
0.56642 0.53862
0.56652 -0.060569
0.5667 0.37537
0.56722 0.32633
0.56756 0.63028
0.56757 0.82236
0.56758 0.91393
0.56778 0.22438
0.56798 0.059546
0.56818 0.44771
0.56831 0.33839
0.56859 -0.1561
0.56862 0.0358
0.56866 0.6189
0.56869 0.88815
0.56871 0.30747
0.56872 0.7643
0.56874 0.77355
0.56876 0.2346
0.56897 0.90048
0.56906 0.94714
0.56921 0.57257
0.56944 -0.12658
0.56947 1.0437
0.56961 0.64401
0.56966 0.6001
0.56967 0.9606
0.56977 0.81113
0.56978 0.41968
0.56978 0.79611
0.56985 0.25801
0.56985 0.2454
0.56986 0.78212
0.56997 0.11402
0.57 0.48094
0.57001 0.1438
0.57001 0.85612
0.57006 0.40711
0.57012 -0.065201
0.57012 0.12883
0.57019 0.041284
0.57023 0.36321
0.57028 0.29587
0.57028 0.39773
0.5703 0.10518
0.57035 0.58629
0.5704 -0.092321
0.5704 0.43429
0.57046 0.096759
0.57053 0.72721
0.57055 0.082471
0.57061 0.17352
0.57062 -0.072226
0.57067 0.97176
0.57075 0.983
0.57077 0.99795
0.5708 0.18737
0.57093 0.1548
0.57099 0.87803
0.57101 0.28003
0.57101 0.38774
0.57114 0.8327
0.57121 0.54819
0.57122 -0.060312
0.57128 0.51857
0.57137 0.68044
0.57138 0.71169
0.57147 0.2031
0.57173 0.068986
0.57178 0.49299
0.57191 1.01
0.57198 0.56043
0.5721 0.69051
0.57215 0.69949
0.5722 0.52948
0.57248 0.8677
0.57255 0.74287
0.57275 0.21403
0.57279 0.45827
0.57293 0.65674
0.57294 0.9228
0.57302 0.049145
0.57315 0.93531
0.57319 0.31732
0.57331 0.035338
0.57351 0.50574
0.57353 0.26693
0.57387 0.35068
0.57415 0.61023
0.57428 0.75409
0.57504 -0.080946
0.57562 0.84379
0.57593 -0.060046
0.57618 -0.065797
0.5767 0.040197
0.57709 -0.073399
0.57733 0.77343
0.5775 0.1639
0.5778 0.66808
0.57782 0.32852
0.57801 0.034867
0.57833 0.23265
0.57857 0.63556
0.57891 0.22128
0.57934 0.42481
0.5794 0.092202
0.5795 0.13865
0.5796 0.55166
0.57961 0.62295
0.57976 1.077
0.58002 0.91182
0.58028 0.9708
0.58033 0.11898
0.58034 0.99242
0.5804 0.47042
0.58058 0.79562
0.58064 -0.059781
0.58077 0.073178
0.58083 0.44677
0.58095 0.96033
0.58098 0.90074
0.58098 0.51409
0.581 0.805
0.58101 -0.070213
0.58102 0.38695
0.58105 0.41355
0.58132 0.53938
0.58137 0.85255
0.58138 0.10526
0.58159 0.19759
0.5816 0.37528
0.58161 0.86247
0.58162 0.88895
0.58174 0.39828
0.58176 0.76227
0.5818 -0.82458
0.58185 0.87404
0.58189 0.17571
0.58189 -0.10713
0.58199 0.82066
0.58217 0.78567
0.58221 0.48452
0.58224 0.5245
0.58224 0.83446
0.58225 0.58624
0.58226 0.72685
0.58227 0.24339
0.5823 0.71782
0.58231 0.29031
0.58232 0.15086
0.58238 1.0041
0.58243 -0.089185
0.58243 0.94877
0.58247 0.70521
0.58249 0.059602
0.58255 0.28087
0.58261 0.35962
0.58266 0.3059
0.5827 0.034397
0.58276 0.35047
0.58277 0.25656
0.58283 0.57354
0.58284 -0.065019
0.58293 0.73587
0.58306 0.045181
0.58308 0.34087
0.58313 0.59863
0.58315 0.27171
0.58324 0.67737
0.58325 0.6904
0.58326 0.49639
0.58334 1.0223
0.58342 -0.077057
0.58345 0.64695
0.58359 0.56019
0.58378 0.21034
0.58393 0.93709
0.58396 0.65874
0.58402 0.45854
0.58402 0.31909
0.58409 -0.28732
0.58444 0.61211
0.58473 0.9262
0.58477 0.74922
0.58495 0.083011
0.585 0.50637
0.58504 0.43394
0.58513 0.12926
0.58515 0.98273
0.58537 -0.059507
0.58578 -0.070001
0.58637 -0.45726
0.5865 0.18745
0.58707 -0.39258
0.58734 0.84394
0.58741 0.033917
0.58792 -0.34041
0.58829 -0.065027
0.5889 -0.66959
0.58896 0.23568
0.58954 0.039112
0.58975 0.77284
0.58984 0.093754
0.58996 0.55107
0.59003 0.66783
0.59009 -0.059233
0.5901 0.14038
0.59012 -0.082768
0.59015 0.38703
0.59027 0.79611
0.59031 0.22409
0.59043 0.32864
0.59046 0.42265
0.59112 0.86768
0.5914 0.61993
0.59154 0.35119
0.59157 0.9738
0.59171 0.96211
0.59181 0.9155
0.59211 0.033438
0.59215 0.44216
0.59217 -0.13127
0.59233 0.63355
0.59253 -0.072374
0.59264 0.69999
0.59279 0.24539
0.59281 0.17792
0.59283 0.85593
0.59286 0.9939
0.59289 0.64467
0.59304 0.45246
0.5931 -0.19946
0.59315 0.902
0.59325 0.87847
0.59328 -0.06415
0.59335 0.58658
0.59336 0.80832
0.59337 0.072285
0.59338 0.16415
0.59345 0.46454
0.5935 -0.92114
0.59363 0.47723
0.59371 0.29606
0.59374 0.48983
0.59381 0.71148
0.59383 0.53009
0.59384 0.515
0.59385 0.50136
0.59387 0.72648
0.59399 0.67924
0.59402 0.56236
0.59406 0.28103
0.59409 0.74052
0.5941 0.04851
0.59422 0.30554
0.59431 -0.093315
0.59432 0.26601
0.59433 0.15025
0.59446 0.74957
0.59457 -0.56323
0.59458 0.40926
0.59459 0.60913
0.59483 -0.058951
0.59486 0.11778
0.59491 0.88923
0.59497 0.65493
0.59511 0.39671
0.59513 0.1036
0.59513 0.54153
0.59519 0.37765
0.59527 0.93694
0.59528 0.75929
0.59528 0.31549
0.59542 0.83204
0.59559 0.19952
0.59572 0.084472
0.59572 0.36488
0.59574 0.21299
0.59577 0.13145
0.59579 1.0086
0.59579 0.8192
0.59583 1.0476
0.59592 0.95029
0.59593 1.2841
0.59604 0.98235
0.59618 0.059927
0.59622 0.92427
0.59633 0.59838
0.59638 0.25507
0.59675 0.33989
0.59683 0.032949
0.59684 -1.033
0.59685 0.78454
0.59692 0.4328
0.59741 0.18671
0.59753 0.84487
0.59772 0.038212
0.59785 0.69043
0.59816 0.57377
0.59865 -0.081591
0.59898 -0.24378
0.59956 -0.058669
0.6001 -0.064897
0.60011 0.23461
0.60078 -0.073288
0.60147 0.64395
0.60155 0.032461
0.60195 0.09396
0.602 1.1237
0.60257 0.45785
0.60305 0.50617
0.60305 0.14155
0.60332 0.89353
0.60351 0.15395
0.60377 0.27136
0.60396 0.74829
0.60399 0.29093
0.60431 -0.058379
0.60433 0.49609
0.60437 0.68131
0.60447 0.82284
0.60448 0.40157
0.60455 0.37425
0.60462 0.043578
0.60468 0.88309
0.60471 0.20929
0.60472 0.56434
0.60477 0.41077
0.60481 0.38733
0.60482 0.77146
0.60487 0.92733
0.60487 0.44434
0.60487 0.5825
0.60497 0.73544
0.60498 0.2468
0.60501 0.48423
0.60501 0.55122
0.60503 0.97271
0.60506 0.95753
0.60508 0.17702
0.6051 0.98746
0.60515 0.52423
0.60519 0.42163
0.60523 0.03632
0.60526 0.86776
0.60533 0.053487
0.60534 0.53635
0.60537 0.62063
0.6054 0.433
0.60541 0.12854
0.60544 0.72647
0.6055 0.59279
0.60553 0.99972
0.60555 0.66781
0.60555 0.63427
0.60557 0.81229
0.60558 0.30432
0.60563 0.32781
0.6057 0.71715
0.60571 0.31577
0.60572 0.91444
0.60573 0.79717
0.60579 0.33954
0.60584 0.94556
0.60586 0.60498
0.60589 0.22113
0.60613 0.065543
0.60616 0.85194
0.60621 -0.10836
0.60622 1.0098
0.60628 0.3512
0.60628 0.031964
0.60631 0.70176
0.60638 -0.070009
0.60638 1.0229
0.60662 0.26
0.60663 0.84
0.60667 0.9016
0.60668 0.47017
0.60673 0.65334
0.60691 -0.08956
0.60704 0.1907
0.60706 -0.077777
0.60707 0.51395
0.60729 0.75926
0.60734 0.10689
0.60759 0.08027
0.60804 0.6897
0.60808 0.11831
0.60821 0.83018
0.60821 0.93557
0.60833 0.7837
0.60842 0.36505
0.60851 0.20114
0.60881 0.2808
0.60905 -0.058089
0.60918 -0.06336
0.60923 -0.15691
0.60949 0.16327
0.61015 0.57344
0.61061 0.038726
0.61101 0.031468
0.6131 0.39722
0.6138 -0.057792
0.614 0.45746
0.61427 0.95155
0.61429 0.43316
0.61434 0.98204
0.61435 0.49153
0.61458 0.64285
0.61467 0.75246
0.61468 0.40908
0.61476 0.33936
0.61477 -0.0708
0.61479 0.045506
0.61479 0.53003
0.6148 0.63076
0.61483 0.59829
0.61484 0.12506
0.61498 0.26939
0.61499 0.87864
0.61501 1.3978
0.61553 0.74164
0.61555 -0.081414
0.61559 0.90472
0.61562 0.84563
0.61567 0.13573
0.61574 0.030963
0.61584 -0.062835
0.61587 0.69274
0.61596 0.1502
0.61605 0.094534
0.61608 0.68111
0.61624 0.56171
0.61626 0.26032
0.61628 0.50479
0.6163 0.057228
0.61636 0.31511
0.61637 0.89204
0.61642 0.51932
0.61648 1.0768
0.61655 0.993
0.61676 0.036182
0.61677 0.25116
0.61678 0.22197
0.61682 0.55138
0.61682 0.23463
0.61695 0.80635
0.61702 1.0077
0.61705 0.9411
0.61708 0.48076
0.61711 0.79734
0.61711 0.82095
0.61715 0.65653
0.61717 0.7269
0.61719 -0.13003
0.61735 0.18411
0.61739 0.21044
0.61742 0.77687
0.61745 0.83489
0.61746 0.30392
0.61759 0.10497
0.61766 0.78875
0.61773 0.38888
0.61775 0.58534
0.61783 0.37564
0.61784 0.71148
0.61796 0.29212
0.61798 0.19622
0.61799 0.92672
0.61803 0.54115
0.61807 0.069473
0.61811 0.96232
0.61813 0.36045
0.61824 0.97375
0.61852 0.17205
0.61856 -0.057494
0.6186 0.76339
0.61882 0.27948
0.61886 0.61004
0.61906 0.11494
0.61915 0.70063
0.61945 0.62229
0.61949 0.91357
0.6195 0.85683
0.61954 0.34931
0.61984 0.86951
0.61988 0.42186
0.62013 0.57272
0.62034 0.4452
0.62037 0.32872
0.62048 0.030458
0.62061 0.16126
0.62076 0.46906
0.6209 0.66796
0.62092 -0.093303
0.62202 0.040456
0.62215 1.0437
0.62223 0.081423
0.62256 0.034776
0.62287 -0.063592
0.62331 -0.057189
0.62372 0.39883
0.6245 -0.74655
0.6248 0.12716
0.62486 0.95022
0.62522 0.029946
0.62533 0.2722
0.62585 0.59792
0.62596 1.0215
0.62596 0.73745
0.62617 0.26098
0.62637 0.51462
0.62652 0.060917
0.6266 -0.076387
0.62664 0.74989
0.62688 0.98239
0.62718 0.77156
0.6272 0.18983
0.62736 0.22145
0.62737 0.97016
0.62741 0.65895
0.62751 0.36649
0.62767 0.43281
0.6277 0.47832
0.62778 0.048063
0.62779 0.6483
0.6278 0.84345
0.62786 0.70482
0.62788 0.81142
0.62794 0.7824
0.62803 0.89188
0.62806 0.10368
0.62807 -0.056883
0.62809 0.28173
0.6281 0.036539
0.62821 0.63285
0.62822 0.091226
0.62829 0.79697
0.6283 0.45798
0.62831 0.52856
0.62834 0.49154
0.62834 0.55148
0.62837 0.8203
0.62839 1.0096
0.62841 0.54026
0.62843 0.2114
0.62845 0.5774
0.62853 0.82935
0.62856 0.90329
0.62865 0.69151
0.62876 0.38714
0.62883 1.7043
0.62895 0.88029
0.6291 0.17889
0.62912 0.56619
0.62922 0.32026
0.62923 0.32979
0.62926 0.35537
0.62927 0.42265
0.62928 0.67659
0.62934 0.14043
0.62941 0.92711
0.62942 0.24648
0.62952 0.34026
0.62954 0.91779
0.62965 0.15457
0.62966 -0.26944
0.62975 0.61847
0.62976 0.41209
0.62987 0.50514
0.62989 0.93725
0.62995 0.029433
0.63 0.16677
0.63004 0.071031
0.63008 -1.3232
0.6301 0.30461
0.63021 -0.11189
0.63042 0.99852
0.63045 0.20126
0.63045 0.86539
0.63074 0.72889
0.63093 0.60766
0.63102 0.29141
0.63119 0.66616
0.63123 0.7167
0.63149 0.46963
0.63168 0.96025
0.63185 0.76218
0.63189 -0.31225
0.6319 0.85449
0.63196 0.11725
0.63281 -0.063278
0.63281 0.44533
0.63283 -0.056571
0.63285 0.58728
0.63291 0.37592
0.63309 0.23358
0.63376 -0.36271
0.63412 0.081876
0.63421 0.039538
0.63421 -0.41336
0.63453 0.033175
0.6347 0.028913
0.63634 0.12862
0.63692 -0.18133
0.63702 0.27173
0.63703 0.94904
0.63711 0.39866
0.63746 0.80633
0.63759 -0.056258
0.63769 0.78681
0.63802 0.28346
0.63812 0.32878
0.63826 0.67023
0.63846 0.43618
0.63852 0.50087
0.63885 0.54056
0.63891 0.89262
0.63902 0.45423
0.6391 0.21273
0.63917 0.42425
0.63927 0.22413
0.6393 -0.089996
0.63938 0.64237
0.63944 0.028393
0.63958 0.75359
0.63961 0.69181
0.63964 0.65746
0.63968 0.55049
0.63976 0.81936
0.63976 0.36516
0.63981 0.46451
0.63983 0.63334
0.63983 0.5995
0.63985 0.62475
0.63988 0.5598
0.63994 0.77324
0.63998 0.73885
0.64 0.044589
0.64009 0.90245
0.6401 -0.071922
0.64013 0.7256
0.64025 0.059092
0.64037 0.91187
0.64038 0.072534
0.64041 1.0119
0.64043 0.47871
0.64049 0.92633
0.64058 0.98738
0.64058 0.51419
0.6406 0.76275
0.64063 0.61294
0.64064 0.97176
0.64068 0.14823
0.6407 0.035072
0.64082 0.1603
0.64084 0.83508
0.64088 0.17286
0.64102 0.18821
0.64111 0.87138
0.64113 0.70291
0.64116 0.68129
0.64122 0.35091
0.64131 0.093635
0.64133 0.8481
0.64154 -0.061285
0.64157 0.10879
0.64162 0.31642
0.64162 0.85987
0.64165 0.13771
0.64166 0.25634
0.64177 0.57478
0.64196 0.29341
0.64198 0.49167
0.64203 0.88187
0.64205 0.9392
0.6421 0.2424
0.64231 0.95848
0.64232 0.20131
0.64236 -0.055938
0.6425 0.37513
0.64256 0.11984
0.64265 0.5284
0.64282 0.38526
0.64288 0.79653
0.64328 1.0327
0.64346 0.9987
0.64411 0.58795
0.64414 0.71631
0.64419 0.027866
0.64422 0.4454
0.64423 0.33873
0.64427 0.081148
0.64429 0.41066
0.64447 0.23202
0.64471 -0.22589
0.64587 0.30445
0.64599 0.038838
0.64641 0.032801
0.64712 -0.055619
0.64795 1.0613
0.64821 -0.14028
0.64822 0.12887
0.64848 0.80725
0.64852 0.6691
0.64893 0.027339
0.64894 0.46893
0.64896 0.69077
0.64898 0.43439
0.64898 0.78515
0.64914 0.74899
0.64934 -0.06401
0.64949 0.26722
0.64953 0.64739
0.64968 0.6198
0.65 -0.10906
0.65004 0.56366
0.65005 0.45737
0.65006 0.76087
0.65008 0.15367
0.65016 0.98093
0.65045 0.92603
0.65049 0.28074
0.65051 0.87679
0.65054 0.5005
0.65076 0.046377
0.65079 0.96227
0.65098 0.1964
0.65102 -0.076556
0.65108 0.91742
0.65116 0.1778
0.65123 0.85408
0.65136 0.55064
0.65136 0.59523
0.65141 0.24813
0.65148 0.93454
0.6516 0.63345
0.65162 0.093964
0.65168 0.94903
0.65187 0.48717
0.65189 -0.055292
0.65189 0.10248
0.65202 0.03472
0.65206 0.88764
0.65209 0.9028
0.6521 0.53565
0.6521 0.20731
0.6523 0.99146
0.65231 0.35902
0.65243 0.085704
0.65271 0.3468
0.65272 0.47688
0.65294 0.82798
0.65294 0.1415
0.65302 0.071333
0.65309 0.33782
0.6532 0.38613
0.65335 0.52291
0.6534 0.3275
0.65343 0.81688
0.65353 0.37447
0.65355 0.39824
0.65359 0.22239
0.65368 0.026805
0.65368 0.60758
0.6537 0.11601
0.65372 0.31305
0.65375 0.057626
0.65377 0.74023
0.65386 0.40987
0.6539 0.16515
0.65403 0.7266
0.6541 0.23731
0.65433 1.0037
0.65436 0.866
0.65438 0.71096
0.65442 0.42107
0.65462 0.67978
0.6547 0.65775
0.6548 0.69969
0.65482 0.51186
0.65487 0.57208
0.65489 0.30442
0.65503 0.77348
0.65516 0.97158
0.65522 0.84218
0.65527 0.44533
0.6554 1.1068
0.65571 0.79642
0.65586 0.58377
0.65589 0.29526
0.65636 -0.090296
0.65647 0.25781
0.65665 -0.054966
0.65669 -0.059953
0.65694 0.18727
0.65699 -0.067663
0.65802 -1.6521
0.65824 1.0189
0.65842 0.026271
0.65863 0.031222
0.65951 0.92615
0.65967 0.039385
0.66064 0.12869
0.66105 0.46788
0.6613 0.15244
0.66141 -0.054633
0.66148 0.8083
0.66149 0.48091
0.66152 0.45486
0.66152 0.69004
0.66153 0.093874
0.66155 0.66861
0.66158 0.43458
0.66181 0.87855
0.66197 0.62062
0.66203 0.64644
0.6621 0.081411
0.66211 0.33966
0.66214 0.10628
0.6622 0.75084
0.66228 0.76397
0.66233 0.26996
0.66236 0.78446
0.66242 0.19852
0.66257 0.50433
0.66259 0.061885
0.66266 0.52976
0.66267 0.98178
0.66278 0.96033
0.66294 0.56209
0.66294 1.191
0.66299 0.91419
0.66306 0.99479
0.66307 0.93877
0.66316 0.02573
0.6632 0.5963
0.66321 0.49226
0.66335 0.36417
0.6634 0.24661
0.66345 0.94928
0.66351 0.38649
0.66353 0.41045
0.66355 0.050088
0.66364 0.17566
0.66385 -0.062478
0.66387 0.35238
0.66389 0.31798
0.6639 0.8547
0.66393 0.5514
0.66396 0.54143
0.66406 -0.075643
0.66409 0.9041
0.66414 0.73732
0.66424 0.30586
0.66431 -0.10246
0.66455 0.82091
0.66468 0.83248
0.66469 0.97111
0.66476 0.033513
0.66487 0.71656
0.66489 0.21139
0.66492 0.57471
0.66587 -0.11906
0.66596 0.44571
0.66617 -0.054299
0.66626 0.22141
0.66645 0.29591
0.66653 0.67899
0.66696 0.89327
0.66703 0.77339
0.66708 0.65801
0.66727 0.14012
0.6677 1.0389
0.66775 0.51668
0.66791 0.02519
0.66818 0.7032
0.66818 0.040094
0.66849 0.11659
0.66861 0.071425
0.66948 0.28504
0.66955 1.0057
0.66965 0.16274
0.66965 0.034766
0.66973 -0.059212
0.66977 0.029788
0.66994 0.60868
0.67003 0.42347
0.67025 0.23233
0.67049 0.79652
0.67085 0.63359
0.67093 -0.05396
0.67112 -0.089791
0.67116 0.39898
0.67116 0.3744
0.67127 0.2584
0.67129 0.86767
0.67147 -0.33346
0.67147 0.32898
0.67192 -0.066349
0.67206 0.72719
0.67221 0.58489
0.67249 -0.46621
0.67263 0.18677
0.67265 0.024643
0.673 0.84271
0.67313 0.1284
0.67345 0.058943
0.67375 0.15063
0.6744 0.085116
0.67454 0.1021
0.67509 0.43799
0.67509 0.028964
0.67517 0.035485
0.67545 0.92643
0.67558 0.90765
0.67565 0.45622
0.67569 -0.053621
0.67594 -0.058698
0.67605 0.88073
0.67614 0.50011
0.67616 1.0202
0.67625 0.04608
0.67649 0.94817
0.67651 0.53172
0.67653 0.36045
0.6766 0.47907
0.67662 0.99018
0.67691 0.62075
0.67692 0.68766
0.67692 0.34409
0.67701 0.81133
0.67712 0.31484
0.67717 -0.07679
0.67717 0.97015
0.67725 0.41163
0.67739 0.024096
0.67748 0.59727
0.67755 0.2989
0.67763 0.71476
0.67769 0.78167
0.67787 0.27148
0.67791 0.55066
0.67815 0.20125
0.6782 0.76269
0.6782 0.38687
0.67833 0.17342
0.67864 0.24588
0.67867 0.74226
0.67868 0.66878
0.67868 0.21814
0.67881 -0.1058
0.67884 0.57023
0.67889 0.82805
0.67904 0.64914
0.67968 0.85583
0.68024 0.02978
0.68044 -0.053275
0.68057 0.034591
0.68081 -0.065731
0.68123 0.039157
0.6821 0.023546
0.68211 -0.058334
0.68216 0.13875
0.68248 -0.27611
0.68384 0.054564
0.6852 -0.05293
0.68528 0.027876
0.68533 -0.089585
0.68547 0.069436
0.68571 0.034145
0.68612 -0.38524
0.68621 -0.22823
0.68644 0.11815
0.68685 0.022991
0.68703 1.0683
0.68708 0.89352
0.68784 0.043674
0.68784 -0.18171
0.688 0.15763
0.68803 -0.12968
0.6881 -0.060726
0.6883 0.60912
0.68866 0.44477
0.68874 0.70256
0.68899 0.51513
0.68904 0.42523
0.68975 -0.073828
0.6898 0.79659
0.68994 -0.052578
0.69022 1.0053
0.6907 0.2593
0.69112 0.027918
0.6915 0.30752
0.69159 0.022432
0.69208 0.35314
0.69233 0.40064
0.69257 0.035423
0.6929 0.37443
0.69326 -0.97491
0.6933 -0.057521
0.69348 -0.83709
0.69353 0.87096
0.69365 0.092244
0.69448 0.93566
0.69457 0.20846
0.69467 0.63118
0.69468 -0.052227
0.69478 0.58727
0.69488 -0.65574
0.69491 0.72486
0.69526 -1.8318
0.69537 -0.10415
0.6957 0.91503
0.69582 0.054406
0.69585 -0.064269
0.6963 0.021876
0.69634 0.33027
0.69673 0.28572
0.6969 1.0312
0.69736 0.84331
0.6974 -0.74528
0.69762 0.98222
0.6977 0.18288
0.69819 0.49203
0.69824 0.95631
0.69829 0.81713
0.6986 -0.057482
0.69878 0.53601
0.69886 0.041165
0.69893 0.68216
0.69909 0.029837
0.69912 0.77597
0.69919 -0.086542
0.69927 0.23314
0.69942 -0.05187
0.70051 0.46281
0.70102 0.021313
0.70177 0.56112
0.70177 0.751
0.70182 -0.072951
0.70186 0.13596
0.70207 0.65733
0.70373 -0.062953
0.70415 -0.051513
0.70427 -0.055767
0.70478 0.43974
0.70521 -0.54799
0.70573 0.02075
0.7063 0.025891
0.70722 0.034909
0.70733 2.0842
0.70797 -1.1284
0.70814 0.069009
0.70888 -0.051151
0.70986 -0.11617
0.71005 0.048101
0.71043 0.020182
0.71055 0.11182
0.71083 -0.058303
0.71091 1.5136
0.71095 0.3092
0.71105 -0.068565
0.71112 -0.096891
0.71136 -0.080988
0.71185 0.15657
0.7136 -0.050789
0.7141 0.027516
0.71487 0.8946
0.71503 0.41906
0.71514 0.019614
0.71547 0.036991
0.71561 0.089303
0.71606 0.6091
0.71637 -0.055798
0.71687 0.70324
0.71745 0.51311
0.71756 0.7967
0.71757 0.35704
0.71782 -0.06269
0.71831 -0.050422
0.71856 -0.32947
0.71933 0.96847
0.71982 0.019042
0.72055 0.20536
0.72068 -0.072894
0.72072 0.023477
0.72167 -0.056428
0.72169 1.1173
0.72185 0.056556
0.72204 0.26191
0.72252 0.043438
0.72266 0.38899
0.72301 -0.050055
0.72318 0.031636
0.72403 -0.087222
0.72451 0.01847
0.7256 1.8786
0.72573 1.0015
0.72609 -0.063688
0.72631 -0.1068
0.72635 0.93358
0.72717 0.023707
0.72771 -0.049684
0.72779 -0.055625
0.72832 -0.22782
0.72893 -0.1378
0.72899 0.86201
0.72918 0.017894
0.72928 -0.42017
0.72944 0.44624
0.72968 0.48067
0.72991 0.7332
0.73 0.037605
0.73011 0.82656
0.73024 0.57843
0.7306 0.76721
0.73062 0.63943
0.73102 0.54335
0.73123 -1.4914
0.73129 0.67361
0.73182 0.029188
0.73225 0.13232
0.7324 -0.049312
0.73317 0.10142
0.73325 0.021875
0.73333 -0.053206
0.73353 1.3289
0.7336 0.32859
0.73361 -0.073632
0.73385 0.017318
0.73413 0.072432
0.73425 0.048973
0.73476 -0.060581
0.73479 0.29415
0.73707 -0.048936
0.7374 1.0519
0.73798 0.035399
0.7385 0.016739
0.73861 0.025656
0.73906 0.17079
0.73968 -0.37161
0.73998 -0.053718
0.74015 -0.18003
0.7406 -0.05911
0.74122 -0.091218
0.74123 0.23273
0.74174 -0.04856
0.74192 -0.065019
0.74286 -0.1119
0.74315 0.01616
0.74404 0.021281
0.74521 0.030021
0.74574 -0.28081
0.74591 -0.057367
0.74616 0.041722
0.74639 -0.04818
0.7466 -0.074548
0.74681 0.05578
0.74778 0.015577
0.7495 0.9685
0.74959 0.41571
0.74985 -0.064248
0.7502 0.023081
0.75084 -0.05848
0.75085 -2.0582
0.75104 -0.0478
0.75205 -0.053126
0.75241 0.014995
0.75249 0.088919
0.75318 0.20204
0.75352 0.033121
0.75479 0.11122
0.75493 -0.083446
0.75564 -0.059637
0.75566 -0.047417
0.75678 0.8935
0.75701 0.01441
0.7574 0.79667
0.75741 -0.12423
0.75756 0.70322
0.75779 0.023351
0.75801 0.60895
0.75807 0.51022
0.75839 -0.069779
0.75859 -0.052926
0.75881 0.046811
0.76029 -0.047033
0.76036 0.068258
0.76072 -0.1004
0.76162 0.013824
0.7628 0.033363
0.76321 -0.059037
0.76377 0.018602
0.76467 -0.051245
0.76489 -0.046645
0.76494 0.025558
0.76619 0.013237
0.76688 0.36759
0.76834 -0.081265
0.76909 0.016929
0.76923 -0.47599
0.76948 -0.046258
0.76987 0.2667
0.76996 0.022121
0.77049 -0.066338
0.77077 0.01265
0.77085 0.029892
0.77088 0.053753
0.77133 0.040781
0.77152 -0.054216
0.77287 -0.24405
0.77334 0.45846
0.77357 0.31429
0.77405 -0.045868
0.77439 0.13569
0.77472 0.016841
0.7749 -0.73904
0.77531 0.012062
0.77673 0.023991
0.77678 -0.11639
0.77683 0.74984
0.77727 -0.20268
0.77862 -0.045478
0.77874 -0.14964
0.77884 -0.05065
0.77937 0.092808
0.77948 0.56024
0.77979 0.065814
0.77986 0.011472
0.77998 -0.059947
0.78001 0.84364
0.78003 -0.39899
0.78005 0.03275
0.78017 0.93737
0.78101 0.65656
0.7814 0.017436
0.78178 -0.073642
0.78316 -0.045085
0.78359 -0.32997
0.78389 0.22288
0.78395 0.024195
0.78412 -0.093903
0.78438 0.010881
0.78466 -0.65942
0.78474 0.17934
0.78506 0.047432
0.78577 -0.052218
0.78654 -0.91617
0.78703 1.1929
0.78735 -1.0173
0.78769 -0.044692
0.78885 0.016949
0.78889 0.010291
0.78948 0.41387
0.79008 1.0015
0.79011 -0.27656
0.79163 -0.06227
0.79219 -0.044297
0.7928 0.029714
0.79324 -0.050335
0.79337 0.0097001
0.79534 -0.57992
0.79638 -0.077719
0.79669 -0.043902
0.79691 0.016877
0.79785 0.009109
0.79802 -0.82753
0.79873 0.044026
0.79906 -0.048635
0.80013 -0.055556
0.80086 -0.11479
0.80116 -0.043505
0.80196 0.064536
0.80229 0.0085177
0.80283 0.11485
0.8041 0.023075
0.80412 -0.065719
0.80422 0.013591
0.80435 -0.092525
0.80436 0.033361
0.80437 -0.049207
0.80562 -0.043108
0.80625 0.79613
0.80657 1.0895
0.80672 0.70317
0.80673 0.0079264
0.80742 0.89039
0.80769 0.090839
0.80846 -0.056074
0.80866 0.60996
0.80991 0.29123
0.80994 0.011773
0.81004 -0.042709
0.81069 -0.047843
0.81113 0.0073354
0.81152 0.017789
0.81156 0.043781
0.81264 -0.077991
0.81446 -0.042311
0.81459 0.02855
0.81534 -0.063757
0.81553 0.0067443
0.81561 0.50459
0.81588 0.011436
0.81592 -0.053479
0.81618 -0.046892
0.81642 -0.18164
0.81851 0.38639
0.81884 -0.041911
0.81989 0.006154
0.82019 0.018507
0.82106 -0.048423
0.82148 0.24969
0.82222 0.037764
0.82284 0.011179
0.82321 -0.041511
0.82336 -0.057312
0.82404 -0.28903
0.82424 0.0055638
0.82563 -0.23597
0.82567 0.3368
0.82596 0.052981
0.82635 -0.42896
0.82665 0.07772
0.82699 0.14535
0.82735 -0.071111
0.82739 0.10547
0.82783 -0.096755
0.82794 0.026899
0.82794 -0.048985
0.82826 0.20096
0.82834 0.016067
0.82851 0.0096616
0.83071 -0.3717
0.83155 -0.13837
0.83187 -0.040711
0.83198 0.038443
0.83239 -0.057617
0.83286 0.004386
0.83427 0.011646
0.83569 -0.048258
0.83639 0.019495
0.83789 0.4375
0.83875 0.0079688
0.83895 -0.32459
0.83996 -0.065061
0.83999 -0.078379
0.84025 -0.054719
0.84043 -0.039909
0.84095 0.013156
0.8411 0.045812
0.84137 0.0032121
0.84156 -0.04772
0.84193 0.031046
0.84444 0.74957
0.84473 0.0079523
0.84519 0.01957
0.84554 -0.051256
0.8461 0.063172
0.84673 -0.045326
0.84675 0.013059
0.84762 -0.058299
0.84794 0.93705
0.84888 -0.039108
0.84978 0.0020432
0.8498 0.089127
0.85004 0.11554
0.85034 -1.6607
0.85103 0.0093039
0.85131 -0.050634
0.85165 0.56595
0.85209 0.016102
0.85246 -0.069892
0.8525 -0.044182
0.85297 -0.088583
0.85311 -0.11083
0.85364 0.025593
0.85564 0.0059601
0.85572 0.28715
0.85619 -0.057446
0.85722 -0.038308
0.85739 0.011546
0.85758 0.043254
0.85807 0.0008807
0.8584 -0.047836
0.85893 0.018514
0.86204 0.0063033
0.86306 -0.042894
0.86361 -0.063919
0.86365 -0.054221
0.86474 -0.047798
0.8651 0.013823
0.86543 -0.037511
0.86543 0.38085
0.86624 -0.00027424
0.86698 0.026211
0.86731 -0.076795
0.86739 -0.18197
0.86821 0.84056
0.86918 -0.050739
0.86985 -0.044068
0.87011 0.65808
0.87011 0.0062675
0.87071 -0.057676
0.8717 -0.77671
0.8718 -0.8719
0.87277 0.10263
0.87331 -0.066642
0.87335 0.13371
0.87352 -0.036717
0.87359 0.17527
0.87367 -2.2764
0.87429 -0.0014203
0.87445 -0.66386
0.87493 -0.57703
0.87521 0.070088
0.87556 -2.6103
0.87558 -0.49286
0.87592 -0.9683
0.87596 0.014655
0.8762 -0.13203
0.87627 -0.050905
0.87671 -0.28337
0.87694 -0.40588
0.87721 -0.097328
0.87733 -0.042527
0.87735 0.23223
0.87746 0.0047601
0.87875 -1.4908
0.87881 -0.060321
0.87881 0.04167
0.87886 -0.346
0.87952 -0.22982
0.88018 0.02655
0.88044 -1.0918
0.88054 1.2807
0.88109 -1.3076
0.88147 -0.035927
0.88181 -0.04126
0.8822 -0.002556
0.88274 -0.046191
0.88346 1.0232
0.88388 1.7028
0.88512 0.0069336
0.88516 0.33127
0.88566 -0.072003
0.88629 -0.040841
0.88655 -0.054815
0.88704 0.00071386
0.88787 0.018202
0.88903 -0.046144
0.88928 -0.035143
0.88958 0.4953
0.88997 -0.0036801
0.8909 1.4441
0.89197 0.0021954
0.89291 -3.0817
0.89292 0.092431
0.89293 0.031601
0.89295 -0.04071
0.89403 0.010089
0.8961 0.11501
0.89657 -1.8771
0.89694 -0.034366
0.897 -0.059965
0.89723 -0.048126
0.89759 -0.004791
0.89795 0.0036078
0.89957 -0.039747
0.89962 0.019418
0.89963 -0.087923
0.90099 0.052221
0.90207 1.9917
0.90255 0.0094181
0.90271 0.07594
0.9037 0.0011721
0.90444 -0.033596
0.90505 -0.0058871
0.90625 -0.11156
0.90638 -0.041728
0.90651 -0.070922
0.90861 0.42383
0.90918 -0.0012218
0.90969 0.0055837
0.90997 -0.053899
0.91018 0.015524
0.9109 0.030841
0.91095 0.28262
0.91178 -0.032835
0.91234 -0.0069671
0.91275 0.3705
0.91375 -0.24709
0.91485 0.1947
0.91507 -0.00031117
0.91521 2.3629
0.91538 -0.042217
0.91714 -0.036391
0.91742 0.0081741
0.91778 0.099277
0.91894 -0.032085
0.91947 -0.0080291
0.91951 0.14401
0.92011 -0.20485
0.92121 0.018624
0.92178 -0.15104
0.92225 0.046384
0.92229 7.6976e-05
0.92307 -0.038402
0.92344 -0.064809
0.9236 -0.0867
0.92429 1.147
0.92445 -0.32017
0.92469 -0.049369
0.92473 0.06828
0.92507 -0.3738
0.92593 -0.031347
0.92613 0.0085878
0.92641 -0.0090716
0.92665 -0.42956
0.92899 -0.27776
0.9292 0.00059408
0.92962 -0.035705
0.92975 0.030901
0.93013 -0.041675
0.93043 0.74999
0.93272 -0.030621
0.93304 0.016575
0.93317 -0.010093
0.93354 -0.0039506
0.93387 0.0065879
0.934 0.001041
0.93436 -0.057368
0.93484 0.23532
0.9365 -0.037052
0.93726 -0.046909
0.93802 0.33092
0.93912 0.0010053
0.93915 -0.11214
0.93932 -0.02991
0.93944 -0.0064797
0.93973 -0.011091
0.941 -0.82547
0.9415 0.56882
0.94152 0.010103
0.94248 -0.069519
0.94295 -0.034161
0.94346 0.11233
0.9436 0.0867
0.94374 0.068053
0.94396 -0.040149
0.94504 -0.0036985
0.9451 -0.05548
0.94528 0.048556
0.94555 0.0031852
0.9457 -0.029215
0.94586 0.023733
0.94608 -0.012064
0.94659 -0.046837
0.94813 -0.088359
0.94941 -0.034526
0.94951 -0.0071604
0.95048 -0.00076443
0.95158 -0.041467
0.95168 0.0089697
0.95188 -0.028537
0.95222 -0.013011
0.95412 -0.0062321
0.95413 -0.031788
0.95464 -0.57737
0.95476 -0.060968
0.95478 0.92866
0.95518 -0.049741
0.95519 -0.02817
0.95549 -0.013518
0.95567 -0.036162
0.95646 -0.010589
0.95688 0.00019755
0.95783 -0.027878
0.95813 -0.013929
0.95824 -0.041672
0.95827 0.018283
0.95832 -0.031189
0.95842 -0.90949
0.95881 -0.0062869
0.95988 -0.010856
0.96069 -0.027559
0.96097 -0.014372
0.96167 0.031732
0.96183 -0.24216
0.96183 0.070713
0.96206 -0.036083
0.96247 -0.011924
0.96249 -0.030661
0.96259 -0.0081992
0.96285 -0.0022784
0.96331 -0.056304
0.96336 0.0073758
0.96355 -0.027239
0.96382 -0.014816
0.96481 0.38724
0.96508 -0.011322
0.96523 -0.029486
0.96526 -0.032497
0.96566 -0.65705
0.96584 2.9286
0.9659 0.82947
0.96605 -0.044674
0.96628 -0.026931
0.96648 -0.0066812
0.96654 -0.015243
0.96684 0.1333
0.96745 -0.10079
0.96751 -0.13259
0.96779 -0.29466
0.9679 -0.071498
0.9679 -0.035659
0.96825 -0.030281
0.96833 -0.011259
0.96902 -0.026623
0.96905 -0.00053139
0.96908 0.18774
0.96926 -0.01567
0.96949 -1.0069
0.96959 0.097885
0.96968 0.018924
0.97085 -0.3446
0.97093 0.23359
0.97098 -0.0068817
0.97163 -0.026327
0.9717 -0.011947
0.9717 -0.028509
0.97185 -0.01608
0.97205 -0.054678
0.97209 -0.032306
0.97238 0.049509
0.97262 -0.73894
0.97313 -0.037904
0.97362 0.27952
0.97424 -0.026031
0.97435 -0.40085
0.97445 -0.01649
0.97477 -0.013242
0.9748 -0.028942
0.9751 -0.0087367
0.97542 0.0071926
0.97546 -0.0025438
0.97547 -0.18072
0.97581 -0.044933
0.97641 -0.032478
0.97672 -0.025748
0.97692 -0.016881
0.97741 -0.014871
0.97757 -0.028513
0.97829 -0.011458
0.97836 0.4721
0.97889 0.030494
0.9792 -0.025464
0.97938 -0.017272
0.97972 -0.006671
0.97979 -0.051155
0.97981 -0.059684
0.98014 -0.037126
0.98039 -0.029866
0.98061 -0.01453
0.98112 0.017391
0.98155 -0.025194
0.98159 -0.47489
0.98171 -0.017644
0.98189 1.0341
0.9824 0.33545
0.98246 -0.010871
0.98286 -0.00019989
0.98337 -0.028008
0.98384 -0.044566
0.98389 -0.024925
0.98404 -0.018016
0.98432 -0.032147
0.9846 -0.015121
0.98469 -0.0065465
0.9861 -0.024669
0.98623 -0.018367
0.98671 -0.027891
0.98692 -0.037668
0.98699 0.0089649
0.98722 -0.011025
0.98727 -0.052852
0.98729 -0.003113
0.9883 -0.024414
0.98842 -0.018718
0.98854 -0.032305
0.98873 0.66199
0.98926 -0.029454
0.99008 -0.015623
0.99014 -0.0066381
0.99022 0.11442
0.99023 -0.027193
0.99059 -0.11172
0.99096 -0.086796
0.99112 -0.064682
0.99119 0.094993
0.99196 0.00010034
0.99197 -0.011108
0.99205 -0.03053
0.9923 0.072493
0.99238 -0.035831
0.99242 -0.023934
0.99244 -0.044013
0.99252 -0.019377
0.993 -0.027381
0.99451 -0.017302
0.99456 0.042445
0.99463 0.021048
0.99509 -0.02912
0.99542 -0.013911
0.99544 -0.052858
0.9956 -0.026304
0.99617 -0.032535
0.99623 -0.023487
0.99631 -0.01999
0.99672 0.0082491
0.99691 -0.007768
0.99822 -0.017628
0.99829 -0.025237
0.99834 -0.03802
0.99868 -0.028776
0.99976 -0.021815
1.0006 -0.033069
1.001 -0.013953
1.0013 -0.025762
1.0022 -1.4803e-05
1.0024 -0.018714
1.0026 -0.046139
1.0029 -2.0608
1.0034 -0.057283
1.0038 -0.02954
1.0045 -0.26847
1.0056 -0.023444
1.0058 -0.036615
1.0059 -0.0089481
1.0068 0.23195
1.0072 -0.016676
1.008 0.010412
1.0093 -0.13704
1.0093 -0.042829
1.01 0.14106
1.0107 -0.02973
1.0116 -0.070921
1.0125 0.10021
1.0133 -0.021917
1.0133 -0.0023975
1.0136 0.052563
1.0142 -0.050745
1.0143 -0.013072
1.0146 -0.31338
1.015 0.41451
1.0151 -0.03803
1.0157 -0.099976
1.0167 0.028352
1.0173 0.36422
1.0202 -0.02895
1.0204 0.31473
1.0204 -0.36731
1.0209 -0.019359
1.0224 -0.22136
1.023 0.072409
1.0242 -0.17345
1.0242 0.0061327
1.0242 -0.42049
1.0246 -0.0097065
1.0248 -0.83635
1.0256 0.27089
1.0272 -0.058821
1.0287 -0.040736
1.0294 0.18843
1.031 -0.023225
1.035 -0.11658
1.0369 -0.098197
1.0369 -0.078513
1.0377 0.11639
1.0387 -1.5163
1.0394 0.86615
1.0396 0.76414
1.0399 0.089777
1.0409 0.017009
1.0416 0.047792
1.0417 -0.54134
1.0418 -0.0083422
1.0419 0.06999
1.0448 -0.054382
1.0467 -0.032182
1.0524 -1.7486
1.0527 -0.14099
1.0533 -1.9019
1.0553 -0.27216
1.0567 -1.1127
1.0574 -0.10103
1.0581 -0.64678
1.0584 0.0029032
1.0592 0.34269
1.0599 0.45538
1.0604 0.39225
1.0616 -0.071312
1.0622 0.072578
1.0623 0.2945
1.0625 -6
1.0625 6
1.0628 1.1111
1.0631 0.10433
1.0633 -0.18409
1.0639 0.023965
1.0644 0.14642
1.0649 -0.94507
1.0652 -0.046761
1.0664 0.56068
1.0665 0.23485
1.0673 -0.020196
1.0676 0.18857
1.069 -0.75658
1.07 -0.33269
1.0705 -0.39362
1.0711 1.543
1.0723 0.046208
1.0725 -0.22449
1.0726 1.6996
1.0739 1.2941
1.0752 -0.46402
1.0801 0.0025021
1.0807 -0.062194
1.0808 0.67156
1.0828 1.8591
1.0834 -0.085108
1.0859 -0.11704
1.0872 3.5746
1.0873 0.087359
1.0883 0.062206
1.0884 0.11409
1.0886 -0.15242
1.0896 -0.041106
1.0901 -0.017252
1.0911 0.02598
1.0916 0.044775
1.0924 0.96895
1.0948 0.32253
1.0978 -0.29282
1.1013 -0.066414
1.1043 0.36538
1.1046 2.0882
1.1058 0.41529
1.1065 -0.02627
1.1066 0.072918
1.1075 0.28218
1.1075 -0.25026
1.1087 0.18432
1.1104 0.022735
1.1109 -0.00051947
1.1111 -0.093042
1.1121 0.135
1.1129 0.045465
1.1159 -0.046577
1.116 -0.32394
1.1164 0.098114
1.1172 -0.36594
1.1173 -0.18867
1.1184 -0.41455
1.119 4.465
1.1191 -0.13057
1.123 -1.3084
1.1254 -0.069599
1.1262 0.23763
1.127 -0.024896
1.1293 0.020759
1.1299 0.070166
1.1316 0.83441
1.132 0.47261
1.1339 -0.83722
1.1346 0.73618
1.137 0.11768
1.1382 0.32736
1.1386 -0.54371
1.1458 -0.047749
1.1463 -0.28916
1.1511 -0.09085
1.1524 -0.0060503
1.1527 -0.33843
1.1528 -0.4596
1.1542 0.043006
1.1544 -0.7241
1.155 -0.23424
1.1558 0.28037
1.1567 0.092025
1.1583 -4.4131
1.1589 0.20243
1.1618 0.14647
1.1618 -0.14251
1.165 -0.63444
1.166 0.39229
1.1663 0.24261
1.1708 0.54183
1.1746 -0.18824
1.1761 0.64177
1.1788 -0.39144
1.1933 0.2248
1.1946 -0.22344
1.1964 -0.10585
1.1964 0.10826
1.1971 0.32109
1.1976 -0.26439
1.1981 0.014627
1.1992 -0.32133
1.1994 0.064874
1.1996 -0.047535
1.2014 0.26519
1.2031 0.18711
1.2031 -2.2918
1.2145 -0.19504
1.2158 -0.15151
1.2204 0.14385
1.222 0.46922
1.2238 -1.4534
1.227 -0.58138
1.2317 1.0977
1.2329 0.22853
1.2337 -1.1614
1.2338 -1.9218
1.2353 -0.23091
1.2365 -1.6409
1.2369 0.76219
1.2383 -0.0057205
1.2432 0.90813
1.2433 -0.79419
1.2445 0.039437
1.2447 -0.96634
1.2455 0.095639
1.2486 -0.47901
1.2499 0.18337
1.2516 -0.67324
1.2527 -0.18783
1.2536 1.4523
1.2552 -0.097446
1.2571 -0.28309
1.2579 0.56212
1.2588 0.28622
1.2595 -0.041176
1.2603 -0.14741
1.2619 1.6949
1.262 0.37476
1.2647 -0.3629
1.2655 0.1412
1.2846 0.65724
1.2848 1.2754
1.285 0.22382
1.2859 1.9618
1.2905 -0.13086
1.2906 0.0041759
1.2909 -0.22706
1.2937 0.063067
1.2942 0.17454
1.2963 -0.17226
1.2967 2.6363
1.2968 0.14277
1.2973 0.11094
1.3 0.32123
1.3105 -0.10088
1.3108 -0.054902
1.311 -1.3062
1.3208 -0.58501
1.3257 -0.66104
1.3287 0.14547
1.3327 0.038128
1.3327 -0.13917
1.3335 -3.4916
1.3351 -0.73276
1.3368 0.2716
1.3368 0.19885
1.3388 0.82834
1.3423 -0.83483
1.3434 0.47124
1.3482 0.72744
1.3491 0.59023
1.3494 -0.41135
1.3498 -0.19566
1.3501 0.35605
1.3502 0.091593
1.3512 2.2631
1.3517 -0.050167
1.3536 -0.0084683
1.3552 -0.50001
1.3569 -0.29328
1.357 0.65827
1.3586 5.3235
1.3611 -0.090156
1.3647 -5.3277
1.3788 0.042524
1.3843 0.15594
1.3858 -0.14207
1.3871 -2.7847
1.3895 -0.047181
1.3908 0.22291
1.3966 -0.65883
1.4084 1.538
1.4107 -1.4744
1.42 -2.0781
1.4209 0.0016024
1.4231 0.39509
1.4238 0.55048
1.4269 -0.46246
1.4279 -1.9094
1.4301 0.95189
1.4311 0.29823
1.4334 0.087875
1.436 1.1724
1.4364 0.78693
1.4373 0.65641
1.4383 -0.55752
1.4385 1.3689
1.4389 -0.19973
1.44 -0.91513
1.4432 -1.1311
1.4456 -0.76416
1.4457 -0.37719
1.4486 -0.084358
1.4514 -1.3075
1.4547 -1.7313
1.4596 0.47188
1.461 1.8419
1.463 -0.29028
1.4645 0.19128
1.4765 1.6689
1.4787 2.0397
1.4927 -0.65524
1.5136 0.020018
1.5197 3.0843
1.5202 0.11601
1.5225 0.6479
1.5248 0.27008
1.5259 0.56043
1.5265 0.47169
1.5281 0.38229
1.5316 0.72796
1.5324 0.83191
1.535 -0.14842
1.5355 -0.57617
1.5371 -0.46721
1.5371 -0.24185
1.5428 -0.34077
1.5453 -0.064899
1.5485 -0.72664
1.5614 -0.82704
1.5668 0.19122
1.5815 -1.547
1.5922 -0.64757
1.5925 0.47443
1.599 -0.96629
1.6015 0.6538
1.6025 -0.0090293
1.6097 0.91688
1.6099 -1.9372
1.6105 1.0703
1.6133 -0.19161
1.6167 1.2721
1.6191 -1.3257
1.6211 -0.55703
1.6221 -2.2809
1.6246 1.516
1.625 -6
1.625 6
1.6251 0.095895
1.6303 1.7453
1.6315 0.39713
1.6318 -0.27884
1.6348 -0.098877
1.636 0.28634
1.6412 -0.47838
1.6427 0.18987
1.6427 0.55879
1.6458 -0.38817
1.6489 -0.7378
1.649 1.9405
1.6496 -1.1152
1.658 0.78083
1.6719 2.1819
1.6751 -1.7011
1.6847 0.47113
1.6871 -0.84983
1.6911 -0.0027138
1.7015 -0.63277
1.7052 -0.45134
1.7147 -0.5298
1.7159 0.64634
1.719 0.38016
1.7262 -0.19156
1.729 -0.31297
1.733 0.18753
1.7331 0.077457
1.7331 -0.081148
1.7356 0.54804
1.7365 2.5684
1.7403 -0.39422
1.7439 0.29504
1.7555 -1.5107
1.7647 1.1591
1.768 1.6597
1.7845 0.46933
1.7856 -0.46568
1.7877 -1.1838
1.8025 -0.74607
1.8059 0.94513
1.806 -0.11188
1.8065 -0.26744
1.8077 0.74398
1.8079 0.1095
1.8128 0.26084
1.8151 1.8259
1.8181 -0.001049
1.8193 -0.97402
1.8214 -1.823
1.8236 1.3472
1.8259 -2.0317
1.8288 -0.57845
1.8311 -0.36515
1.8312 0.35964
1.8356 -1.6511
1.8364 1.5294
1.841 2.019
1.8493 0.59386
1.8524 -2.6045
1.8542 -1.3436
1.8591 -0.18866
1.8624 0.18646
1.8848 -0.46636
1.8877 0.46555
1.8987 -0.096383
1.9 0.095961
1.9001 -0.27745
1.902 0.27551
1.915 -0.66408
1.9225 -3.0977
1.9443 1.6763
1.9572 4.7916
1.9584 1.1616
1.9629 -1.7124
1.9655 -1.5237
1.9693 0.3719
1.9709 -5.4938
1.9724 -0.37265
1.9753 1.3208
1.9754 -1.1679
1.9779 -2.5658e-05
1.9887 3.796
1.9895 5.4621
1.9912 2.23
2.0001 -4.8402
2.002 -0.55079
2.005 0.5309
2.0086 0.75513
2.0108 1.4736
2.0213 -1.8916
2.0226 0.19297
2.0227 -0.18885
2.0247 -0.78375
2.0252 0.97557
2.026 -1.3464
2.0268 -0.98879
2.0511 -2.2229
2.0565 3.0239
2.0614 1.9085
2.1032 -3.9098
2.1153 1.3042
2.1413 -1.6681
2.1449 -1.096
2.1571 0.60002
2.1583 0.40135
2.1604 1.6508
2.1662 -1.2527
2.1706 -1.4466
2.1738 0.90473
2.1875 -6
2.1875 6
2.189 -0.38122
2.1914 -0.19363
2.1946 1.1052
2.1954 -0.94332
2.196 -0.61974
2.1989 -0.0032135
2.2041 1.4618
2.2151 0.21548
2.2348 -0.78617
2.2438 0.75125
2.2812 -2.631
2.2878 2.5667
2.3097 1.3126
2.3185 -1.3371
2.3186 -1.8934
2.3243 1.8215
2.3452 -1.1229
2.3519 -0.53209
2.355 2.1241
2.3576 0.14856
2.3661 0.32788
2.3671 -0.20305
2.3766 0.57371
2.3781 -0.89458
2.3843 0.93346
2.3862 0.75404
2.3869 -0.70079
2.3889 1.1484
2.3899 -1.5546
2.4141 -0.39313
2.4168 1.5594
2.4328 -2.2356
2.4453 0.0021678
2.5048 -1.3149
2.5186 -1.154
2.5303 1.2951
2.5323 -1.727
2.5324 -1.01
2.5365 0.76547
2.5396 1.0953
2.5418 0.41756
2.5529 -0.13842
2.556 0.20777
2.5633 -0.81111
2.5755 -3.1648
2.5781 -0.31437
2.5846 -0.5617
2.5913 4.4598
2.6084 0.94478
2.6278 1.8615
2.6325 0.59007
2.6429 -5.4166
2.6518 0.0086819
2.671 -1.9645
2.6905 -1.1733
2.697 -0.94968
2.7235 5.3084
2.7366 -0.17767
2.7489 -1.5379
2.75 -6
2.75 6
2.7504 1.5059
2.7549 -4.5797
2.7572 3.1113
2.7604 0.16001
2.7654 1.1482
2.7746 -0.58203
2.7871 0.59544
2.7895 0.39648
2.798 -0.7636
2.8057 0.80491
2.8195 -0.40821
2.8213 3.8765
2.836 2.3385
2.8493 -2.4798
2.8765 -0.0055035
2.8906 -1.0122
2.9133 -1.2594
2.9437 0.59665
2.9455 -0.60194
2.961 0.1958
2.9619 -0.20895
2.9761 -3.8024
3.0313 1.035
3.069 1.8088
3.0808 1.3549
3.1078 -1.9124
3.112 -1.1308
3.1358 -0.82887
3.1461 0.77282
3.1589 0.42046
3.1632 -1.446
3.1684 -0.43858
3.1686 2.6629
3.2212 -0.0061191
3.3125 -6
3.3125 6
3.3255 -3.1017
3.3541 1.0873
3.3581 3.6107
3.3971 -4.3647
3.4286 -1.1612
3.4687 4.448
3.4766 -5.1522
3.4871 0.29737
3.4983 -0.31126
3.501 1.5336
3.5264 5.3596
3.5363 3.007
3.5573 -2.3979
3.5832 0.69018
3.6059 2.2462
3.6168 -0.72008
3.6619 -1.6907
3.6859 -0.0046633
3.7334 -3.7685
3.7737 1.1268
3.8593 0.36049
3.8749 -0.3713
3.875 -6
3.875 6
3.8789 -1.1797
4.0577 -4.4942
4.1101 1.5643
4.1259 3.5603
4.1561 2.8155
4.1683 -2.1946
4.1894 -0.0025059
4.238 5.1199
4.2706 -3.0418
4.2999 -5.2313
4.3144 0.74955
4.3408 -1.5867
4.3555 4.2737
4.3565 -0.76192
4.4071 -3.9055
4.4375 -6
4.4375 6
4.4592 2.2199
5 -6
5 -5.25
5 -4.5
5 -3.75
5 -3
5 -2.25
5 -1.5
5 -0.75
5 0
5 0.75
5 1.5
5 2.25
5 3
5 3.75
5 4.5
5 5.25
5 6
