0.863954 0.544851 -0.0032545 2.20897 
0.863041 0.545583 -0.0173605 2.20682 
0.857624 0.553789 -0.0100587 2.19516 
0.88555 0.510381 0.000230188 2.25589 
0.883136 0.514337 0.0127841 2.25064 
0.882198 0.515781 0.0151205 2.24857 
0.885906 0.514117 -0.00123184 2.25736 
0.885484 0.511048 -0.00162903 2.25575 
0.883856 0.499763 -0.000685746 2.25009 
0.885607 0.513619 -0.0010063 2.25625 
0.88514 0.510811 -0.00208208 2.25485 
0.885072 0.511024 -0.00113684 2.25474 
0.884973 0.51112 -0.00147764 2.25449 
0.885083 0.51082 -0.00174431 2.25469 
0.885056 0.510856 -0.00196237 2.25462 
0.883031 0.484437 -0.000518913 2.24533 
0.885712 0.500325 -0.00119701 2.25462 
0.885459 0.510186 -0.00194262 2.25545 
0.87702 0.524049 0.0293884 2.23746 
0.852042 0.561829 0.0105822 2.18317 
0.844459 0.565477 0.0873505 2.16702 
0.853345 0.559216 -0.0197672 2.18574 
0.860547 0.54967 -0.0193977 2.20164 
0.857132 0.55478 -0.0149203 2.19427 
0.849506 0.564597 -0.0165422 2.17746 
0.865633 0.541932 -0.0125374 2.21248 
0.863642 0.544999 -0.0133448 2.20822 
0.866298 0.54131 -0.00956191 2.21407 
0.86527 0.542685 -0.00755184 2.21175 
0.865931 0.541486 -0.0201582 2.21323 
0.885718 0.510077 0.00214706 2.25625 
0.885473 0.510513 0.00177649 2.25573 
0.8855 0.510467 0.00122749 2.25578 
0.889178 0.503958 0.00082459 2.26374 
0.888741 0.504781 0.00134999 2.26281 
0.887259 0.507392 7.30442e-05 2.25959 
0.887217 0.507494 5.91432e-05 2.25952 
0.88637 0.508964 0.000264496 2.25768 
0.886234 0.509193 0.000495787 2.25738 
0.904199 0.437853 0.126661 2.29379 
0.901572 0.480332 0.00764921 2.29045 
0.893835 0.495403 0.00210195 2.27379 
0.890297 0.501873 0.0119246 2.26619 
0.897575 0.488548 0.0100788 2.282 
0.894464 0.494209 0.00604613 2.27516 
0.891846 0.498818 0.0121044 2.26944 
0.892502 0.498102 0.00854902 2.27103 
0.889391 0.503592 0.00778015 2.26423 
0.889262 0.50355 0.0100192 2.26385 
0.862218 0.54741 -0.00121844 2.2052 
0.863263 0.545637 -0.00142877 2.20736 
0.863897 0.545038 -0.000454102 2.20889 
0.864368 0.544114 4.53205e-05 2.20981 
0.869692 0.53625 0.00292429 2.22146 
0.884813 0.511682 0.00972251 2.25434 
0.884182 0.512678 0.0120577 2.25296 
0.884662 0.511511 0.0187424 2.25394 
0.885932 0.509257 0.0217076 2.25672 
0.877136 0.524498 0.00989668 2.23767 
0.877644 0.523561 0.00733673 2.23871 
0.880816 0.518307 0.0143153 2.24565 
0.878131 0.522701 0.0117284 2.23978 
0.871195 0.53386 0.00310144 2.2247 
0.885149 0.510993 -0.00218075 2.25493 
0.885221 0.511045 -0.00218417 2.25516 
0.885119 0.511042 -0.00235926 2.25488 
0.88522 0.511057 -0.0021154 2.25518 
0.885209 0.51045 -0.00209731 2.25497 
0.885107 0.510011 -0.00191416 2.25457 
0.881246 0.482512 -0.000276717 2.24059 
0.885013 0.511047 -0.00235908 2.25458 
0.884951 0.511017 -0.00212807 2.25439 
0.884904 0.511206 -0.00267472 2.25434 
0.888361 0.509665 -0.00443648 2.26263 
0.888012 0.511836 -0.00293442 2.26215 
0.884142 0.479966 -0.000881973 2.24734 
0.886381 0.498418 -0.00172302 2.25601 
0.883042 0.514484 -0.0106727 2.25039 
0.88532 0.511145 -0.00545588 2.25548 
0.887231 0.507816 -0.00539324 2.25945 
0.885925 0.50972 -0.00668778 2.25671 
0.886569 0.508287 -0.00444563 2.25793 
0.885846 0.508789 -0.00470316 2.25624 
0.885767 0.509958 -0.00553628 2.25635 
0.885041 0.511431 -0.00656499 2.25483 
0.885295 0.511053 -0.00729642 2.2554 
0.883755 0.513287 -0.00806296 2.25192 
0.88388 0.513124 -0.00949711 2.25222 
0.883808 0.513044 -0.00425068 2.25195 
0.883499 0.513605 -0.00505418 2.2513 
0.883488 0.513556 -0.00596666 2.25125 
0.884493 0.512046 -0.00620347 2.25352 
0.884005 0.512809 -0.00662932 2.25243 
0.884833 0.511241 -0.00213254 2.25414 
0.884742 0.511375 -0.00254057 2.25394 
0.884985 0.511208 -0.00300126 2.25457 
0.886847 0.514768 -0.00115361 2.25983 
0.8853 0.510512 -0.00222673 2.25525 
0.885421 0.509786 -0.00224645 2.25537 
0.885261 0.510998 -0.00234339 2.25526 
0.885222 0.511031 -0.00248748 2.25516 
0.885252 0.511065 -0.00285622 2.25526 
0.880737 0.518231 -0.0122585 2.24535 
0.825773 0.571251 -0.0888018 2.12216 
0.8232 0.591966 -0.0572054 2.12003 
0.827425 0.578405 0.0862695 2.12754 
0.865068 0.543096 -0.000730412 2.21134 
0.864398 0.544065 -7.88008e-05 2.20987 
0.864335 0.544227 -0.000537891 2.20976 
0.848423 0.56642 0.00691159 2.17513 
0.850317 0.564008 -0.00249842 2.1793 
0.847951 0.566474 -0.00769604 2.17386 
0.860264 0.549818 -0.00850531 2.20078 
0.862206 0.54703 -0.0101044 2.20503 
0.861697 0.548022 -0.00349236 2.204 
0.860255 0.550015 -0.00455775 2.20082 
0.86298 0.546106 -0.0049879 2.20677 
0.863609 0.545311 -0.00727918 2.20821 
0.860558 0.549043 -0.0254315 2.20149 
0.856654 0.554933 -0.0277474 2.19326 
0.855905 0.554569 -0.0372695 2.19126 
0.871212 0.533266 -0.0222589 2.22467 
0.858765 0.55226 -0.00151447 2.19763 
0.854603 0.5579 0.00575334 2.18851 
0.853975 0.55915 -0.000897729 2.18731 
0.855976 0.555894 -0.0042678 2.19144 
0.88728 0.507365 0.00486263 2.25965 
0.888398 0.505253 0.00663753 2.26203 
0.886382 0.508922 0.00288888 2.25769 
0.886816 0.50813 0.00416391 2.25862 
0.886779 0.508214 0.00323641 2.25855 
0.884425 0.51235 0.000197638 2.25346 
0.884698 0.511882 0.000167772 2.25406 
0.885131 0.511106 4.71291e-05 2.25498 
0.885101 0.511177 4.77176e-05 2.25493 
0.885011 0.511328 7.32389e-05 2.25473 
0.885391 0.510678 0.000357315 2.25556 
0.885273 0.510857 0.000124301 2.25529 
0.885185 0.511041 0.000176907 2.25511 
0.884812 0.511637 0.000347561 2.25428 
0.88499 0.511358 0.000241946 2.25468 
0.885092 0.511158 0.000361019 2.25489 
0.884815 0.51166 0.00078118 2.2543 
0.885071 0.511196 0.00257801 2.25485 
0.885223 0.510941 0.00200533 2.25518 
0.885028 0.511286 0.00161725 2.25476 
0.885697 0.510126 0.000950615 2.25621 
0.885718 0.510106 0.000475264 2.25626 
0.88592 0.509742 0.000230894 2.2567 
0.886061 0.509507 0.000461531 2.25701 
0.889662 0.503135 0.00431558 2.26481 
0.890002 0.502372 0.00638316 2.26549 
0.891171 0.500318 0.00639848 2.26805 
0.887962 0.506136 0.000422057 2.26111 
0.888144 0.505798 0.000973608 2.2615 
0.887221 0.50748 0.000470954 2.25952 
0.887042 0.507796 0.000169227 2.25914 
0.88714 0.507589 0.000250291 2.25933 
0.887494 0.506963 0.000134472 2.2601 
0.887619 0.506754 0.000455127 2.26037 
0.887488 0.507002 0.000658363 2.2601 
0.88735 0.507248 0.000187154 2.2598 
0.887327 0.507253 0.000417482 2.25973 
0.886229 0.5092 0.000926783 2.25737 
0.885956 0.509677 0.00174714 2.25677 
0.886047 0.509522 0.000887991 2.25697 
0.885903 0.509769 0.00117094 2.25666 
0.887199 0.507476 0.00249004 2.25946 
0.886971 0.507886 0.00271276 2.25897 
0.886742 0.508319 0.000181849 2.25848 
0.886572 0.508599 0.000451755 2.25811 
0.886899 0.508018 0.000374259 2.25881 
0.861034 0.523854 0.125206 2.20058 
0.858058 0.5445 0.104326 2.19646 
0.885912 0.498617 0.116547 2.25793 
0.877393 0.520066 0.057231 2.23785 
0.886045 0.502455 0.0864794 2.2566 
0.920062 0.438222 0.0182004 2.32967 
0.907521 0.469372 0.0180243 2.3038 
0.919092 0.434323 0.0669197 2.32793 
0.864565 0.544066 0.000609228 2.21035 
0.863826 0.544942 0.0020701 2.20864 
0.863854 0.544895 0.00074006 2.2087 
0.865185 0.542982 0.000551624 2.21162 
0.86895 0.537415 0.000999038 2.21986 
0.867489 0.539624 0.000906143 2.21668 
0.868459 0.537958 0.00548022 2.21871 
0.888161 0.505787 0.0110846 2.26159 
0.885787 0.509862 0.0151751 2.25645 
0.885267 0.510618 0.0129541 2.25524 
0.885743 0.509838 0.0104182 2.25627 
0.879538 0.519838 0.0292554 2.24289 
0.881644 0.516361 0.0255612 2.2474 
0.880749 0.518237 0.020246 2.24551 
0.881735 0.516408 0.0226173 2.24762 
0.882406 0.515529 0.0174467 2.2491 
0.883395 0.513744 0.0194899 2.25123 
0.89484 0.491481 0.0284524 2.27549 
0.892387 0.497691 0.0166542 2.27061 
0.895535 0.491756 0.0196004 2.27744 
0.889541 0.502997 0.0147127 2.26448 
0.890606 0.501167 0.0180576 2.26687 
0.889354 0.503156 0.021547 2.26411 
0.887523 0.506541 0.0194356 2.26016 
0.888118 0.505698 0.0136628 2.26145 
0.887174 0.507114 0.0156898 2.25933 
0.879405 0.520415 0.0193873 2.24256 
0.879414 0.52038 0.0158512 2.24252 
0.877994 0.522994 0.0144782 2.23954 
0.870602 0.533809 0.0275124 2.22329 
0.867516 0.538681 0.0272129 2.21664 
0.869173 0.536974 0.00832326 2.22033 
0.867938 0.538825 0.010776 2.21765 
0.876626 0.525284 0.00550865 2.23652 
0.876332 0.525901 0.00117705 2.23593 
0.877068 0.524528 0.00287213 2.23745 
0.87915 0.521272 0.00110127 2.24204 
0.878592 0.522077 0.00270415 2.24078 
0.87216 0.53252 0.00119019 2.22686 
0.874734 0.52846 0.00122448 2.23246 
0.873717 0.52992 0.0024133 2.23018 
0.885052 0.510966 -0.000419532 2.25466 
0.884942 0.511191 -0.0008019 2.25443 
0.886397 0.509556 -0.00288138 2.2577 
0.8867 0.509232 -0.0034797 2.25836 
0.887492 0.511229 -0.00305942 2.26076 
0.88763 0.514173 -0.00195268 2.26166 
0.88678 0.512073 -0.00215227 2.25911 
0.885799 0.509419 -0.00236963 2.25619 
0.885915 0.508993 -0.00284797 2.2564 
0.885441 0.509552 -0.00249403 2.25536 
0.884749 0.511899 -0.00993205 2.25421 
0.885304 0.511001 -0.00874503 2.25541 
0.886188 0.508233 -0.00738063 2.25701 
0.886077 0.509368 -0.00894321 2.25704 
0.886466 0.507811 -0.0102578 2.25764 
0.887076 0.506914 -0.00706844 2.25894 
0.887444 0.50624 -0.00910925 2.25974 
0.884599 0.511809 -0.0050009 2.25372 
0.884893 0.511328 -0.00358373 2.25437 
0.885096 0.511284 -0.00483044 2.25492 
0.885171 0.511187 -0.00404735 2.25508 
0.881343 0.478657 -0.000200648 2.24019 
0.883868 0.493717 -0.000708905 2.24893 
0.88635 0.510614 -0.00111151 2.25792 
0.882714 0.49087 -0.000378031 2.24563 
0.885117 0.507139 -0.00115345 2.25421 
0.886709 0.512733 -0.00177857 2.25909 
0.886896 0.515333 -0.00136722 2.26002 
0.885938 0.510301 -0.0020811 2.25665 
0.885813 0.511237 -0.00175083 2.25655 
0.886319 0.514037 -0.00119204 2.25834 
0.882834 0.514754 -0.00460427 2.24986 
0.877461 0.523603 -0.01586 2.23827 
0.873652 0.529435 -0.0213866 2.22996 
0.873956 0.529161 -0.0173386 2.23065 
0.875321 0.526878 -0.0153275 2.23354 
0.880288 0.519347 -0.00399222 2.24447 
0.881207 0.517712 -0.00394018 2.24642 
0.881565 0.517113 -0.00267973 2.2472 
0.879614 0.52026 -0.00230395 2.24292 
0.878586 0.522045 -0.00260939 2.24073 
0.87824 0.522587 -0.00484091 2.23997 
0.878229 0.522348 -0.0129125 2.2399 
0.879427 0.520331 -0.0118316 2.24247 
0.879951 0.519738 -0.00560091 2.24368 
0.879108 0.521259 -0.00611922 2.2419 
0.878752 0.52161 -0.00812675 2.24104 
0.879577 0.52025 -0.00927937 2.24284 
0.882357 0.515571 -0.00565121 2.24884 
0.881615 0.516929 -0.00543328 2.24727 
0.880879 0.518161 -0.00671241 2.24568 
0.880704 0.518275 -0.00839629 2.24524 
0.882803 0.514774 -0.00669929 2.24979 
0.882798 0.514723 -0.00790093 2.24976 
0.882331 0.51554 -0.00933516 2.24877 
0.881431 0.517057 -0.00960263 2.24682 
0.846031 0.566703 -0.0554075 2.16949 
0.850074 0.562333 -0.0416481 2.17857 
0.835026 0.582901 -0.0474235 2.14579 
0.842531 0.564636 -0.0867854 2.16209 
0.851469 0.560762 -0.0673045 2.18206 
0.808672 0.610165 0.020337 2.08894 
0.831734 0.58515 0.0411227 2.1376 
0.808513 0.59987 0.0441667 2.0849 
0.822237 0.594689 0.0569692 2.1186 
0.842265 0.574144 -0.00452045 2.16169 
0.831459 0.586404 0.0193353 2.13733 
0.822805 0.596881 0.010819 2.11841 
0.824943 0.594886 -0.0100461 2.12341 
0.839916 0.576415 0.0162455 2.15636 
0.842615 0.573154 0.0060043 2.1622 
0.800764 0.604929 -0.00218671 2.06659 
0.811299 0.607533 -0.0178715 2.09428 
0.808399 0.597441 -0.046041 2.08435 
0.842057 0.572744 0.042384 2.1609 
0.844248 0.570173 0.0272062 2.16575 
0.853344 0.55947 0.0169003 2.1858 
0.859939 0.550263 0.0281268 2.20038 
0.860622 0.549043 0.0211977 2.20161 
0.858211 0.553048 0.0164535 2.19656 
0.872424 0.530275 0.0489551 2.22763 
0.867136 0.539339 0.0325843 2.21599 
0.863376 0.544256 0.0343106 2.20755 
0.874954 0.526503 0.0413912 2.23296 
0.873407 0.529151 0.0346802 2.22946 
0.870697 0.534013 0.0328439 2.22379 
0.868775 0.537486 -0.00109459 2.21938 
0.865554 0.542477 -0.00161339 2.21244 
0.865007 0.543276 -0.00342033 2.21125 
0.866719 0.540619 -0.00106168 2.21492 
0.867513 0.539536 -0.0020738 2.2167 
0.865994 0.541879 -0.00509675 2.21343 
0.867212 0.539969 -0.00440682 2.21604 
0.877773 0.519947 -0.0515468 2.23866 
0.869669 0.535856 -0.0257879 2.22147 
0.86638 0.540687 -0.0242988 2.21422 
0.863957 0.544302 -0.0281386 2.20905 
0.858697 0.55221 0.0117383 2.19748 
0.857188 0.554518 0.00740337 2.19424 
0.884531 0.512097 0.00096709 2.25366 
0.884314 0.512525 0.00054051 2.25322 
0.883893 0.513255 0.000409156 2.25231 
0.883775 0.513434 0.00104645 2.25204 
0.882881 0.515 0.00064391 2.25012 
0.883243 0.51429 0.00129769 2.25087 
0.883528 0.513854 0.00797724 2.25153 
0.884411 0.512211 0.00815413 2.25339 
0.883258 0.514319 0.00254018 2.25092 
0.887163 0.50744 0.00634775 2.25935 
0.887793 0.506445 0.00740436 2.26077 
0.887415 0.50695 0.0095325 2.2599 
0.886494 0.508719 0.00711599 2.25795 
0.886465 0.508725 0.00911967 2.25788 
0.887734 0.506466 0.00420817 2.26059 
0.888421 0.505377 0.00501584 2.26214 
0.888884 0.504436 0.00387553 2.26309 
0.888628 0.504923 0.00270531 2.26254 
0.885664 0.510159 0.00281659 2.25613 
0.885265 0.510868 0.00310208 2.25527 
0.885329 0.510773 0.00101409 2.25542 
0.885292 0.510815 0.00065869 2.25533 
0.88514 0.511118 0.000607818 2.25502 
0.885097 0.511164 0.00123245 2.25491 
0.884987 0.511341 0.000886432 2.25467 
0.884371 0.512418 0.00362196 2.25334 
0.883855 0.513297 0.00377589 2.25222 
0.883692 0.513549 0.00289549 2.25185 
0.890886 0.500812 0.000845265 2.26741 
0.89 0.502576 0.00158256 2.26556 
0.890105 0.502187 0.0032215 2.2657 
0.891801 0.499225 0.00238041 2.26942 
0.891247 0.500328 0.00403127 2.26826 
0.886328 0.509043 0.00126736 2.25759 
0.886382 0.508926 0.00224837 2.25769 
0.88619 0.509256 0.00182354 2.25727 
0.886895 0.50803 0.000804563 2.25881 
0.887048 0.507736 0.00186983 2.25913 
0.88685 0.508115 0.00206108 2.25871 
0.886655 0.508446 0.00185087 2.25828 
0.886681 0.508416 0.000918929 2.25835 
0.88656 0.508605 0.00130622 2.25808 
0.87625 0.520198 0.0663616 2.23537 
0.87895 0.515834 0.0792502 2.24173 
0.867312 0.533965 0.0723709 2.21626 
0.868893 0.531173 0.0864542 2.21964 
0.89307 0.492618 0.0516238 2.2716 
0.896098 0.485927 0.0670192 2.27862 
0.90551 0.472858 0.0594743 2.30003 
0.89889 0.484394 0.0367711 2.28478 
0.90441 0.473232 0.0366855 2.2966 
0.866615 0.540815 0.00219916 2.21472 
0.865565 0.54252 0.00184062 2.2125 
0.864645 0.543669 0.00294448 2.2104 
0.866989 0.540345 0.00481423 2.21558 
0.865981 0.541738 0.0104553 2.21337 
0.864181 0.544297 0.0127053 2.20943 
0.890849 0.500772 0.0328665 2.26772 
0.888468 0.504288 0.0276388 2.26214 
0.885792 0.509341 0.0269153 2.25645 
0.883721 0.512706 0.0294378 2.25194 
0.888284 0.503574 0.0447473 2.2618 
0.883435 0.512245 0.0479735 2.25151 
0.880493 0.517152 0.038991 2.24477 
0.881492 0.51607 0.0336169 2.24703 
0.876151 0.525767 0.0166678 2.23547 
0.872523 0.531307 0.0242775 2.22762 
0.875641 0.526259 0.0242432 2.23435 
0.877095 0.524118 0.0206501 2.23753 
0.866669 0.540307 0.0231911 2.21487 
0.863953 0.544512 0.0203289 2.20899 
0.8648 0.543163 0.0162226 2.21072 
0.875048 0.527759 0.00663472 2.23307 
0.873829 0.529708 0.00522227 2.23042 
0.87534 0.527337 0.00980391 2.23375 
0.872108 0.532389 0.00598987 2.22667 
0.871306 0.53368 0.00845291 2.22496 
0.88036 0.519221 0.00162172 2.24464 
0.882176 0.51609 0.00120308 2.24855 
0.878913 0.521627 0.00678701 2.24153 
0.879264 0.52088 0.00482016 2.2422 
0.88494 0.511193 -0.000157289 2.25443 
0.884706 0.511608 -0.000161349 2.25393 
0.885388 0.510802 -0.0030753 2.25555 
0.885533 0.510028 -0.00289901 2.25575 
0.885458 0.510835 -0.00380582 2.25575 
0.885715 0.509623 -0.00386909 2.25612 
0.885701 0.509052 -0.00322147 2.25593 
0.888532 0.471203 -0.00226139 2.25681 
0.884377 0.512042 -0.00345112 2.25317 
0.884643 0.511682 -0.00370789 2.25379 
0.884156 0.512424 -0.00418345 2.25269 
0.884467 0.512003 -0.00446593 2.25341 
0.884049 0.512701 -0.00271781 2.25249 
0.884355 0.512083 -0.00296078 2.25312 
0.884553 0.511742 -0.00254614 2.25355 
0.882083 0.516139 -0.000449998 2.24827 
0.882979 0.514676 -0.00367855 2.25024 
0.883546 0.513555 -0.00353025 2.25141 
0.883725 0.513374 -0.00288969 2.25184 
0.878681 0.52026 -0.0355222 2.24082 
0.871873 0.532365 -0.015944 2.22607 
0.870239 0.534917 -0.0184901 2.22256 
0.86759 0.539117 -0.0142206 2.21681 
0.867958 0.538307 -0.0173645 2.21754 
0.88008 0.519496 -0.000874302 2.24393 
0.881385 0.517325 -0.000501147 2.24676 
0.88096 0.517957 -0.00136939 2.24581 
0.87785 0.523159 -0.00112177 2.23909 
0.875758 0.526514 -0.000905406 2.23453 
0.876584 0.525336 -0.00212037 2.2364 
0.90339 0.423188 -0.114377 2.28851 
0.878129 0.522358 -0.0190949 2.2397 
0.87611 0.525808 -0.0231431 2.23546 
0.876103 0.525452 -0.0276849 2.23538 
0.881142 0.517213 -0.0262274 2.24631 
0.879225 0.520794 -0.0291554 2.24238 
0.831837 0.585441 -0.0187029 2.13799 
0.839225 0.577826 -0.0118217 2.155 
0.836341 0.580636 -0.033607 2.14843 
0.84454 0.570564 -0.0220574 2.16649 
0.843804 0.570527 -0.0311646 2.16452 
0.851503 0.557591 0.0658752 2.18114 
0.848725 0.563194 0.0495948 2.17552 
0.862812 0.542337 0.0636995 2.20642 
0.854568 0.556062 0.0421332 2.18837 
0.86554 0.539587 0.0514088 2.21221 
0.862062 0.546504 0.0428295 2.20513 
0.853267 0.559332 0.0333627 2.18588 
0.855616 0.555785 0.0284145 2.19067 
0.849483 0.564301 0.0270991 2.17744 
0.852485 0.560684 0.0228278 2.184 
0.869462 0.536537 -0.0029635 2.22092 
0.870885 0.534369 -0.00338274 2.22403 
0.868479 0.538116 -0.00535788 2.21883 
0.87176 0.532889 -0.00145811 2.22587 
0.874249 0.528933 -0.000941234 2.23126 
0.873412 0.530351 -0.00243245 2.22949 
0.87437 0.528924 -0.00511439 2.23162 
0.87704 0.524621 -0.00614844 2.23741 
0.875972 0.526288 -0.00480964 2.23506 
0.875326 0.527208 -0.0118043 2.23365 
0.877338 0.52402 -0.00837773 2.23802 
0.876784 0.524764 -0.0106269 2.23677 
0.860709 0.546933 -0.0686563 2.20203 
0.865482 0.537666 -0.0591874 2.21151 
0.875409 0.525104 -0.0620506 2.23413 
0.866116 0.540923 -0.0335841 2.21384 
0.862955 0.544394 -0.0418061 2.20671 
0.86694 0.537942 -0.0486952 2.21546 
0.873011 0.528383 -0.0454621 2.22844 
0.874863 0.526751 -0.0380528 2.2327 
0.869967 0.535059 -0.031238 2.22211 
0.873322 0.52989 -0.0327924 2.22948 
0.883571 0.513766 0.00449937 2.2516 
0.883838 0.513313 0.00554205 2.25218 
0.883367 0.514066 0.00645353 2.25114 
0.888106 0.505868 0.00257514 2.26142 
0.887622 0.506769 0.0017536 2.26039 
0.887934 0.506226 0.00176075 2.26107 
0.88745 0.507028 0.00256959 2.26 
0.887775 0.506492 0.00313179 2.26072 
0.886149 0.509301 0.00327421 2.25718 
0.885874 0.509828 0.00323436 2.2566 
0.884882 0.511479 0.00655826 2.25444 
0.884424 0.512293 0.00538468 2.25345 
0.88466 0.511896 0.00429109 2.25396 
0.885124 0.511095 0.00393591 2.25496 
0.884506 0.512195 0.00149509 2.25363 
0.88474 0.511756 0.00184197 2.25413 
0.884096 0.512826 0.00174395 2.25271 
0.884102 0.512913 0.00243164 2.25277 
0.884755 0.511758 0.00250421 2.25417 
0.88444 0.51226 0.00284945 2.25347 
0.887143 0.507609 0.00147955 2.25935 
0.887411 0.507102 0.00138005 2.25991 
0.887414 0.507124 0.00096631 2.25993 
0.887194 0.507494 0.00076581 2.25945 
0.887057 0.507747 0.00102431 2.25916 
0.865702 0.542114 0.00593537 2.21272 
0.865306 0.542822 0.00798376 2.21192 
0.86474 0.543696 0.00455815 2.21069 
0.860497 0.549457 0.00959479 2.20128 
0.862472 0.546927 0.00999824 2.20574 
0.863356 0.545539 0.00746509 2.2076 
0.863289 0.545706 0.00514161 2.20748 
0.862877 0.54638 0.00302552 2.2066 
0.861659 0.548093 0.00176259 2.20392 
0.85973 0.550851 0.00207788 2.19972 
0.859207 0.551305 0.00580954 2.19845 
0.87454 0.528538 0.0155313 2.23204 
0.874149 0.529109 0.0117403 2.23112 
0.872151 0.532327 0.0112693 2.22681 
0.880818 0.518524 0.000619533 2.24566 
0.881753 0.516957 0.000564554 2.24769 
0.882623 0.515358 0.00339135 2.24953 
0.881998 0.516429 0.00282574 2.24818 
0.882832 0.515042 0.00464562 2.25001 
0.880993 0.518023 0.0032561 2.24596 
0.880594 0.518779 0.00471652 2.24514 
0.882657 0.515331 0.0058482 2.24963 
0.879878 0.519968 0.0104054 2.24362 
0.879933 0.51981 0.00816042 2.24369 
0.88088 0.518139 0.0116691 2.24574 
0.88226 0.515893 0.0106293 2.24875 
0.882524 0.515496 0.00889361 2.24933 
0.881951 0.516497 0.00698616 2.24809 
0.881046 0.518039 0.00671506 2.24613 
0.885002 0.470615 -0.000868075 2.24792 
0.886249 0.487763 -0.0018114 2.25389 
0.888132 0.484 -0.00284939 2.25792 
0.883782 0.513229 -0.000269239 2.25194 
0.884697 0.511634 -0.000830181 2.25391 
0.88455 0.511845 -0.000435278 2.25358 
0.884286 0.512337 -0.000282286 2.25302 
0.884089 0.512643 -0.000561246 2.25258 
0.882187 0.515974 -0.00241703 2.24851 
0.882734 0.515139 -0.00291125 2.24973 
0.8824 0.515595 -0.00110405 2.24896 
0.884844 0.511667 -0.012846 2.25441 
0.886141 0.509036 -0.0128818 2.25714 
0.886764 0.506953 -0.0149218 2.25821 
0.880296 0.519097 -0.0192402 2.24453 
0.881462 0.517166 -0.0220105 2.24711 
0.883458 0.513898 -0.0196157 2.25145 
0.86873 0.53747 -0.0119814 2.2193 
0.867805 0.538946 -0.00947117 2.2173 
0.868713 0.53761 -0.0075125 2.21928 
0.873668 0.529795 -0.0105114 2.23002 
0.873321 0.53056 -0.00744162 2.22934 
0.871849 0.532653 -0.0127828 2.22609 
0.870281 0.535076 -0.0112813 2.22266 
0.871413 0.533546 -0.00652975 2.22519 
0.870339 0.535159 -0.00834726 2.22284 
0.881821 0.493076 -0.110493 2.24619 
0.866568 0.539242 -0.0824992 2.21543 
0.887293 0.505151 -0.0790835 2.2607 
0.875865 0.523871 -0.0755088 2.23508 
0.860598 0.512827 -0.121076 2.19739 
0.854069 0.544485 -0.102027 2.18705 
0.885808 0.50993 0.00398906 2.25645 
0.885478 0.510471 0.00451007 2.25573 
0.886377 0.508928 0.00469115 2.25768 
0.886115 0.509355 0.0040398 2.25711 
0.88606 0.509416 0.00601977 2.25698 
0.885512 0.51044 0.00581226 2.25582 
0.871344 0.533221 0.0202311 2.22501 
0.872307 0.531837 0.0170615 2.22711 
0.86863 0.537408 0.0201851 2.21911 
0.86764 0.539025 0.0166395 2.21695 
0.868898 0.537254 0.0140437 2.21972 
0.870998 0.53411 0.0140377 2.22432 
0.889539 0.510275 -0.00471346 2.26571 
0.888749 0.504208 -0.00351811 2.26275 
0.889984 0.50895 -0.00592517 2.26656 
0.890111 0.503284 -0.00465739 2.26603 
0.884594 0.511841 -0.00122471 2.2537 
0.884527 0.51188 -0.00210642 2.25353 
0.884791 0.511497 -0.00157494 2.25413 
0.884717 0.511508 -0.00191173 2.25392 
0.88319 0.51424 -0.000480418 2.25066 
0.882919 0.514685 -0.00114137 2.25007 
0.883565 0.51355 -0.000742119 2.25145 
0.883511 0.513779 -0.00223631 2.25139 
0.883131 0.51439 -0.00204759 2.25056 
0.895234 0.448978 -0.00631903 2.26972 
0.892904 0.493473 -0.0610674 2.27114 
0.892049 0.487759 -0.0069997 2.26822 
0.895994 0.483021 -0.0107862 2.27767 
0.881457 0.517028 -0.0137479 2.24693 
0.881317 0.517272 -0.0163241 2.24665 
0.882807 0.51485 -0.0126178 2.24988 
0.883827 0.51342 -0.0141484 2.25223 
0.883295 0.514353 -0.0168603 2.25113 
0.884107 0.512775 -0.00212077 2.25269 
0.884319 0.512322 -0.00188135 2.25311 
0.884365 0.5123 -0.00137043 2.25323 
0.884123 0.512624 -0.00105806 2.25267 
0.883787 0.513275 -0.00178622 2.25198 
0.883816 0.513181 -0.00127646 2.25202 
0.909197 0.403092 -0.0104986 2.29811 
0.911534 0.420579 -0.0558345 2.30656 
0.905935 0.480069 -0.0521278 2.30358 
0.902215 0.454374 -0.0197118 2.28834 
0.901366 0.483437 -0.0300529 2.2914 
0.881667 0.514798 -0.0372795 2.24729 
0.882087 0.513466 -0.0463145 2.24803 
0.89247 0.505795 -0.0098933 2.27224 
0.888487 0.505424 -0.00991266 2.26212 
0.890222 0.506615 -0.00818229 2.26675 
0.888543 0.504583 -0.0134178 2.26222 
0.897274 0.490531 -0.0283286 2.28128 
0.895485 0.49493 -0.0186118 2.27761 
0.889608 0.503453 -0.0158921 2.26458 
0.891939 0.502261 -0.0148989 2.27023 
0.892866 0.49993 -0.0199907 2.27202 
0.890369 0.502839 -0.0234567 2.2665 
0.884236 0.511753 -0.0270114 2.25304 
0.884421 0.5096 -0.031966 2.2529 
0.888798 0.504129 -0.0202775 2.26285 
0.885078 0.510375 -0.0214969 2.25477 
0.886662 0.506869 -0.0194872 2.25796 
0.887394 0.505468 -0.0332933 2.25963 
0.890649 0.503499 -0.0296577 2.26768 
0.893612 0.496782 -0.0344012 2.27324 
0.891928 0.501638 -0.0464788 2.27068 
0.886935 0.507603 -0.0449495 2.25917 
