0 0
0 0.125
0 0.25
0 0.375
0 0.5
0 0.625
0 0.75
0 0.875
0 1
0.080562 0.31188
0.086355 0.49529
0.092269 0.57046
0.093551 0.92445
0.09375 1
0.094668 0.81435
0.097506 0.089483
0.10366 0.4157
0.10684 0.20533
0.11216 0.69001
0.125 2.7756e-17
0.16136 0.50194
0.17287 0.13963
0.17887 0.77706
0.18521 0.87433
0.18564 0.067819
0.1875 1
0.19216 0.31366
0.19402 0.5985
0.20292 0.42378
0.20492 0.20745
0.22773 0.70167
0.25 5.5511e-17
0.27542 0.12442
0.27652 0.8102
0.27774 0.505
0.27875 0.24526
0.27986 0.92672
0.28093 0.31489
0.28125 1
0.28234 0.38622
0.29653 0.62795
0.31478 0.71976
0.34981 0.20588
0.35987 0.50209
0.36472 0.43257
0.36958 0.31397
0.37297 0.57072
0.37311 0.89552
0.375 8.3267e-17
0.375 1
0.37738 0.78632
0.38529 0.12945
0.39765 0.67825
0.43462 0.50065
0.4378 0.21404
0.45338 0.7599
0.46046 0.85374
0.46276 0.40613
0.46875 1
0.4725 0.59467
0.48368 0.11014
0.49269 0.30642
0.5 1.1102e-16
0.50083 0.6926
0.53434 0.78812
0.5385 0.21547
0.55396 0.38305
0.55587 0.89496
0.5615 0.49841
0.5625 1
0.5672 0.067261
0.57197 0.62814
0.57886 0.14124
0.58114 0.71913
0.59272 0.30095
0.625 1.3878e-16
0.64481 0.2049
0.64696 0.68386
0.65379 0.093847
0.65427 0.80086
0.65514 0.9292
0.65625 1
0.66383 0.39612
0.66387 0.49242
0.67304 0.29238
0.67353 0.58419
0.72849 0.23611
0.74294 0.69609
0.74423 0.14713
0.74664 0.31447
0.75 1.6653e-16
0.75 1
0.75271 0.8985
0.76009 0.49138
0.76757 0.80186
0.76788 0.39304
0.77149 0.59731
0.8217 0.2378
0.8261 0.33366
0.84375 1
0.84487 0.65293
0.84511 0.75359
0.84675 0.86189
0.84682 0.55831
0.84872 0.49096
0.85497 0.41789
0.85821 0.11444
0.875 1.9429e-16
0.91649 0.20796
0.92043 0.60411
0.92258 0.80763
0.92782 0.31904
0.93075 0.41045
0.9359 0.49924
0.9375 1
0.94146 0.068694
0.94627 0.70458
0.95117 0.91238
0.9543 0.14254
1 2.2204e-16
1.0053 0.40875
1.0205 0.60235
1.0247 0.21533
1.0251 0.80817
1.0262 0.10015
1.0312 1
1.0405 0.32504
1.0472 0.70367
1.0525 0.91561
1.0538 0.49338
1.1071 0.20917
1.1111 0.04047
1.1127 0.13716
1.1172 0.27973
1.1194 0.55854
1.1201 0.65045
1.125 1
1.1268 0.40112
1.1276 0.75099
1.1283 0.48673
1.1305 0.8645
1.1808 0.20302
1.1937 0.59913
1.206 0.50502
1.2108 0.68462
1.2129 0.30724
1.2188 1
1.222 0.91906
1.2222 0.069976
1.2319 0.79529
1.2458 0.40616
1.2936 0.21358
1.2939 0.70803
1.3008 0.60029
1.309 0.33628
1.3117 0.47775
1.3125 1
1.3132 0.86725
1.3199 0.4067
1.324 0.77626
1.3333 0.089272
1.384 0.28997
1.3879 0.8119
1.3932 0.6055
1.3935 0.52526
1.3995 0.69885
1.4009 0.90319
1.4015 0.40468
1.4062 1
1.4098 0.19573
1.4444 0.098812
1.4736 0.48643
1.48 0.58733
1.4861 0.81321
1.4987 0.93026
1.499 0.29866
1.5 1
1.5027 0.18046
1.5056 0.41252
1.5264 0.69548
1.5556 0.098812
1.5756 0.38166
1.5807 0.61175
1.5832 0.7751
1.5845 0.49309
1.5938 1
1.6042 0.20713
1.6056 0.30944
1.6059 0.88629
1.6284 0.69407
1.6667 0.089272
1.6733 0.79308
1.6739 0.38399
1.6805 0.27822
1.6839 0.59324
1.6875 1
1.7002 0.48733
1.7196 0.18919
1.7204 0.89896
1.7247 0.70472
1.7778 0.069976
1.7786 0.80728
1.7791 0.53514
1.7812 1
1.7814 0.43256
1.7902 0.30069
1.7908 0.63253
1.8053 0.91319
1.8062 0.7177
1.8065 0.18592
1.8549 0.48899
1.8578 0.76962
1.8672 0.57617
1.8711 0.85969
1.8715 0.23079
1.875 1
1.8835 0.142
1.8865 0.68111
1.8889 0.04047
1.8919 0.39936
1.9005 0.30098
1.9412 0.78133
1.9468 0.60977
1.9512 0.51038
1.9644 0.89404
1.9688 1
1.9752 0.22498
1.9776 0.33746
1.979 0.10487
1.9903 0.42349
1.9929 0.68946
2 2.2204e-16
2.0349 0.59263
2.0488 0.29593
2.0625 1
2.0633 0.068221
2.0634 0.92846
2.0635 0.37642
2.0658 0.1523
2.0679 0.79757
2.0728 0.48317
2.0786 0.23354
2.0829 0.67568
2.125 1.9429e-16
2.1416 0.40802
2.1497 0.092121
2.1506 0.19054
2.1509 0.30448
2.1562 1
2.1591 0.58871
2.1607 0.89759
2.1625 0.71389
2.1696 0.48038
2.1769 0.80411
2.2205 0.22922
2.2363 0.51145
2.2383 0.66445
2.239 0.13992
2.2482 0.40259
2.2495 0.75254
2.25 1.6653e-16
2.25 1
2.2506 0.85748
2.254 0.29625
2.2769 0.58657
2.3078 0.21831
2.3227 0.49638
2.3252 0.79626
2.3396 0.31298
2.3398 0.89509
2.3438 1
2.3455 0.68148
2.3527 0.11074
2.3617 0.57398
2.37 0.408
2.375 1.3878e-16
2.4237 0.33221
2.4276 0.60633
2.4327 0.2207
2.4335 0.92507
2.4348 0.13158
2.4355 0.79379
2.4359 0.066655
2.4375 1
2.4407 0.50186
2.4499 0.67986
2.4537 0.40141
2.5 1.1102e-16
2.5135 0.87778
2.5158 0.42981
2.5169 0.10876
2.5194 0.71014
2.5206 0.33186
2.5299 0.60272
2.5312 1
2.5437 0.49969
2.5552 0.78942
2.5642 0.21564
2.609 0.42297
2.6096 0.88407
2.6135 0.68916
2.6166 0.12792
2.6208 0.60797
2.6229 0.53343
2.625 8.3267e-17
2.625 1
2.6402 0.78112
2.6456 0.30285
2.6555 0.2019
2.6916 0.91953
2.7021 0.38774
2.7093 0.82854
2.711 0.72485
2.7115 0.47919
2.7129 0.60558
2.7188 1
2.7269 0.12084
2.7295 0.23805
2.7407 0.32221
2.75 5.5511e-17
2.7868 0.68104
2.7906 0.89408
2.7981 0.19593
2.7983 0.77155
2.8078 0.52489
2.8117 0.40165
2.8125 1
2.8144 0.28049
2.8148 0.066012
2.8209 0.61259
2.8281 0.13475
2.875 2.7756e-17
2.8872 0.68921
2.8882 0.48393
2.8929 0.1997
2.8969 0.81722
2.9012 0.92796
2.9019 0.5726
2.9029 0.087699
2.9062 1
2.9067 0.3204
2.9216 0.41429
3 0
3 0.125
3 0.25
3 0.375
3 0.5
3 0.625
3 0.75
3 0.875
3 1
