0.870338 0.570636 -0.0335281 2.2365 
0.88988 0.558702 -0.0516448 2.30066 
0.871778 0.567278 -0.0430415 2.24962 
0.888219 0.501808 -0.00447386 2.26001 
0.925081 0.464435 0.0263874 2.36031 
0.919819 0.472236 0.0348113 2.34629 
0.893016 0.543315 -0.00724881 2.28297 
0.895539 0.528974 -0.00592256 2.2935 
0.873151 0.353212 -0.00671393 2.22269 
0.89091 0.516689 -0.00963138 2.26925 
0.888339 0.504698 0.00160257 2.25694 
0.88964 0.495043 0.0156914 2.26031 
0.889805 0.50247 0.0176103 2.25652 
0.885014 0.490524 0.00868492 2.24155 
0.889682 0.494285 0.00932193 2.25582 
0.864962 0.179585 0.00159024 2.16171 
0.874282 0.36797 0.0111762 2.21188 
0.90393 0.518272 -0.00396119 2.31918 
0.909082 0.500533 0.0525943 2.32771 
0.854006 0.558319 0.0119927 2.18796 
0.84971 0.440241 0.087767 2.16329 
0.858642 0.561611 -0.026398 2.20566 
0.884702 0.56114 -0.0468755 2.28554 
0.871614 0.564673 -0.0388669 2.2476 
0.844045 0.563411 -0.0143402 2.16222 
0.880056 0.553078 -0.0480851 2.26569 
0.883557 0.555731 -0.0520765 2.27979 
0.868916 0.567408 -0.0412667 2.23439 
0.866295 0.580281 -0.0409588 2.22885 
0.89321 0.556257 -0.0512629 2.30888 
0.887539 0.517922 -0.00842573 2.26621 
0.886807 0.507848 -0.0102026 2.26014 
0.886775 0.51062 -0.0104185 2.25964 
0.899249 0.168607 -0.000354168 2.26364 
0.916363 0.389126 0.0155144 2.3398 
0.8961 0.201571 0.0277684 2.24333 
0.919176 0.376314 0.0445438 2.32516 
0.891712 0.500974 0.0071305 2.27 
0.887384 0.506003 0.00585313 2.25934 
0.921738 0.125186 0.0305662 2.3236 
0.907401 0.149569 0.0101912 2.29589 
0.913267 0.142629 0.00216598 2.31693 
0.935569 0.489498 -0.00533425 2.44326 
0.914339 0.317344 0.0291031 2.32818 
0.929604 0.317508 0.025144 2.38066 
0.927167 0.417489 0.0164215 2.37242 
0.927108 0.420238 0.031279 2.37297 
0.915801 0.41667 -0.0219301 2.40238 
0.938531 0.563566 -0.0219784 2.50105 
0.884651 0.571462 -0.0347736 2.28188 
0.880202 0.569949 -0.0254629 2.26611 
0.871091 0.500878 -0.0187923 2.22163 
0.858259 0.127239 -0.00184905 2.12858 
0.911105 0.321926 -0.00434121 2.32061 
0.932699 0.45139 0.00187462 2.37931 
0.927637 0.453374 0.0222883 2.36304 
0.926039 0.466535 0.0552867 2.36364 
0.927939 0.496884 0.0684108 2.38618 
0.928657 0.511162 0.018666 2.3886 
0.936966 0.525189 0.0175515 2.41622 
0.915694 0.479004 0.0322557 2.33632 
0.917663 0.490017 0.027478 2.34834 
0.927736 0.317507 -0.0101872 2.37352 
0.893795 0.509433 0.00263226 2.27972 
0.895213 0.514851 0.0024217 2.28835 
0.900361 0.503073 0.00668188 2.29835 
0.890828 0.519508 -0.000957446 2.27288 
0.895758 0.515865 -0.00190657 2.28889 
0.889884 0.517859 -0.00437017 2.2695 
0.863484 0.156384 -0.00669037 2.16969 
0.896487 0.49784 0.00972347 2.28525 
0.891621 0.493347 0.0120536 2.26617 
0.89284 0.49619 0.0119513 2.27252 
0.896508 0.52295 0.000648875 2.28827 
0.892321 0.528913 0.00929741 2.27952 
0.865914 0.174064 -3.38313e-05 2.16294 
0.878696 0.361786 0.0090492 2.2208 
0.876192 0.51964 -0.0160157 2.23216 
0.886418 0.512443 -0.000890047 2.25932 
0.894951 0.517498 0.00292721 2.28312 
0.88991 0.508806 -0.00192573 2.26894 
0.893866 0.51204 0.00579807 2.28137 
0.893328 0.509708 0.00389093 2.2812 
0.890524 0.5106 0.000499526 2.27174 
0.88279 0.51224 -0.00341235 2.24779 
0.885378 0.511482 -0.0047864 2.25563 
0.872762 0.515126 -0.00753273 2.21817 
0.876686 0.516435 -0.011402 2.23164 
0.864871 0.507213 0.00720636 2.19072 
0.864134 0.508861 0.00375602 2.18883 
0.866456 0.510122 0.00025566 2.19609 
0.876072 0.510673 -0.00207847 2.22615 
0.872317 0.51193 -0.00313956 2.21481 
0.888727 0.489368 0.0175463 2.25605 
0.886152 0.493445 0.0155613 2.24987 
0.894076 0.501259 0.00813059 2.27794 
0.905049 0.525059 -0.0140874 2.32212 
0.905071 0.514017 0.00259497 2.32178 
0.909747 0.509902 0.00205562 2.33717 
0.905478 0.512832 0.00459536 2.32127 
0.906805 0.505842 0.00653641 2.32265 
0.906034 0.505289 0.00552029 2.3192 
0.880541 0.525106 -0.0207846 2.24974 
0.791529 0.155916 -0.0263309 1.94743 
0.789996 0.365345 -0.0186363 1.98194 
0.81461 0.243777 0.0404803 2.03565 
0.836292 0.192488 -0.010858 2.06485 
0.855524 0.132132 -0.0021138 2.11492 
0.858649 0.314629 -0.0171998 2.14981 
0.842058 0.55629 0.00933458 2.15282 
0.844418 0.563269 -0.00679927 2.16368 
0.837132 0.560984 -0.00703555 2.1411 
0.878203 0.559645 -0.0511139 2.26609 
0.876834 0.554497 -0.0527702 2.25919 
0.877779 0.557651 -0.0452949 2.25979 
0.877618 0.553148 -0.0483855 2.26157 
0.873351 0.574357 -0.0438733 2.24902 
0.871195 0.564566 -0.0483264 2.24105 
0.881769 0.55497 -0.0420328 2.27299 
0.867667 0.554837 -0.0321827 2.22999 
0.861635 0.56498 -0.0341602 2.21355 
0.89536 0.54997 -0.0501717 2.31151 
0.878962 0.558598 -0.0400558 2.26711 
0.866031 0.562596 -0.00656169 2.22643 
0.8605 0.567869 -0.0176114 2.21365 
0.868643 0.568046 -0.0334084 2.23937 
0.923949 0.616992 -0.00861905 2.45425 
0.924326 0.555973 -0.028741 2.48911 
0.885907 0.502835 -0.0226624 2.2565 
0.924385 0.519365 0.00653398 2.39015 
0.905756 0.510116 -0.00205944 2.32703 
0.853596 0.128275 -0.00263594 2.11829 
0.851718 0.132023 -0.00419288 2.11808 
0.912072 0.383187 -0.0471407 2.303 
0.888617 0.202338 -0.0270053 2.22038 
0.853141 0.163365 -0.00473384 2.12379 
0.890089 0.498193 -0.0107092 2.26376 
0.89793 0.496395 -0.00818037 2.28515 
0.899414 0.501537 -0.0216751 2.29063 
0.862521 0.330796 -0.0167473 2.16784 
0.886439 0.36403 -0.0274828 2.24079 
0.895033 0.512519 -0.0313372 2.27917 
0.891127 0.517455 -0.0308146 2.27448 
0.886907 0.502405 -0.014626 2.25875 
0.885906 0.501461 -0.0112577 2.25629 
0.888346 0.513047 -0.0202721 2.26497 
0.887227 0.512042 -0.00328838 2.26093 
0.887588 0.50729 -0.0013379 2.26013 
0.88766 0.50649 0.000642943 2.26025 
0.887271 0.509182 0.00437184 2.26045 
0.93355 0.419566 0.0287092 2.41642 
0.924008 0.351562 0.0220458 2.3814 
0.94324 0.43176 0.025405 2.43198 
0.890375 0.204689 -0.0041073 2.24415 
0.909866 0.424074 -0.000425696 2.3285 
0.916941 0.501692 0.0330646 2.34003 
0.905837 0.480179 0.00598424 2.30296 
0.907543 0.496281 0.0206294 2.31273 
0.869018 0.113479 0.00155055 2.17172 
0.88727 0.317448 0.0117042 2.24559 
0.892238 0.493495 0.0207512 2.27483 
0.877186 0.293033 0.0169655 2.20931 
0.912407 0.475215 0.0341033 2.32941 
0.887049 0.504435 0.00303004 2.25807 
0.883751 0.514204 -0.00219111 2.25292 
0.888039 0.509384 0.00643459 2.26343 
0.886869 0.509972 0.00107768 2.26002 
0.921544 0.486135 0.119272 2.38909 
0.863367 0.584405 -0.0538949 2.23534 
0.898242 0.484169 0.00626709 2.28232 
0.894272 0.493167 0.00478067 2.2742 
0.902773 0.478543 0.00447938 2.29375 
0.881398 0.180631 0.0438838 2.20949 
0.887737 0.387187 0.0920679 2.25831 
0.908043 0.289201 0.0709239 2.30247 
0.915834 0.519729 0.0672018 2.35347 
0.918104 0.453706 0.0805748 2.34807 
0.913484 0.0794422 0.00154633 2.2973 
0.912608 0.226828 0.0104906 2.30988 
0.91817 0.198296 0.0255687 2.3173 
0.864526 0.284527 -0.00357941 2.16767 
0.897908 0.550543 -0.0156531 2.31438 
0.886057 0.487185 -0.00880941 2.26473 
0.869403 0.164848 -0.00410812 2.17683 
0.901953 0.137987 -0.00313094 2.27672 
0.894272 0.143466 -0.000432237 2.24945 
0.936121 0.513447 -0.0081567 2.41846 
0.939196 0.606346 -0.00625054 2.5005 
0.929589 0.455943 0.0433236 2.37005 
0.930629 0.448971 0.0265678 2.36986 
0.935514 0.445369 0.00185527 2.38486 
0.913889 0.498 0.0566181 2.3422 
0.917295 0.492411 0.0597111 2.34951 
0.914612 0.485384 0.0463711 2.33628 
0.918689 0.485485 0.0549673 2.34942 
0.919059 0.474091 0.0428244 2.3446 
0.922843 0.473227 0.0512716 2.35636 
0.936429 0.485115 0.0263624 2.40547 
0.937574 0.46783 0.0197211 2.40857 
0.938798 0.475213 0.0339674 2.40993 
0.941781 0.593808 0.0106244 2.4978 
0.930821 0.521964 0.0154341 2.41758 
0.939506 0.558989 0.0422695 2.45622 
0.934845 0.545253 0.0604341 2.43607 
0.935446 0.581246 0.0307577 2.46429 
0.929954 0.507942 0.0485169 2.40131 
0.910634 0.489298 0.0420134 2.32543 
0.911351 0.484901 0.0354301 2.32479 
0.912667 0.486331 0.0294291 2.32989 
0.900331 0.510847 0.0444267 2.30442 
0.895741 0.518023 0.0419722 2.29317 
0.93848 0.542957 -0.0101979 2.43276 
0.929869 0.530186 -0.00866078 2.4068 
0.949712 0.492088 0.00929522 2.45318 
0.930655 0.119618 0.00151874 2.37057 
0.930809 0.2979 0.00862143 2.38176 
0.918417 0.133343 0.00128684 2.32752 
0.92993 0.309832 0.00312667 2.37651 
0.918399 0.135593 -0.00233027 2.3298 
0.934012 0.12869 0.000971341 2.37864 
0.932551 0.259377 -0.00229604 2.38151 
0.870953 0.255911 0.00925127 2.18056 
0.884397 0.423438 0.0174557 2.22143 
0.904274 0.516413 0.00952636 2.31605 
0.897321 0.517573 0.00746511 2.29284 
0.897109 0.532309 0.0104455 2.29583 
0.898715 0.544292 0.0130191 2.3079 
0.905712 0.531671 0.00752001 2.32501 
0.914656 0.51023 0.00607788 2.34788 
0.908467 0.509333 0.00797765 2.32792 
0.914934 0.5086 0.00556868 2.34982 
0.882269 0.514103 -0.0116939 2.24799 
0.885101 0.511542 -0.00752734 2.25523 
0.890085 0.5033 -0.00291116 2.26793 
0.889184 0.506088 -0.007217 2.26608 
0.890061 0.501533 -0.0102909 2.2671 
0.892957 0.507453 -0.00118656 2.27562 
0.893167 0.505027 -0.00795449 2.27519 
0.876031 0.508767 0.00119217 2.22536 
0.885174 0.50487 0.0061855 2.25231 
0.883666 0.511506 0.000286446 2.25077 
0.888984 0.510285 0.00195051 2.26726 
0.866863 0.10028 -0.00255042 2.16421 
0.871539 0.280226 0.00075756 2.19497 
0.895363 0.469778 -0.0050739 2.292 
0.872102 0.249264 -0.00572426 2.18889 
0.885607 0.436425 -0.0163048 2.25481 
0.909318 0.530406 0.00402134 2.33656 
0.907931 0.540524 -0.000765307 2.33598 
0.912889 0.516122 0.00270562 2.34504 
0.907185 0.52356 -0.00271173 2.32976 
0.90617 0.539321 -0.00430357 2.32905 
0.865793 0.533319 0.00402324 2.20217 
0.890167 0.531721 -0.0319436 2.2852 
0.896311 0.544228 -0.0474966 2.31113 
0.891672 0.541611 -0.0417032 2.29511 
0.88752 0.534955 -0.0345427 2.27912 
0.868822 0.547299 -0.00328026 2.21887 
0.867932 0.546529 0.00094117 2.2172 
0.868402 0.483177 0.0062985 2.20595 
0.840241 0.351174 -0.00438368 2.10318 
0.849646 0.352961 -0.0116409 2.1274 
0.861742 0.530862 -0.00813143 2.19104 
0.881989 0.529318 -0.0235367 2.25799 
0.880539 0.530638 -0.021147 2.25211 
0.870145 0.5625 -0.00591225 2.22635 
0.86995 0.563205 -0.0025773 2.2283 
0.871329 0.554373 -0.010098 2.23101 
0.873129 0.538562 -0.0151413 2.2308 
0.865771 0.533221 0.00034159 2.20268 
0.868475 0.553916 -0.00279958 2.21769 
0.868481 0.543721 -0.00465755 2.21701 
0.870513 0.532459 -0.00833084 2.22004 
0.865345 0.514456 -0.00259259 2.1953 
0.868206 0.517548 -0.00732128 2.20554 
0.871214 0.520643 -0.0123895 2.21697 
0.873542 0.525379 -0.0139905 2.22607 
0.846376 0.592423 -0.0402116 2.18338 
0.852996 0.596276 -0.0269561 2.19788 
0.826809 0.583723 -0.0231465 2.1285 
0.821163 0.333765 -0.0430505 2.06281 
0.843855 0.5511 -0.0555743 2.1683 
0.78133 0.365489 0.00923755 1.95611 
0.842712 0.632223 0.0504391 2.18189 
0.773414 0.196974 0.00903026 1.9125 
0.795495 0.417994 0.0455825 2.00927 
0.83124 0.582869 0.00537037 2.1294 
0.832202 0.617653 0.025929 2.14565 
0.819003 0.589855 0.0137932 2.10551 
0.810783 0.579964 0.00612786 2.07981 
0.839309 0.591791 0.0276081 2.15409 
0.834133 0.57307 0.0137084 2.13404 
0.771564 0.169406 -0.00389998 1.89388 
0.792296 0.375877 0.00328884 1.98993 
0.773674 0.200826 -0.00530559 1.90458 
0.857044 0.603953 0.0523136 2.2113 
0.848324 0.560445 0.0327057 2.17019 
0.862176 0.553086 0.0234177 2.2088 
0.879606 0.53782 0.0417481 2.25381 
0.885151 0.535496 0.0250216 2.26895 
0.878863 0.546504 0.0155967 2.25551 
0.906028 0.521814 0.0655266 2.32847 
0.895138 0.519633 0.0491646 2.29319 
0.888615 0.529872 0.050359 2.27846 
0.909085 0.513586 0.0631537 2.33515 
0.904835 0.508909 0.0558302 2.3193 
0.900357 0.512715 0.0516569 2.3066 
0.81411 0.151349 0.00316967 1.98406 
0.83183 0.350909 -0.0164452 2.07765 
0.85831 0.548452 -0.0289667 2.19418 
0.817137 0.167765 -0.00146931 2.00245 
0.823364 0.314101 -0.00678755 2.03991 
0.855468 0.564323 -0.0295212 2.19092 
0.846663 0.518566 -0.0197149 2.15179 
0.888248 0.561597 -0.0664994 2.28518 
0.893202 0.549472 -0.0508846 2.30502 
0.892053 0.555038 -0.0503634 2.3042 
0.885313 0.550874 -0.0467885 2.2821 
0.8864 0.547046 -0.00181964 2.27962 
0.879564 0.555931 -0.0120618 2.26398 
0.875191 0.477933 -0.0235514 2.22293 
0.863729 0.291419 -0.0133492 2.1657 
0.850659 0.16523 -0.00642699 2.11001 
0.865466 0.352206 -0.0213776 2.17979 
0.85055 0.144991 0.00133539 2.11008 
0.856229 0.337657 -0.0101127 2.14981 
0.92995 0.474995 0.0151874 2.38349 
0.929029 0.468903 0.00308974 2.37642 
0.894055 0.523604 -0.00906433 2.28813 
0.938954 0.549918 -0.0265755 2.46351 
0.944748 0.642898 -0.0318605 2.54358 
0.933649 0.540382 -0.0150212 2.44019 
0.933893 0.448954 -0.0292288 2.38274 
0.937046 0.453798 -0.0127473 2.39461 
0.921989 0.547102 -0.00110947 2.47555 
0.904524 0.376645 0.00520921 2.38032 
0.912741 0.31794 0.0331264 2.35211 
0.938985 0.457266 0.0465451 2.42817 
0.889825 0.521564 -0.0070854 2.27529 
0.888984 0.508211 -0.0122064 2.26644 
0.88537 0.501145 -0.0124783 2.25387 
0.887708 0.499953 -0.0143701 2.25839 
0.891317 0.514096 -0.0220973 2.27141 
0.883814 0.505748 -0.0197459 2.25024 
0.891429 0.532008 -0.0344682 2.27483 
0.896243 0.501487 -0.0104259 2.28709 
0.901687 0.516378 -0.00500454 2.30799 
0.896347 0.540742 -0.0135766 2.29712 
0.90648 0.0952396 -0.000259341 2.28655 
0.915463 0.272711 0.00580253 2.32467 
0.941458 0.448002 0.0222883 2.42787 
0.913774 0.236264 0.00801344 2.32283 
0.926209 0.405995 0.0144877 2.37622 
0.885463 0.50728 0.00873026 2.25472 
0.873905 0.535328 0.0103374 2.23466 
0.884459 0.523031 0.0168774 2.25963 
0.896384 0.488392 0.0210933 2.27772 
0.907603 0.456635 0.116929 2.32163 
0.836502 0.551728 0.00509877 2.13353 
0.877215 0.521096 0.0463321 2.23611 
0.892958 0.491533 0.0135744 2.2692 
0.888247 0.50588 0.0368434 2.26148 
0.914521 0.52191 0.0689132 2.34962 
0.917777 0.503242 0.082067 2.35549 
0.896881 0.54032 0.0828378 2.30693 
0.902192 0.525868 0.105105 2.31919 
0.934433 0.493231 0.044187 2.3961 
0.936454 0.454493 0.050989 2.39649 
0.924547 0.361003 0.0273282 2.3517 
0.936156 0.470355 0.0304179 2.39899 
0.930455 0.388082 0.0176832 2.37228 
0.903742 0.334853 -0.0122799 2.3001 
0.881944 0.350932 -0.0144886 2.23831 
0.904141 0.538944 -0.0163705 2.33058 
0.91815 0.509152 -0.0140363 2.36411 
0.925161 0.531798 -0.013327 2.39258 
0.912048 0.522511 -0.00760419 2.35047 
0.933347 0.510451 0.0348322 2.40481 
0.934673 0.530645 0.0456081 2.42183 
0.931502 0.525659 0.0659754 2.41215 
0.922091 0.505196 0.0639443 2.37204 
0.929076 0.511562 0.0472577 2.39223 
0.924622 0.517321 0.0588722 2.38206 
0.91947 0.514599 0.0588899 2.36873 
0.918173 0.50836 0.0592583 2.36192 
0.91 0.494021 0.0306045 2.32535 
0.902812 0.508023 0.0403025 2.30973 
0.905887 0.501077 0.044873 2.31645 
0.907495 0.496091 0.0410098 2.31821 
0.897308 0.522861 0.0325837 2.29965 
0.896052 0.530268 0.0214822 2.2995 
0.90726 0.52536 0.00606137 2.3344 
0.946892 0.502415 0.000773479 2.44859 
0.943749 0.445556 -0.00372193 2.43426 
0.937966 0.531504 0.00556039 2.4217 
0.939457 0.488951 -0.0110887 2.42457 
0.945156 0.541786 -0.0034502 2.45256 
0.913922 0.239128 0.00603762 2.31369 
0.870099 0.243964 0.0092849 2.1754 
0.937151 0.523764 0.0272754 2.4173 
0.935079 0.48546 0.0171686 2.40236 
0.865364 0.0995105 0.00743982 2.14679 
0.863935 0.0957071 0.0100096 2.1349 
0.906527 0.509111 0.00411135 2.32281 
0.912613 0.509347 0.00564617 2.34175 
0.897876 0.51106 0.00200832 2.29565 
0.898705 0.510953 0.00285542 2.29909 
0.906752 0.508274 0.00558574 2.3233 
0.872715 0.165707 -0.00470879 2.18178 
0.870885 0.500348 0.0118991 2.20596 
0.876368 0.502758 0.00798085 2.22377 
0.867309 0.503572 0.00826141 2.19648 
0.872466 0.505639 0.0046283 2.21306 
0.867944 0.520911 0.0158002 2.20274 
0.870424 0.501306 0.0151494 2.20407 
0.879351 0.498459 0.0176511 2.22913 
0.86194 0.12775 0.00412115 2.13277 
0.869688 0.550717 0.00647678 2.21907 
0.865475 0.525386 0.00842247 2.19804 
0.868031 0.53814 0.0127351 2.2087 
0.894392 0.527911 -0.0431057 2.29432 
0.88752 0.542459 -0.0408461 2.28329 
0.891648 0.54941 -0.047385 2.29978 
0.884421 0.551084 -0.0446057 2.27773 
0.890467 0.551418 -0.049024 2.29796 
0.834672 0.154253 0.00098577 2.06142 
0.851768 0.116446 0.00340734 2.10071 
0.845901 0.275094 0.00460319 2.10552 
0.836805 0.1617 -0.00301232 2.06176 
0.838959 0.120982 0.00407456 2.058 
0.845692 0.281975 -0.00260824 2.10043 
0.863747 0.0793915 -0.0243031 2.12829 
0.897778 0.533833 -0.0374256 2.30877 
0.899195 0.537999 -0.0445378 2.3163 
0.898298 0.535258 -0.0429898 2.31169 
0.898381 0.520521 -0.0386009 2.30378 
0.898596 0.526564 -0.0396362 2.30701 
0.82526 0.614062 -0.00215623 2.12704 
0.831137 0.605434 0.000657054 2.13633 
0.829335 0.609376 -0.0133184 2.1386 
0.836794 0.580849 -0.010065 2.14566 
0.842351 0.600433 -0.0175664 2.16888 
0.875651 0.59797 0.0902531 2.26549 
0.867794 0.578405 0.0570307 2.23442 
0.896026 0.547066 0.0781025 2.30614 
0.8746 0.539888 0.0510431 2.23996 
0.896534 0.525481 0.0622348 2.29982 
0.887486 0.532961 0.0585958 2.27622 
0.86597 0.546742 0.0437537 2.21756 
0.870632 0.549213 0.0420456 2.23185 
0.855741 0.548907 0.0318456 2.18836 
0.861443 0.553913 0.0322705 2.20639 
0.832859 0.354016 -0.0129244 2.07517 
0.820399 0.370314 -0.0124829 2.04328 
0.842958 0.53491 -0.0229215 2.14207 
0.809213 0.169943 -0.00125732 1.97938 
0.824116 0.112953 0.00497305 2.01186 
0.819946 0.283289 0.00418202 2.02521 
0.857647 0.496357 0.00140862 2.17559 
0.86819 0.543305 -0.005706 2.21663 
0.85539 0.477668 -0.00178677 2.16197 
0.87877 0.548707 -0.0232375 2.2542 
0.874362 0.569047 -0.0118593 2.24373 
0.876811 0.551182 -0.018601 2.24724 
0.859526 0.561152 -0.0599487 2.21065 
0.87449 0.581684 -0.0604959 2.25534 
0.88229 0.571549 -0.0718143 2.27202 
0.880978 0.542962 -0.0448112 2.26443 
0.873477 0.559996 -0.0439141 2.2463 
0.877094 0.571984 -0.0498899 2.25934 
0.884917 0.551555 -0.051451 2.2751 
0.888363 0.536273 -0.043455 2.27982 
0.888472 0.543389 -0.0472703 2.28683 
0.891577 0.538471 -0.044313 2.29269 
0.91357 0.502528 0.000370736 2.34029 
0.918644 0.480157 0.00475852 2.35052 
0.928064 0.478367 0.0129977 2.3797 
0.886625 0.298661 0.0663052 2.24066 
0.921553 0.389498 0.0359893 2.33224 
0.923887 0.512407 -0.00948711 2.38329 
0.920652 0.390684 0.0447446 2.35633 
0.889868 0.300334 0.0263813 2.2914 
0.891103 0.514009 -0.00161055 2.27672 
0.891134 0.536663 -0.000571765 2.28788 
0.925362 0.487075 0.000412204 2.37163 
0.915171 0.492479 0.0034632 2.34301 
0.901604 0.495461 -0.00747711 2.30107 
0.897235 0.508809 -0.00903995 2.29207 
0.886631 0.527188 -0.0291815 2.26346 
0.889974 0.533452 -0.0271823 2.27391 
0.878359 0.519378 -0.0275 2.23821 
0.889601 0.539242 -0.0179327 2.27706 
0.885972 0.515185 -0.0193376 2.25974 
0.890134 0.521997 -0.0173145 2.27382 
0.923572 0.409282 0.0691272 2.33899 
0.917651 0.474653 0.00386019 2.33843 
0.90875 0.546737 -0.0108207 2.33575 
0.913751 0.49992 0.0191709 2.3353 
0.887512 0.487596 0.02327 2.25257 
0.924181 0.560572 -0.0165196 2.39545 
0.925407 0.551708 -0.0193911 2.3977 
0.915357 0.564123 -0.020389 2.36951 
0.897845 0.541003 -0.0160674 2.31351 
0.906874 0.532936 -0.0183223 2.33873 
0.912499 0.541689 -0.0255564 2.35773 
0.910739 0.561697 -0.0264643 2.35679 
0.902005 0.571108 -0.0284571 2.33299 
0.891701 0.558128 -0.0342098 2.30094 
0.88836 0.550237 -0.036345 2.29178 
0.890523 0.549674 -0.0261572 2.29612 
0.915635 0.494995 0.0219406 2.34553 
0.92981 0.512907 0.00853447 2.39487 
0.936746 0.52543 -0.0006332 2.4227 
0.901953 0.0987723 0.00660318 2.26366 
0.878686 0.0941129 0.00734895 2.18621 
0.907856 0.516604 0.00885818 2.32772 
0.907659 0.440429 0.0180064 2.31504 
0.922054 0.524846 0.0084683 2.37097 
0.9182 0.424555 0.0183055 2.3427 
0.93566 0.496195 0.0217062 2.40702 
0.927108 0.49456 0.0172771 2.37925 
0.918519 0.485227 0.0256008 2.34943 
0.928557 0.505377 0.0255981 2.386 
0.918922 0.475228 0.0267409 2.3463 
0.924347 0.468722 0.0213972 2.36159 
0.927731 0.469172 0.0211016 2.37442 
0.929256 0.493475 0.0244178 2.38542 
0.933618 0.516104 0.0248119 2.4028 
0.864886 0.10824 -0.0010257 2.163 
0.873005 0.278504 0.0039265 2.19713 
0.874806 0.273711 -0.00552621 2.20125 
0.844986 0.122936 0.00550302 2.08427 
0.887968 0.428866 0.0223736 2.23988 
0.864377 0.249129 0.0179814 2.154 
0.853638 0.151143 0.00994287 2.11201 
0.856345 0.275286 0.00939148 2.13396 
0.865974 0.484491 0.00157113 2.19575 
0.87331 0.546234 0.00463155 2.23058 
0.868275 0.303222 -0.00283687 2.17621 
0.88528 0.512432 -0.0183584 2.25747 
0.889024 0.505313 -0.0173812 2.26585 
0.891539 0.502405 -0.024097 2.2719 
0.895599 0.529253 -0.0333346 2.29887 
0.896929 0.524206 -0.0355058 2.30045 
0.892396 0.515332 -0.0318522 2.28239 
0.876504 0.555807 -0.0370046 2.25329 
0.868277 0.572878 -0.0328384 2.23338 
0.859731 0.580013 -0.0231615 2.20814 
0.875596 0.565969 -0.0205796 2.24921 
0.863022 0.560512 -0.00827794 2.20826 
0.879851 0.551898 -0.0313435 2.26086 
0.874835 0.561853 -0.0295821 2.24909 
0.857226 0.562776 -0.0132197 2.19111 
0.865309 0.575812 -0.0212208 2.22121 
0.857394 0.201729 -0.0485384 2.13418 
0.860584 0.487374 -0.0680409 2.19963 
0.872833 0.405501 -0.0732861 2.21 
0.873216 0.507153 -0.0734556 2.23305 
0.833835 0.105307 -0.0287392 2.05374 
0.83138 0.284222 -0.050034 2.07901 
0.899772 0.532141 -0.00544198 2.31334 
0.904587 0.519909 -0.00602629 2.32063 
0.911012 0.470439 -0.010637 2.31797 
0.900311 0.504315 -0.00371907 2.30136 
0.925679 0.473624 -0.0220361 2.36813 
0.92256 0.50038 -0.00865247 2.36939 
0.907999 0.509892 0.0284555 2.32649 
0.914745 0.502154 0.0198995 2.34601 
0.905646 0.517238 0.0234469 2.32319 
0.913061 0.514802 0.00902901 2.34751 
0.924235 0.512001 0.000928233 2.38323 
0.92372 0.505989 0.00465281 2.37809 
0.898001 0.524184 -0.00378397 2.29183 
0.886567 0.454909 -0.000852004 2.25248 
0.899165 0.518203 -0.0117746 2.29168 
0.894449 0.454218 -0.00959984 2.27334 
0.883041 0.501399 0.024479 2.24116 
0.878948 0.508558 0.0212932 2.23054 
0.89158 0.513101 0.0237527 2.26469 
0.886595 0.501728 0.0218377 2.25087 
0.850406 0.179133 -0.00110308 2.11008 
0.859611 0.346009 -0.00798633 2.15735 
0.847278 0.294112 0.00466739 2.1137 
0.871781 0.542239 0.0122258 2.22281 
0.869914 0.523905 0.00306069 2.21418 
0.877571 0.118167 -0.00458074 2.17306 
0.881543 0.427665 -0.0720219 2.23239 
0.881256 0.341264 -0.0161789 2.21404 
0.885025 0.294307 -0.0137057 2.21429 
0.883727 0.523234 -0.0234877 2.2592 
0.889646 0.525775 -0.0285505 2.27843 
0.881225 0.521495 -0.0203693 2.24895 
0.885293 0.517722 -0.0230257 2.2601 
0.889787 0.520236 -0.0280195 2.27535 
0.873151 0.538688 0.0180411 2.22242 
0.876336 0.531366 0.0187796 2.22813 
0.879547 0.517989 0.0221895 2.23756 
0.864028 0.459987 0.0171806 2.18438 
0.87099 0.536008 0.0128579 2.21677 
0.869148 0.482691 0.0108436 2.20377 
0.880429 0.0685142 -0.00442591 2.173 
0.875959 0.150847 -0.0276758 2.1705 
0.879701 0.300991 -0.0507884 2.20446 
0.878312 0.183976 -0.00921365 2.17753 
0.884675 0.327666 -0.0354742 2.21621 
0.893915 0.525477 -0.0494993 2.29119 
0.893718 0.546897 -0.0643694 2.2946 
0.902301 0.520295 -0.0316127 2.29901 
0.897041 0.517254 -0.015425 2.2875 
0.901187 0.521997 -0.0201629 2.29905 
0.894616 0.507947 -0.0242649 2.27921 
0.893892 0.43748 -0.0524436 2.26166 
0.894257 0.463006 -0.03955 2.26321 
0.896877 0.518553 -0.0351764 2.28846 
0.901678 0.527822 -0.0396493 2.30166 
0.900279 0.529505 -0.0535008 2.29959 
0.897106 0.529077 -0.0518955 2.29274 
0.894998 0.51104 -0.0399929 2.28837 
0.893868 0.514636 -0.0483878 2.28585 
0.894506 0.513927 -0.0388259 2.28192 
0.892694 0.508605 -0.0342357 2.27969 
0.892954 0.506331 -0.03156 2.27734 
0.896035 0.532644 -0.0556984 2.29331 
0.901375 0.544016 -0.0584249 2.30882 
0.895905 0.514466 -0.0686911 2.2854 
0.897455 0.532173 -0.0749432 2.29688 
0.897506 0.556653 -0.0707607 2.30438 
