0.870338 -0.134889 -0.154423 0.570636 0.167908 -0.472708 -0.0335281 -0.0712247 0.123366 2.2365 -0.378338 -0.616408 
0.88988 0.0890008 -0.0183643 0.558702 -0.0740233 -0.0553183 -0.0516448 0.0208033 -0.0344695 2.30066 0.222065 -0.0670752 
0.871778 0.119721 0.1899 0.567278 -0.0319285 -0.035664 -0.0430415 -0.105291 -0.192789 2.24962 0.359326 0.561055 
0.888219 -0.0699648 0.0314921 0.501808 0.0681827 -0.104059 -0.00447386 -0.0834151 -0.0350037 2.26001 -0.197454 0.0624998 
0.925081 -0.0570355 -0.00309421 0.464435 0.116976 0.122011 0.0263874 0.151185 -0.123589 2.36031 -0.152678 0.0593862 
0.919819 -0.120161 -0.0122937 0.472236 0.184679 0.106151 0.0348113 0.09113 -0.125293 2.34629 -0.29243 0.0178555 
0.893016 -0.145716 0.0271714 0.543315 -0.115416 -0.0148687 -0.00724881 0.0436174 0.0134927 2.28297 -0.546628 0.246633 
0.895539 -0.141698 -0.0117815 0.528974 0.0787844 -0.32777 -0.00592256 0.0311279 0.046379 2.2935 -0.405496 -0.0661793 
0.873151 -0.170705 0.364342 0.353212 -0.325083 4.06739 -0.00671393 0.120271 0.173689 2.22269 0.0639595 0.950048 
0.89091 -0.150866 0.11376 0.516689 0.449022 0.894945 -0.00963138 0.138037 0.0432086 2.26925 -0.438042 0.59929 
0.888339 -0.127373 -0.0103418 0.504698 -0.0446045 -0.211104 0.00160257 -0.0475414 0.0489225 2.25694 -0.452479 -0.184851 
0.88964 -0.117313 -0.0081179 0.495043 -0.340046 -0.40872 0.0156914 -0.174824 0.108117 2.26031 -0.0651586 -0.196557 
0.889805 -0.114626 0.0489966 0.50247 -0.0355658 0.244717 0.0176103 -0.187005 0.0822942 2.25652 -0.168275 0.109217 
0.885014 -0.0763022 -0.0158021 0.490524 0.00763854 0.066518 0.00868492 -0.140754 1.48933e-05 2.24155 -0.221461 0.0805556 
0.889682 -0.0882751 -0.0623542 0.494285 -0.0496025 -0.155926 0.00932193 -0.0777503 0.105611 2.25582 -0.325539 -0.276775 
0.864962 0.0678824 0.210128 0.179585 -0.0623083 4.47094 0.00159024 0.0210212 0.175924 2.16171 0.229579 1.11395 
0.874282 -0.0232147 0.341752 0.36797 0.0787089 4.31125 0.0111762 -0.101463 0.247385 2.21188 -0.0772893 1.59218 
0.90393 -0.135593 0.00993641 0.518272 0.149437 -0.293293 -0.00396119 -0.0661615 0.0421108 2.31918 -0.453805 0.0230016 
0.909082 -0.0816194 -0.0839933 0.500533 0.0853546 -0.00679116 0.0525943 -0.0135534 -0.111808 2.32771 -0.205606 -0.284222 
0.854006 -0.153441 0.16983 0.558319 0.122404 0.0434504 0.0119927 -0.174544 -0.12822 2.18796 -0.385329 0.512735 
0.84971 -0.606512 0.207093 0.440241 -0.0770445 4.10766 0.087767 -0.423926 0.769627 2.16329 -1.78512 1.36036 
0.858642 0.209715 0.190151 0.561611 -0.0526424 0.0234227 -0.026398 -0.115904 -0.144884 2.20566 0.600641 0.593679 
0.884702 0.154469 0.11527 0.56114 -0.0380447 0.0400834 -0.0468755 -0.0494693 -0.18048 2.28554 0.441228 0.393011 
0.871614 0.191595 0.137197 0.564673 -0.0831877 0.0427542 -0.0388669 -0.106916 -0.200041 2.2476 0.535888 0.460115 
0.844045 0.189918 0.166432 0.563411 -0.0580064 0.00413882 -0.0143402 -0.178745 -0.182833 2.16222 0.543892 0.520977 
0.880056 0.0436268 -0.204885 0.553078 0.0198013 0.0217091 -0.0480851 0.10851 0.0844606 2.26569 0.111868 -0.669815 
0.883557 0.136015 -0.124365 0.555731 -0.0617701 -0.0756616 -0.0520765 0.0119685 0.00237171 2.27979 0.380608 -0.437764 
0.868916 0.0454519 -0.170447 0.567408 -0.0661256 0.417788 -0.0412667 0.0926546 0.164375 2.23439 0.0913775 -0.402979 
0.866295 -0.0771773 -0.104098 0.580281 -0.0508468 0.40277 -0.0409588 0.066156 0.173231 2.22885 -0.211623 -0.240483 
0.89321 0.0291221 -0.0132307 0.556257 -0.0128041 -0.0578261 -0.0512629 -0.0235033 -0.0375943 2.30888 0.0763301 -0.0498704 
0.887539 0.0439562 0.0461759 0.517922 -0.0125386 -0.210772 -0.00842573 0.0195651 -0.118998 2.26621 0.143427 0.0278705 
0.886807 0.0296092 -0.0352688 0.507848 -0.0920016 -0.132189 -0.0102026 -0.0205284 0.0470981 2.26014 0.048019 -0.114566 
0.886775 -0.0307727 -0.00855717 0.51062 -0.0697808 -0.137801 -0.0104185 0.032523 -0.0145035 2.25964 -0.0616284 -0.064747 
0.899249 0.224967 0.404207 0.168607 -0.0430876 4.90483 -0.000354168 0.0182342 0.282742 2.26364 0.638762 1.7059 
0.916363 0.133791 0.637536 0.389126 -0.0650052 5.05267 0.0155144 -0.0802523 0.393084 2.3398 0.370643 2.4731 
0.8961 -0.887856 0.201351 0.201571 -0.724674 5.7743 0.0277684 -0.347761 0.919742 2.24333 -2.38173 1.01239 
0.919176 -0.580891 -0.603406 0.376314 1.05648 3.04989 0.0445438 0.320011 -0.231967 2.32516 -1.60791 -1.33158 
0.891712 -0.0143854 -0.0515976 0.500974 0.0128441 0.0849002 0.0071305 -0.0243195 -0.0814858 2.27 -0.0326035 -0.117382 
0.887384 -0.05312 -0.082261 0.506003 0.0636512 0.159508 0.00585313 0.0860868 0.0575138 2.25934 -0.124472 -0.171801 
0.921738 -0.202492 -0.0297403 0.125186 -1.16853 4.10405 0.0305662 -0.212718 0.903359 2.3236 -0.566728 0.395331 
0.907401 0.0233834 0.0979586 0.149569 -0.212271 3.79479 0.0101912 0.00358767 0.288795 2.29589 -0.0834023 0.444274 
0.913267 0.0728721 0.257272 0.142629 0.257138 4.50271 0.00216598 -0.041174 0.202041 2.31693 0.374638 1.02859 
0.935569 0.0155741 0.372282 0.489498 0.104402 3.84056 -0.00533425 -0.258309 0.0274693 2.44326 -0.288504 2.7941 
0.914339 -0.136017 0.2262 0.317344 0.321253 3.13687 0.0291031 -0.178343 0.386907 2.32818 -0.523647 0.801681 
0.929604 -0.131636 0.17781 0.317508 -1.03079 3.08172 0.025144 0.279382 0.533133 2.38066 -0.432299 0.63816 
0.927167 0.0964549 0.0453384 0.417489 1.104 0.0216015 0.0164215 -0.079701 -0.919274 2.37242 0.391549 0.323097 
0.927108 -0.0597989 -0.12503 0.420238 0.637204 -0.676196 0.031279 0.43963 0.030509 2.37297 -0.269422 -0.488951 
0.915801 0.326379 0.369785 0.41667 1.29616 4.5577 -0.0219301 0.105466 -0.768399 2.40238 0.749831 2.75887 
0.938531 0.222876 0.303373 0.563566 0.19025 3.88142 -0.0219784 0.704446 -0.258217 2.50105 0.411433 2.52373 
0.884651 -0.0893232 0.0842731 0.571462 0.0928128 0.424279 -0.0347736 -0.0977398 0.168039 2.28188 -0.258144 0.305362 
0.880202 -0.154692 -0.187672 0.569949 -0.181776 -0.463623 -0.0254629 -0.141217 0.157721 2.26611 -0.50832 -0.710394 
0.871091 -0.190576 -0.220699 0.500878 0.530684 -1.79705 -0.0187923 -0.163141 0.0351428 2.22163 -0.491311 -1.09041 
0.858259 0.0630648 -0.0783238 0.127239 -0.00478772 -5.49958 -0.00184905 -0.00393553 0.155554 2.12858 0.145487 -0.803119 
0.911105 -0.175296 -0.346486 0.321926 0.686576 -3.85449 -0.00434121 0.00650188 0.0724952 2.32061 -0.626343 -1.36771 
0.932699 0.00585596 -0.0715972 0.45139 -0.0907479 0.24665 0.00187462 0.332913 0.0142051 2.37931 -0.0427203 -0.0844002 
0.927637 -0.10249 -0.0384108 0.453374 0.176543 0.195882 0.0222883 0.268162 -0.0279516 2.36304 -0.248312 -9.96263e-05 
0.926039 -0.0548703 -0.0208512 0.466535 0.205681 0.0092451 0.0552867 0.100842 -0.220584 2.36364 -0.070837 -0.0769867 
0.927939 -0.00807809 -0.194215 0.496884 0.504633 -1.11194 0.0684108 0.0921451 -0.118265 2.38618 0.232917 -1.20415 
0.928657 0.105014 0.275947 0.511162 0.142364 0.602615 0.018666 -0.194606 -0.222804 2.3886 0.305809 0.940886 
0.936966 0.13765 0.216887 0.525189 0.361078 0.202888 0.0175515 -0.28394 -0.112852 2.41622 0.436378 0.654992 
0.915694 -0.107649 -0.011745 0.479004 0.126528 -0.0264248 0.0322557 0.103705 -0.0728681 2.33632 -0.291836 -0.0595182 
0.917663 0.00781805 0.093675 0.490017 -0.0336138 0.22202 0.027478 -0.0689824 -0.0147975 2.34834 0.034706 0.429669 
0.927736 -0.205732 -0.312185 0.317507 -0.429178 -3.84862 -0.0101872 0.180269 0.191846 2.37352 -0.545102 -1.23927 
0.893795 -0.150918 -0.0336096 0.509433 0.10052 -0.0454779 0.00263226 -0.0656228 0.0138792 2.27972 -0.43317 -0.194367 
0.895213 -0.15066 -0.0605894 0.514851 0.120796 -0.143829 0.0024217 -0.0453258 -0.0194447 2.28835 -0.428884 -0.239981 
0.900361 -0.046531 -0.0680862 0.503073 0.0706865 -0.0647 0.00668188 -0.0447946 0.0267504 2.29835 -0.149377 -0.302284 
0.890828 -0.185956 -0.0263156 0.519508 -0.0478231 0.00116959 -0.000957446 -0.111462 0.0495207 2.27288 -0.710902 0.00650752 
0.895758 -0.164822 0.03312 0.515865 -0.00206183 0.129927 -0.00190657 -0.0895898 0.088316 2.28889 -0.677903 0.116495 
0.889884 -0.152193 0.0143888 0.517859 0.111773 -0.151907 -0.00437017 -0.00823338 -0.0340185 2.2695 -0.631963 -0.0933285 
0.863484 -0.171677 0.288473 0.156384 0.330322 5.14791 -0.00669037 -0.0738616 -0.122446 2.16969 0.0963995 0.899887 
0.896487 -0.019824 -0.134384 0.49784 0.0783221 -0.0922371 0.00972347 -0.0579234 0.0511892 2.28525 -0.102203 -0.405366 
0.891621 0.0312594 -0.0426626 0.493347 0.0739177 -0.133156 0.0120536 -0.0314866 0.0956305 2.26617 -0.00220468 -0.221236 
0.89284 0.10316 -0.149966 0.49619 -0.0443916 -0.0668197 0.0119513 0.00321026 0.0554691 2.27252 0.364554 -0.472329 
0.896508 -0.0427498 0.0240942 0.52295 -0.0271148 0.0480749 0.000648875 0.0546047 0.00475349 2.28827 -0.11169 0.0652414 
0.892321 -0.0307777 0.00550818 0.528913 0.329585 -0.140461 0.00929741 0.222586 -0.157735 2.27952 0.0371825 -0.0495391 
0.865914 -0.0374915 0.24788 0.174064 0.0709324 4.71149 -3.38313e-05 -0.0409689 0.144566 2.16294 -0.185516 1.11092 
0.878696 -0.0534232 0.33119 0.361786 -0.379281 4.25493 0.0090492 0.134125 0.29308 2.2208 -0.0941035 1.53635 
0.876192 -0.0849569 -0.0793588 0.51964 -0.040324 0.013107 -0.0160157 0.098988 0.0214867 2.23216 -0.293008 -0.240661 
0.886418 0.0174283 -0.114924 0.512443 0.0279323 -0.0113948 -0.000890047 0.0237304 -0.00405339 2.25932 0.0785787 -0.363345 
0.894951 -0.0342274 -0.0538283 0.517498 -0.0104906 -0.171324 0.00292721 0.0541646 0.0277437 2.28312 -0.0838751 -0.16545 
0.88991 0.0122354 -0.0296876 0.508806 0.00755781 0.0756929 -0.00192573 0.0848986 -0.051126 2.26894 0.0390661 -0.077265 
0.893866 0.0354953 -0.0156659 0.51204 -0.0140068 -0.145287 0.00579807 0.0188786 0.00824794 2.28137 0.13615 -0.0380412 
0.893328 0.0357281 -0.0315377 0.509708 0.0319436 0.0599682 0.00389093 0.00612605 -0.0632387 2.2812 0.139656 -0.0844789 
0.890524 0.0241091 -0.0347686 0.5106 0.0366809 0.0645154 0.000499526 0.0240527 -0.0593578 2.27174 0.102346 -0.0953947 
0.88279 0.0144021 -0.114596 0.51224 -0.014898 0.0102147 -0.00341235 0.0543534 -0.0124163 2.24779 0.0364859 -0.34728 
0.885378 0.035317 -0.0924723 0.511482 0.00684965 0.0354761 -0.0047864 0.0530172 -0.00605335 2.25563 0.103001 -0.273421 
0.872762 0.00832026 -0.100589 0.515126 -0.0509025 0.000724924 -0.00753273 0.0770057 0.027639 2.21817 -0.0169178 -0.321041 
0.876686 -0.00664952 -0.114516 0.516435 -0.0432104 0.0176315 -0.011402 0.087382 0.0328063 2.23164 -0.0513529 -0.348686 
0.864871 -0.000750082 -0.0609726 0.507213 -0.0867087 0.0617321 0.00720636 0.0856818 0.0293336 2.19072 -0.0273421 -0.14971 
0.864134 0.0233145 -0.0528376 0.508861 0.0199808 0.0782605 0.00375602 0.038091 0.0191228 2.18883 0.0772933 -0.120585 
0.866456 -0.0011903 -0.0909702 0.510122 -0.0910879 -0.061522 0.00025566 0.0814292 0.0770178 2.19609 -0.0394333 -0.28893 
0.876072 0.0119973 -0.10982 0.510673 -0.0250152 -0.0432522 -0.00207847 0.0577023 0.0437825 2.22615 0.0252697 -0.364436 
0.872317 0.00319557 -0.0986024 0.51193 -0.0691562 -0.00123962 -0.00313956 0.0725708 0.035638 2.21481 -0.0182866 -0.313807 
0.888727 0.0677586 -0.0542255 0.489368 -0.037522 -0.0442404 0.0175463 -0.0482206 0.113167 2.25605 0.161728 -0.288672 
0.886152 0.0928026 -0.0544434 0.493445 -0.048769 -0.0344831 0.0155613 -0.00262556 0.103762 2.24987 0.333795 -0.2216 
0.894076 0.143074 -0.12326 0.501259 -0.059326 -0.0773294 0.00813059 0.0193384 0.0818718 2.27794 0.426112 -0.444484 
0.905049 -0.177981 0.13637 0.525059 -0.703645 0.779469 -0.0140874 -0.041725 0.217139 2.32212 -0.828306 0.584647 
0.905071 -0.130953 0.0134251 0.514017 0.0588554 0.0991053 0.00259497 -0.0418332 0.0636458 2.32178 -0.421012 0.0268536 
0.909747 -0.141111 0.00904053 0.509902 0.00979224 0.0428071 0.00205562 -0.0697546 0.0480636 2.33717 -0.440047 0.0129859 
0.905478 -0.120408 -0.0354076 0.512832 0.0947532 -0.142018 0.00459536 -0.0281727 -0.000961616 2.32127 -0.383036 -0.166334 
0.906805 -0.0696591 -0.0887303 0.505842 0.0562374 -0.0881318 0.00653641 -0.0367904 0.0180229 2.32265 -0.193701 -0.343135 
0.906034 0.111326 -0.0917766 0.505289 -0.040763 -0.0863712 0.00552029 0.0490315 0.0167731 2.3192 0.346268 -0.350907 
0.880541 -0.09689 -0.0442891 0.525106 -0.00990297 0.118044 -0.0207846 0.0534422 0.0570477 2.24974 -0.340509 -0.121115 
0.791529 0.504646 0.198221 0.155916 0.722849 4.77442 -0.0263309 -0.0828488 -0.382334 1.94743 1.53175 1.38123 
0.789996 0.190608 0.54992 0.365345 0.122449 5.2476 -0.0186363 -0.513578 -0.0483487 1.98194 0.556835 2.5439 
0.81461 -0.690085 0.219392 0.243777 -1.0505 4.83202 0.0404803 -0.255351 0.84452 2.03565 -1.94775 1.3175 
0.836292 -0.472831 -0.112637 0.192488 -0.096978 -4.64297 -0.010858 0.0465411 0.402452 2.06485 -1.41137 -1.08066 
0.855524 -0.0828511 -0.129628 0.132132 0.163814 -5.53648 -0.0021138 -0.00655166 0.217831 2.11492 -0.361949 -0.964801 
0.858649 -0.121987 -0.101632 0.314629 -0.412004 -4.60425 -0.0171998 -0.118797 0.382711 2.14981 -0.378717 -1.06301 
0.842058 -0.139595 0.188799 0.55629 0.0151483 0.224613 0.00933458 -0.184847 -0.0868633 2.15282 -0.391783 0.641237 
0.844418 -0.0231762 0.262161 0.563269 -0.00466717 0.22024 -0.00679927 -0.218302 -0.135009 2.16368 -0.0462013 0.864343 
0.837132 0.0593636 0.168729 0.560984 0.169911 -0.000464425 -0.00703555 -0.145204 -0.200216 2.1411 0.238849 0.525981 
0.878203 0.0578894 -0.046628 0.559645 -0.0531048 -0.179785 -0.0511139 -0.0653474 -0.0271288 2.26609 0.161942 -0.213525 
0.876834 0.0049901 -0.0824275 0.554497 0.0380496 -0.117882 -0.0527702 0.00230914 0.00105905 2.25919 0.0072649 -0.322246 
0.877779 -0.0811221 0.0411027 0.557651 0.0541892 0.439204 -0.0452949 -0.0852125 0.132433 2.25979 -0.228113 0.166405 
0.877618 -0.0829902 0.0232308 0.553148 0.031532 -0.232706 -0.0483855 -0.0852109 -0.0226405 2.26157 -0.240761 -0.0269227 
0.873351 -0.142196 0.0206307 0.574357 0.0270773 0.439329 -0.0438733 -0.0542881 0.161034 2.24902 -0.41527 0.114026 
0.871195 0.0062982 -0.0579783 0.564566 0.00844489 0.453151 -0.0483264 -0.00575949 0.132045 2.24105 0.00329554 -0.117615 
0.881769 0.118141 0.160416 0.55497 -0.101979 0.137654 -0.0420328 -0.119693 -0.0804433 2.27299 0.321372 0.54451 
0.867667 0.156009 0.218347 0.554837 -0.1701 0.0704242 -0.0321827 -0.158436 -0.12714 2.22999 0.412501 0.687049 
0.861635 0.20164 0.0935905 0.56498 0.0269562 -0.451946 -0.0341602 -0.235734 -0.0142604 2.21355 0.600139 0.156603 
0.89536 -0.00069383 -0.0108148 0.54997 -0.115091 0.0433888 -0.0501717 0.0499924 0.0266629 2.31151 -0.063288 -0.0206597 
0.878962 -0.0472286 0.0830791 0.558598 0.0582049 -0.200979 -0.0400558 -0.160025 -0.0899645 2.26711 -0.103851 0.189719 
0.866031 -0.0948764 0.286182 0.562596 0.10142 -0.0260142 -0.00656169 -0.235066 -0.276036 2.22643 -0.210673 0.856184 
0.8605 -0.0143599 0.266086 0.567869 0.0485951 -0.0190491 -0.0176114 -0.209114 -0.266135 2.21365 0.00071957 0.799511 
0.868643 -0.0606065 0.195345 0.568046 0.0232563 -0.0444341 -0.0334084 -0.151207 -0.193212 2.23937 -0.149833 0.576284 
0.923949 0.198463 0.0195309 0.616992 0.270572 -2.92477 -0.00861905 -0.389074 -0.205146 2.45425 0.951725 -1.83429 
0.924326 0.154596 0.598795 0.555973 0.12008 5.50516 -0.028741 -0.398928 -0.258049 2.48911 0.471379 3.36045 
0.885907 0.390126 0.1295 0.502835 -0.86676 0.425779 -0.0226624 -0.0636458 0.591091 2.2565 0.742382 0.558895 
0.924385 0.095221 0.0191203 0.519365 -0.32468 -1.73629 0.00653398 -0.496326 -0.439913 2.39015 0.146327 -0.97261 
0.905756 0.750721 -0.239049 0.510116 0.734802 -1.3606 -0.00205944 1.1726 -1.07345 2.32703 2.72955 -1.54853 
0.853596 0.112161 -0.144758 0.128275 0.102038 -5.33656 -0.00263594 0.0773737 0.155494 2.11829 0.26965 -0.962145 
0.851718 0.0380143 0.0554984 0.132023 -0.220848 -5.35461 -0.00419288 -0.0962937 0.147874 2.11808 0.0426818 -0.29504 
0.912072 -0.803545 0.64738 0.383187 1.11335 -2.97394 -0.0471407 -0.244103 -0.249109 2.303 -2.25033 1.42589 
0.888617 -1.36541 -0.445499 0.202338 -1.19049 -6.79864 -0.0270053 0.567315 1.21739 2.22038 -3.66904 -1.60502 
0.853141 0.369966 -0.771899 0.163365 0.12617 -6.53206 -0.00473384 0.0996717 0.74902 2.12379 1.04129 -2.5406 
0.890089 -0.0314461 0.111299 0.498193 0.127275 -0.0667479 -0.0107092 -0.114319 -0.0373079 2.26376 -0.0754222 0.31004 
0.89793 0.0723066 0.0638594 0.496395 0.054991 0.110816 -0.00818037 -0.0836196 -0.0531565 2.28515 0.255114 0.169181 
0.899414 -0.0808347 -0.219445 0.501537 -0.219486 -0.092213 -0.0216751 -0.076558 -0.370834 2.29063 -0.245695 -0.729343 
0.862521 -0.322321 -0.419308 0.330796 0.363043 -4.46147 -0.0167473 0.176803 0.456208 2.16784 -0.967284 -1.67322 
0.886439 -0.130608 -0.405727 0.36403 -1.29715 -4.40941 -0.0274828 0.169402 0.635971 2.24079 -0.357779 -1.624 
0.895033 0.0245533 -0.0184658 0.512519 0.735239 -0.0809222 -0.0313372 -0.279764 -0.39919 2.27917 0.172485 -0.135198 
0.891127 -0.223772 -0.354848 0.517455 -1.01063 -1.32632 -0.0308146 0.312029 0.35996 2.27448 -0.711451 -1.20194 
0.886907 -0.011432 -0.0283387 0.502405 -0.0684709 -0.00968084 -0.014626 -0.0121693 -0.0483757 2.25875 -0.0619115 -0.0505784 
0.885906 0.0344177 -0.0213234 0.501461 0.0702269 -0.0446916 -0.0112577 -0.121588 -0.0366411 2.25629 0.1075 -0.039612 
0.888346 0.0589967 0.0594553 0.513047 0.0738878 0.419563 -0.0202721 -0.088172 -0.272046 2.26497 0.205706 0.195959 
0.887227 -0.0125949 -0.00487022 0.512042 0.0922148 -0.0168725 -0.00328838 -0.122684 -0.138417 2.26093 -0.000722023 -0.0461321 
0.887588 -0.0108405 -0.0192589 0.50729 0.0394311 -0.0108776 -0.0013379 -0.00604117 -0.115337 2.26013 -0.0202976 -0.0748094 
0.88766 -0.00951455 0.00597128 0.50649 0.0283731 -0.0144917 0.000642943 0.0546845 -0.000868879 2.26025 -0.0164223 0.0129926 
0.887271 -0.0164903 0.0208295 0.509182 0.0654662 -0.0509142 0.00437184 0.109828 -0.0792676 2.26045 -0.0129937 0.0319429 
0.93355 0.254742 -0.694599 0.419566 0.402421 -3.19688 0.0287092 0.16123 -0.441566 2.41642 0.733534 -1.8973 
0.924008 0.272469 -0.725027 0.351562 0.774201 -3.07324 0.0220458 0.151564 -0.620643 2.3814 0.468763 -2.17717 
0.94324 -0.30692 -0.0287714 0.43176 -1.10474 -0.800992 0.025405 -0.327065 0.192603 2.43198 -1.12696 -0.15067 
0.890375 0.0469365 0.209973 0.204689 0.128554 5.01405 -0.0041073 -0.143206 -0.047877 2.24415 0.24118 1.19417 
0.909866 0.0906705 0.473693 0.424074 -0.245242 4.96041 -0.000425696 0.582673 0.273556 2.3285 0.186693 1.95796 
0.916941 0.338312 -0.0302934 0.501692 0.320069 -0.304877 0.0330646 0.25616 -0.221856 2.34003 1.00444 -0.127187 
0.905837 0.094214 -0.00421907 0.480179 0.0505684 -0.166963 0.00598424 0.0869393 -0.0287689 2.30296 0.312157 -0.0517566 
0.907543 -0.00227916 0.161613 0.496281 0.0181498 -0.265023 0.0206294 0.196072 -0.355156 2.31273 0.00354621 0.448844 
0.869018 0.259257 0.212323 0.113479 -0.0298912 5.31981 0.00155055 0.113066 0.29348 2.17172 0.66033 1.1105 
0.88727 0.205032 0.0782979 0.317448 -0.280383 5.02177 0.0117042 -0.292726 0.0958011 2.24559 0.591288 0.820065 
0.892238 -0.188657 0.488268 0.493495 1.06509 2.44012 0.0207512 -0.508634 0.0612202 2.27483 -0.284603 1.55424 
0.877186 -0.0323072 0.74511 0.293033 -0.413853 5.838 0.0169655 -0.363526 0.639704 2.20931 0.00990084 2.62216 
0.912407 -0.218032 0.554429 0.475215 -1.15616 1.90262 0.0341033 -0.231042 0.388136 2.32941 -0.6493 1.677 
0.887049 -0.00586666 -0.0124255 0.504435 -0.184774 0.161434 0.00303004 -0.246258 0.157447 2.25807 -0.0973246 0.0428087 
0.883751 -0.0156345 -0.00141208 0.514204 0.277133 0.0639244 -0.00219111 0.0206026 -0.138394 2.25292 0.0913222 0.010946 
0.888039 -0.00488825 0.0110549 0.509384 -0.111929 -0.0226633 0.00643459 -0.119175 -0.0315641 2.26343 -0.056712 0.0168265 
0.886869 -0.0364552 -0.00204594 0.509972 0.00248759 0.138372 0.00107768 -0.155305 -0.0568361 2.26002 -0.110573 0.0451862 
0.921544 0.671564 -2.19045 0.486135 -4.21807 11.7564 0.119272 7.94255 -11.6375 2.38909 0.590243 -2.73653 
0.863367 2.08919 0.808471 0.584405 -1.23023 -3.4694 -0.0538949 4.13525 1.49826 2.23534 5.9173 0.700447 
0.898242 -0.0201756 -0.0950557 0.484169 -0.0270639 0.221455 0.00626709 -0.120485 0.0774378 2.28232 -0.0752874 -0.200307 
0.894272 -0.000559112 -0.0654786 0.493167 -0.0583565 0.14741 0.00478067 -0.199646 0.0998895 2.2742 -0.0210069 -0.128957 
0.902773 -0.0112991 -0.0877826 0.478543 0.171798 0.0346686 0.00447938 0.0154407 -0.150187 2.29375 0.0282275 -0.25271 
0.881398 -0.477834 0.171472 0.180631 -0.99979 4.949 0.0438838 -0.327754 1.22963 2.20949 -1.5648 0.920378 
0.887737 -0.551911 0.242835 0.387187 -1.51546 3.63417 0.0920679 -0.436909 0.904085 2.25831 -1.6293 1.40515 
0.908043 -0.300864 -0.0128128 0.289201 -0.827968 4.69419 0.0709239 -0.00891078 1.06528 2.30247 -1.00431 0.386657 
0.915834 -0.235036 -0.0826476 0.519729 0.0820294 0.0323931 0.0672018 -0.00109746 0.0146016 2.35347 -0.67778 -0.13008 
0.918104 -0.314204 0.0652771 0.453706 0.455386 1.25442 0.0805748 0.519178 -0.099597 2.34807 -0.895971 0.298188 
0.913484 0.191333 -0.0277666 0.0794422 -0.0489496 3.69971 0.00154633 0.0216355 0.048783 2.2973 0.367362 0.329642 
0.912608 0.0178881 0.214035 0.226828 -0.0671627 3.81514 0.0104906 -0.213032 0.224961 2.30988 0.0878661 0.848674 
0.91817 0.204759 -0.116148 0.198296 -0.105911 3.75391 0.0255687 0.647758 0.478073 2.3173 0.503959 0.158125 
0.864526 -0.0671412 -0.30513 0.284527 0.441759 -4.85531 -0.00357941 -0.00154691 0.0700291 2.16767 -0.238099 -1.51758 
0.897908 -0.167423 -0.25115 0.550543 0.0633174 -1.20932 -0.0156531 -0.00514851 0.254574 2.31438 -0.491769 -1.04113 
0.886057 -0.130196 -0.241111 0.487185 -0.386131 -1.71454 -0.00880941 -0.0659985 0.165355 2.26473 -0.463777 -1.12248 
0.869403 -0.149842 -0.0995447 0.164848 -0.177206 -4.79728 -0.00410812 0.0472872 0.181867 2.17683 -0.600466 -0.822369 
0.901953 0.0523047 -0.0501096 0.137987 -0.128751 -5.02907 -0.00313094 -0.0100795 0.128629 2.27672 0.0424183 -0.4503 
0.894272 -0.171251 -0.25173 0.143466 0.300141 -5.09288 -0.000432237 0.0420444 0.119524 2.24945 -0.47837 -1.07499 
0.936121 -0.191243 -0.230996 0.513447 -0.581791 -1.3346 -0.0081567 -0.00456624 0.173799 2.41846 -0.628758 -0.993267 
0.939196 0.152041 -0.264878 0.606346 -0.496016 -2.23381 -0.00625054 0.709697 0.423281 2.5005 -0.0342834 -2.24803 
0.929589 -0.0404581 -0.0341577 0.455943 0.134747 -0.0216393 0.0433236 0.30098 -0.192396 2.37005 -0.0711386 -0.131708 
0.930629 -0.09671 -0.0189839 0.448971 0.170504 -0.0533298 0.0265678 0.293892 -0.133537 2.36986 -0.232896 -0.0948142 
0.935514 -0.00708134 -0.00529482 0.445369 -0.0496364 -0.050239 0.00185527 0.415147 -0.060192 2.38486 -0.0707854 -0.0454719 
0.913889 -0.0315765 -0.0353247 0.498 0.0439198 -0.0285148 0.0566181 -0.0426705 -0.145073 2.3422 -0.0861683 -0.160856 
0.917295 -0.138846 -0.0215815 0.492411 0.172009 -0.0463394 0.0597111 -0.0934211 -0.159901 2.34951 -0.327665 -0.128814 
0.914612 -0.0837333 -0.0874292 0.485384 0.169459 0.0505205 0.0463711 0.0192991 -0.152469 2.33628 -0.172817 -0.244009 
0.918689 -0.0750214 -0.0830802 0.485485 0.192597 -0.0271672 0.0549673 0.0245853 -0.219982 2.34942 -0.13724 -0.28916 
0.919059 -0.0678141 -0.0879863 0.474091 0.210879 0.0570443 0.0428244 0.113106 -0.163231 2.3446 -0.112335 -0.245105 
0.922843 -0.0742331 -0.0731865 0.473227 0.222899 0.0176609 0.0512716 0.108462 -0.191094 2.35636 -0.123926 -0.236223 
0.936429 -0.127667 0.0802116 0.485115 0.13406 0.531593 0.0263624 0.118295 0.0604724 2.40547 -0.321286 0.344195 
0.937574 0.21415 -0.0673945 0.46783 0.587353 -0.135066 0.0197211 0.488109 -0.712571 2.40857 0.615559 -0.081338 
0.938798 -0.0303809 0.208615 0.475213 -0.12748 0.413678 0.0339674 -0.3321 -0.052595 2.40993 -0.110257 0.71033 
0.941781 -0.28124 0.0450645 0.593808 -1.32183 2.35899 0.0106244 0.394253 0.847075 2.4978 -1.6961 1.23288 
0.930821 0.0559289 -0.00248923 0.521964 0.145336 2.01583 0.0154341 0.41645 0.638624 2.41758 -0.0503638 0.938545 
0.939506 0.125729 0.0876545 0.558989 -0.796753 0.819649 0.0422695 0.190578 0.538688 2.45622 -0.15434 0.770389 
0.934845 0.120949 -0.129599 0.545253 -0.207206 -1.91067 0.0604341 0.25589 0.162985 2.43607 0.201336 -1.48593 
0.935446 -0.18205 -0.259985 0.581246 -0.1037 -2.22932 0.0307577 0.5571 0.363219 2.46429 -0.747248 -2.19072 
0.929954 0.00490599 -0.0224768 0.507942 0.0530647 -1.99639 0.0485169 0.26307 0.0193644 2.40131 0.0233607 -1.20933 
0.910634 -0.0630535 -0.0391945 0.489298 0.118205 -0.0106196 0.0420134 0.0433866 -0.118891 2.32543 -0.147495 -0.147049 
0.911351 -0.075334 -0.00632244 0.484901 0.12007 -0.0259047 0.0354301 0.0204216 -0.0866426 2.32479 -0.18981 -0.0505448 
0.912667 -0.0157088 0.0968969 0.486331 0.10545 -0.0620241 0.0294291 -0.0200472 -0.128503 2.32989 0.022965 0.302198 
0.900331 -0.0486691 0.0165949 0.510847 0.128242 0.055642 0.0444267 -0.0189339 -0.146911 2.30442 -0.101571 0.0518504 
0.895741 -0.124062 0.0158126 0.518023 0.134668 0.0581152 0.0419722 -0.068355 -0.156494 2.29317 -0.322456 0.0563035 
0.93848 -0.0314757 0.10793 0.542957 0.322686 0.166631 -0.0101979 -0.135646 -0.0147617 2.43276 -0.0308316 0.272677 
0.929869 -0.0414208 0.149486 0.530186 0.207128 0.459558 -0.00866078 -0.065745 -0.144174 2.4068 -0.10394 0.548004 
0.949712 0.0320758 -0.0534248 0.492088 -0.611429 -1.44746 0.00929522 -0.139107 0.153631 2.45318 0.0844062 -0.292627 
0.930655 0.29392 0.0340043 0.119618 0.0760766 -4.29298 0.00151874 -0.0628655 -0.0945688 2.37057 0.832246 -0.173477 
0.930809 0.0908389 -0.242795 0.2979 0.388773 -3.88964 0.00862143 -0.0207503 -0.0834352 2.38176 0.279667 -0.948606 
0.918417 0.0502879 -0.154543 0.133343 -0.0218082 -4.02632 0.00128684 0.023181 0.0695049 2.32752 0.321723 -0.671219 
0.92993 0.0625637 -0.203385 0.309832 -0.208528 -3.85301 0.00312667 0.148799 -0.0259725 2.37651 0.323383 -0.804977 
0.918399 -0.190843 -0.24803 0.135593 0.135763 -4.52315 -0.00233027 0.0119728 0.251904 2.3298 -0.539923 -0.999259 
0.934012 -0.168977 -0.038103 0.12869 0.141091 -4.35747 0.000971341 0.0364213 -0.0419857 2.37864 -0.510989 -0.390964 
0.932551 -0.0653416 -0.212222 0.259377 0.150193 -4.46254 -0.00229604 -0.212711 0.141989 2.38151 -0.230942 -0.944938 
0.870953 -0.0641251 -0.207193 0.255911 -0.141716 -3.48218 0.00925127 -0.0709076 0.0303684 2.18056 0.325512 -0.665805 
0.884397 -0.10764 -0.172059 0.423438 0.361845 -2.01438 0.0174557 -0.097995 -0.122423 2.22143 -0.16041 -0.845113 
0.904274 0.165304 -0.0324205 0.516413 -0.0417248 -0.205578 0.00952636 -0.0221561 -0.024755 2.31605 0.505591 -0.110173 
0.897321 0.0906277 -0.0519508 0.517573 0.0359565 -0.16995 0.00746511 0.0885637 -0.0154639 2.29284 0.332432 -0.159415 
0.897109 0.151788 0.0877555 0.532309 0.0808071 -0.345763 0.0104455 0.0731543 -0.181206 2.29583 0.5217 0.124721 
0.898715 0.0467966 0.195336 0.544292 -0.0880019 -0.257027 0.0130191 -0.154025 -0.128795 2.3079 0.142487 0.473294 
0.905712 0.0725651 0.10219 0.531671 -0.0481418 -0.277673 0.00752001 -0.0538057 0.0241994 2.32501 0.236763 0.203096 
0.914656 0.0133506 0.0252368 0.51023 -0.0419397 -0.0978655 0.00607788 -0.0827857 0.00322541 2.34788 0.115913 0.0420997 
0.908467 0.18114 0.00236691 0.509333 0.0172775 -0.1094 0.00797765 -0.00356931 -0.0293918 2.32792 0.530917 -0.0132236 
0.914934 -0.0160944 0.00437392 0.5086 0.0191521 0.0292877 0.00556868 -0.050068 0.0318456 2.34982 0.0495515 0.00186072 
0.882269 -0.00339659 -0.0821036 0.514103 -0.0352425 0.0615528 -0.0116939 0.0922964 -0.0176708 2.24799 -0.0369313 -0.228281 
0.885101 0.00837673 -0.0942702 0.511542 -0.00931534 0.0347975 -0.00752734 0.0662024 -0.00789066 2.25523 0.014241 -0.27813 
0.890085 0.00783716 -0.0187305 0.5033 0.0750467 0.162946 -0.00291116 0.0964404 -0.0533192 2.26793 0.049327 -0.0108707 
0.889184 0.012781 -0.0399328 0.506088 0.00326618 0.185957 -0.007217 0.0567437 -0.0262744 2.26608 0.0342927 -0.0644595 
0.890061 0.00927654 -0.0475929 0.501533 -0.0322933 0.162627 -0.0102909 0.110603 0.00537432 2.2671 0.0246611 -0.0847992 
0.892957 0.00503305 -0.0782529 0.507453 0.0842852 -0.243895 -0.00118656 0.113907 -0.027791 2.27562 0.0420774 -0.248725 
0.893167 0.0127036 -0.0675742 0.505027 0.0557291 -0.250993 -0.00795449 0.11018 -0.00760913 2.27519 0.0527828 -0.221108 
0.876031 0.028445 -0.111587 0.508767 -0.015427 -0.0482965 0.00119217 0.0311282 0.0470503 2.22536 0.0931841 -0.369779 
0.885174 0.119293 -0.128213 0.50487 -0.0573603 -0.0811099 0.0061855 0.0528543 0.0797753 2.25231 0.329802 -0.455135 
0.883666 0.0331739 -0.106959 0.511506 -0.0146717 -0.0498712 0.000286446 0.0426382 0.0129538 2.25077 0.11174 -0.356287 
0.888984 0.116917 -0.119687 0.510285 -0.0334743 -0.0449212 0.00195051 0.0190947 0.0180604 2.26726 0.350315 -0.389519 
0.866863 0.0732802 0.0340221 0.10028 0.0147262 4.67203 -0.00255042 0.0326998 -0.0724801 2.16421 0.235727 0.667197 
0.871539 -0.0445038 0.27955 0.280226 0.189152 4.52264 0.00075756 -0.203491 0.0887606 2.19497 -0.0269154 1.34574 
0.895363 0.0570985 0.651397 0.469778 -0.346792 3.6695 -0.0050739 -0.208612 0.0547928 2.292 0.216871 2.39207 
0.872102 0.14054 0.121728 0.249264 0.345362 5.04496 -0.00572426 -0.0608871 -0.19978 2.18889 0.136815 0.806616 
0.885607 0.0442792 0.666524 0.436425 0.736098 3.48936 -0.0163048 -0.121384 -0.127907 2.25481 -0.0583079 2.48129 
0.909318 0.047997 0.086047 0.530406 -0.0365248 -0.268547 0.00402134 -0.101937 0.01692 2.33656 0.153804 0.164496 
0.907931 0.0644486 0.0198257 0.540524 0.0871965 -0.371126 -0.000765307 -0.153909 0.0510682 2.33598 0.240344 -0.0503906 
0.912889 -0.015901 0.0372602 0.516122 -0.00906474 -0.219512 0.00270562 -0.11199 0.0397266 2.34504 0.0271529 0.0964629 
0.907185 -0.0931574 0.0558306 0.52356 0.188145 -0.252723 -0.00271173 -0.0603428 0.00823799 2.32976 -0.29084 0.184632 
0.90617 -0.0328497 -0.0734912 0.539321 0.276605 -0.371298 -0.00430357 -0.0556696 0.114011 2.32905 -0.0785151 -0.374394 
0.865793 -0.0269713 0.0618945 0.533319 -0.157488 0.547924 0.00402324 0.0382861 0.0356113 2.20217 -0.121793 0.364782 
0.890167 -0.0628539 -0.154885 0.531721 -0.131225 -0.0924472 -0.0319436 0.152352 0.144911 2.2852 -0.251837 -0.501768 
0.896311 0.0332822 -0.0131171 0.544228 -0.0958582 0.0534046 -0.0474966 0.0429181 0.0189875 2.31113 0.0426764 -0.0287877 
0.891672 0.00310471 -0.137223 0.541611 -0.104953 -0.0915156 -0.0417032 0.0666105 0.13562 2.29511 -0.0532819 -0.45766 
0.88752 -0.0365995 -0.157836 0.534955 -0.105289 -0.0981182 -0.0345427 0.113679 0.153315 2.27912 -0.162833 -0.513921 
0.868822 -0.0272025 -0.264776 0.547299 -0.665644 -0.906155 -0.00328026 0.183255 0.132447 2.21887 -0.158723 -0.965567 
0.867932 -0.0417763 -0.132729 0.546529 -0.0350143 -0.936742 0.00094117 0.0746391 0.129204 2.2172 -0.135265 -0.565644 
0.868402 0.101415 -0.0473117 0.483177 -0.532332 -1.56081 0.0062985 0.020283 0.0902751 2.20595 0.163195 -0.471612 
0.840241 -0.100893 -0.311171 0.351174 0.37505 -3.99082 -0.00438368 0.16687 0.136018 2.10318 -0.276682 -1.47001 
0.849646 -0.0657246 -0.309234 0.352961 -0.503137 -3.94537 -0.0116409 0.0733411 0.213523 2.1274 -0.0905958 -1.44363 
0.861742 0.040984 -0.156643 0.530862 0.686248 -1.04716 -0.00813143 -0.102056 -0.280428 2.19104 0.248676 -0.886188 
0.881989 -0.0320316 -0.114571 0.529318 0.0735862 0.114132 -0.0235367 0.0340955 0.0295765 2.25799 -0.112114 -0.33232 
0.880539 -0.0482161 -0.102709 0.530638 -0.0106172 0.12682 -0.021147 0.0749707 0.0247092 2.25211 -0.190823 -0.29501 
0.870145 0.0764833 -0.00518108 0.5625 0.20766 0.269065 -0.00591225 -0.0161613 -0.0555289 2.22635 0.23968 -0.0246348 
0.86995 -0.0105954 -0.0351184 0.563205 -0.167615 0.194472 -0.0025773 -0.133318 -0.0277951 2.2283 -0.130091 -0.125269 
0.871329 -0.0665347 -0.0151978 0.554373 -0.134717 0.407748 -0.010098 0.118838 0.251576 2.23101 -0.231339 0.0941922 
0.873129 -0.0464831 -0.101111 0.538562 -0.0217436 0.168359 -0.0151413 0.162507 0.103115 2.2308 -0.155909 -0.228715 
0.865771 -0.0127254 0.0567005 0.533221 -0.0519055 0.55324 0.00034159 0.0660617 0.0276371 2.20268 -0.0778742 0.344815 
0.868475 -0.0193498 0.0584266 0.553916 0.0299272 0.501987 -0.00279958 0.08916 -0.00714252 2.21769 -0.0572028 0.318183 
0.868481 0.00576981 0.0552058 0.543721 0.0732128 0.461881 -0.00465755 -0.0216688 -0.0265174 2.21701 -0.0248757 0.285974 
0.870513 -0.0838802 -0.0862108 0.532459 -0.128121 0.152448 -0.00833084 0.0986869 0.129754 2.22004 -0.305653 -0.173254 
0.865345 -0.0313465 -0.0676287 0.514456 -0.0957551 -0.0539021 -0.00259259 0.0703304 0.0793708 2.1953 -0.146424 -0.209712 
0.868206 -0.0206585 -0.0481302 0.517548 -0.0648526 0.0174266 -0.00732128 0.0667355 0.0674424 2.20554 -0.115138 -0.142106 
0.871214 -0.0863366 -0.0546493 0.520643 -0.0519359 0.0286075 -0.0123895 0.109974 0.0761501 2.21697 -0.300118 -0.158428 
0.873542 -0.0927036 -0.0464759 0.525379 -0.0980143 0.0723659 -0.0139905 0.0995808 0.0961834 2.22607 -0.323628 -0.127985 
0.846376 0.086693 0.320688 0.592423 -0.374289 0.917145 -0.0402116 -0.289348 0.25455 2.18338 0.162917 1.03079 
0.852996 0.159816 0.00272232 0.596276 -0.0846149 -0.697258 -0.0269561 -0.21605 0.0441893 2.19788 0.426198 -0.218069 
0.826809 0.188039 0.407787 0.583723 -0.361198 0.969285 -0.0231465 -0.450246 0.106399 2.1285 0.452517 1.2926 
0.821163 0.38785 0.265859 0.333765 0.315999 4.63465 -0.0430505 -0.0762563 -0.355739 2.06281 1.16175 1.61639 
0.843855 0.247214 0.237861 0.5511 -0.162686 0.857794 -0.0555743 -0.0780745 0.110059 2.1683 0.621128 0.81132 
0.78133 -0.0592976 0.567781 0.365489 0.204449 6.17972 0.00923755 -0.256073 0.301744 1.95611 -0.178628 2.65514 
0.842712 -0.297038 0.508817 0.632223 -0.538525 0.148303 0.0504391 -0.556866 0.0172871 2.18189 -0.971227 1.43169 
0.773414 0.0226611 0.323929 0.196974 -0.527517 5.80092 0.00903026 -0.12392 0.430215 1.9125 -0.061298 1.75367 
0.795495 -0.283489 0.605196 0.417994 0.0666654 5.2374 0.0455825 -0.535102 0.588911 2.00927 -0.83164 2.53748 
0.83124 -0.00724285 0.026749 0.582869 -0.0476328 -0.655528 0.00537037 -0.105962 -0.0767059 2.1294 -0.0273954 -0.117746 
0.832202 -0.229605 0.321868 0.617653 0.0507773 0.175276 0.025929 -0.246324 0.145283 2.14565 -0.64941 0.874646 
0.819003 -0.101056 0.284776 0.589855 -0.639949 0.927738 0.0137932 -0.225139 0.103654 2.10551 -0.423082 0.947425 
0.810783 -0.0690488 0.279028 0.579964 0.310826 0.972054 0.00612786 -0.056987 -0.011933 2.07981 -0.117364 0.943932 
0.839309 -0.158865 -0.0385151 0.591791 0.206885 -0.652771 0.0276081 -0.23306 -0.14421 2.15409 -0.381941 -0.309616 
0.834133 -0.0958618 0.0318367 0.57307 0.157897 -0.646707 0.0137084 -0.18041 -0.0972051 2.13404 -0.214367 -0.104682 
0.771564 0.224666 0.300633 0.169406 0.111217 6.24971 -0.00389998 -0.00269752 0.176061 1.89388 0.607363 1.82919 
0.792296 -0.0296367 0.308004 0.375877 -0.609969 5.68909 0.00328884 -0.0269391 0.240548 1.98993 -0.141892 1.93996 
0.773674 -0.140019 0.286264 0.200826 0.201879 5.28057 -0.00530559 -0.0339218 0.204148 1.90458 -0.354883 1.76464 
0.857044 -0.0207747 0.0297434 0.603953 0.410966 -1.11751 0.0523136 -0.119514 -0.379481 2.2113 0.0316102 -0.290765 
0.848324 -0.157464 -0.0477638 0.560445 0.540122 -0.63978 0.0327057 0.00775213 -0.21834 2.17019 -0.296146 -0.329901 
0.862176 -0.156225 0.162427 0.553086 0.0876469 0.0249623 0.0234177 -0.22849 -0.120005 2.2088 -0.401831 0.485458 
0.879606 -0.15208 0.0410475 0.53782 0.17683 -0.134511 0.0417481 -0.0900296 -0.175247 2.25381 -0.382802 0.0383964 
0.885151 -0.115852 0.182886 0.535496 0.187963 -0.0508285 0.0250216 -0.116269 -0.252776 2.26895 -0.259999 0.535438 
0.878863 -0.134698 0.191603 0.546504 0.169168 -0.0675075 0.0155967 -0.140694 -0.273857 2.25551 -0.315338 0.560007 
0.906028 -0.176878 -0.0347084 0.521814 0.0479995 -0.0191639 0.0655266 -0.0579134 -0.0345967 2.32847 -0.546237 -0.084712 
0.895138 -0.132139 -0.00555984 0.519633 0.165123 -0.0991848 0.0491646 -0.0749849 -0.129926 2.29319 -0.334557 -0.0867189 
0.888615 -0.170391 0.0272112 0.529872 0.188048 -0.127465 0.050359 -0.0583729 -0.1551 2.27846 -0.43927 -0.00225682 
0.909085 -0.125363 -0.088646 0.513586 0.154378 -0.141301 0.0631537 0.00095343 -0.106349 2.33515 -0.317398 -0.339497 
0.904835 -0.114372 -0.0537645 0.508909 0.15236 -0.0551095 0.0558302 -0.00457687 -0.13694 2.3193 -0.283066 -0.208296 
0.900357 -0.055868 -0.00955152 0.512715 0.11549 -0.0941714 0.0516569 -0.014892 -0.137345 2.3066 -0.130402 -0.0964948 
0.81411 0.046341 -0.302744 0.151349 0.25298 -5.10221 0.00316967 -0.00882187 0.196215 1.98406 0.203953 -1.5877 
0.83183 -0.177649 -0.38289 0.350909 0.132593 -4.82148 -0.0164452 0.147364 0.277854 2.07765 -0.515459 -1.94928 
0.85831 -0.170454 -0.204841 0.548452 -0.191181 -0.714501 -0.0289667 0.0971937 0.164177 2.19418 -0.539526 -0.80526 
0.817137 0.0158992 -0.195437 0.167765 -0.0502538 -4.93408 -0.00146931 0.0125949 0.26286 2.00245 -0.02819 -1.36792 
0.823364 0.00178414 -0.317001 0.314101 0.170133 -5.10139 -0.00678755 0.0709675 0.233831 2.03991 -0.12271 -1.76436 
0.855468 -0.0753156 -0.21253 0.564323 0.0905262 -0.836081 -0.0295212 0.0510518 0.192954 2.19092 -0.1745 -0.86152 
0.846663 -0.0434578 -0.21727 0.518566 -0.453434 -1.25781 -0.0197149 0.0393273 0.20749 2.15179 -0.298378 -1.05451 
0.888248 0.12552 -0.0285534 0.561597 -0.266575 -0.319344 -0.0664994 0.0621024 0.302138 2.28518 0.211564 -0.113568 
0.893202 0.0603974 0.0821359 0.549472 -0.0745402 0.113182 -0.0508846 0.00415003 -0.0456158 2.30502 0.144824 0.302521 
0.892053 -0.00322799 0.0909193 0.555038 -0.0841893 0.100923 -0.0503634 -0.0313282 -0.0330544 2.3042 -0.0464822 0.324162 
0.885313 0.0296801 0.166012 0.550874 -0.0660999 0.15201 -0.0467885 -0.0511223 -0.0712488 2.2821 0.058159 0.562684 
0.8864 -0.0738981 0.273861 0.547046 0.127099 -0.119348 -0.00181964 -0.177754 -0.312857 2.27962 -0.150231 0.789012 
0.879564 -0.101415 0.263659 0.555931 0.159551 -0.127036 -0.0120618 -0.21403 -0.297031 2.26398 -0.212956 0.753627 
0.875191 -0.0806042 -0.287043 0.477933 0.15802 -1.39757 -0.0235514 -0.161381 0.240668 2.22293 -0.28788 -0.986767 
0.863729 0.0307102 -0.165071 0.291419 -0.589119 -4.48778 -0.0133492 -0.14946 0.398293 2.1657 -0.0410012 -1.03057 
0.850659 -0.17752 -0.219142 0.16523 0.0753509 -4.50391 -0.00642699 0.0571435 0.367359 2.11001 -0.457042 -1.17143 
0.865466 -0.0909795 -0.337305 0.352206 -0.726577 -3.65786 -0.0213776 0.0865815 0.349155 2.17979 -0.269981 -1.4533 
0.85055 0.197463 -0.102277 0.144991 -0.218424 -4.23393 0.00133539 0.00750997 0.0338787 2.11008 0.512215 -0.736534 
0.856229 -0.0477484 -0.344485 0.337657 0.259249 -3.75466 -0.0101127 0.288084 0.240556 2.14981 -0.198532 -1.48111 
0.92995 0.0401801 0.0540966 0.474995 -0.231938 0.0362345 0.0151874 0.0922217 0.121321 2.38349 0.0376262 0.225718 
0.929029 0.00176694 -0.0733734 0.468903 -0.174515 0.268482 0.00308974 0.112666 0.212101 2.37642 -0.0695921 -0.105047 
0.894055 0.0890407 -0.414511 0.523604 -0.735479 -0.85897 -0.00906433 0.393671 0.0675488 2.28813 0.164909 -1.40242 
0.938954 0.189331 -0.0964729 0.549918 -0.346761 -3.17168 -0.0265755 0.0824229 -0.0224019 2.46351 0.35238 -2.37715 
0.944748 -0.00783564 0.00689001 0.642898 -0.462616 -2.98124 -0.0318605 -0.219199 0.235632 2.54358 -0.315186 -2.03073 
0.933649 -0.149245 -0.0355663 0.540382 -0.00708347 -2.75766 -0.0150212 0.403003 0.42718 2.44019 -0.431407 -1.988 
0.933893 0.138054 -0.0220231 0.448954 0.226059 -0.136944 -0.0292288 0.0793043 -0.073456 2.38274 0.56266 -0.144126 
0.937046 -0.0510609 0.00593306 0.453798 -0.14449 -0.16957 -0.0127473 0.435475 -0.0710612 2.39461 -0.25364 -0.0613781 
0.921989 -0.168999 0.203488 0.547102 0.0515471 5.77066 -0.00110947 0.166327 -0.0998877 2.47555 -0.402397 2.02695 
0.904524 -0.125354 0.289053 0.376645 0.481097 5.53091 0.00520921 -0.379478 -0.236109 2.38032 -0.308035 2.3778 
0.912741 -0.0596784 -0.587041 0.31794 0.666078 -3.40427 0.0331264 -0.56981 -0.224625 2.35211 0.0170623 -1.71353 
0.938985 -0.0578118 -0.723179 0.457266 -1.7941 -4.89703 0.0465451 0.0544809 0.5701 2.42817 -0.22939 -2.42859 
0.889825 0.0627163 0.0230877 0.521564 0.0497773 -0.258735 -0.0070854 -0.0268375 -0.123755 2.27529 0.205987 -0.064261 
0.888984 0.00978546 -0.0622151 0.508211 0.0339269 -0.248171 -0.0122064 0.00111365 -0.0618132 2.26644 0.0593444 -0.288507 
0.88537 -0.0353603 -0.0477752 0.501145 -0.103882 -0.179322 -0.0124783 0.0679219 -0.052328 2.25387 -0.0754989 -0.142096 
0.887708 -0.0910547 0.0528267 0.499953 -0.0983795 -0.121902 -0.0143701 -0.0133003 0.0301313 2.25839 -0.216308 0.146214 
0.891317 -0.0590231 0.170249 0.514096 0.245071 0.699833 -0.0220973 -0.235544 -0.291108 2.27141 -0.110779 0.550299 
0.883814 0.114254 0.0361468 0.505748 0.46129 0.215917 -0.0197459 -0.18493 -0.266036 2.25024 0.370263 0.123273 
0.891429 0.116596 0.231365 0.532008 0.429316 0.848682 -0.0344682 -0.178724 -0.31188 2.27483 0.401962 0.743413 
0.896243 0.160455 -0.0333483 0.501487 -0.20813 0.486569 -0.0104259 0.159811 -0.000162502 2.28709 0.453213 0.0588716 
0.901687 0.199535 -0.0237603 0.516378 0.0444856 0.676387 -0.00500454 0.0719894 -0.0655475 2.30799 0.580598 0.0992345 
0.896347 0.252296 -0.105385 0.540742 0.238928 0.304299 -0.0135766 0.0960355 -0.213356 2.29712 0.791676 -0.289266 
0.90648 0.0934 0.0803161 0.0952396 0.0290095 4.52806 -0.000259341 0.0678622 0.0952779 2.28655 0.424382 0.686422 
0.915463 -0.0700655 0.410183 0.272711 -0.154866 4.89141 0.00580253 -0.12444 0.30849 2.32467 -0.0813755 1.75896 
0.941458 -0.0809422 0.597641 0.448002 -1.24084 2.72108 0.0222883 -0.113693 0.669473 2.42787 -0.236303 2.11876 
0.913774 0.124176 0.116093 0.236264 -0.0546532 4.53494 0.00801344 0.0742563 0.135621 2.32283 0.283969 0.671371 
0.926209 -0.0289741 0.628776 0.405995 0.502558 2.51283 0.0144877 -0.00963465 0.390298 2.37622 -0.167505 2.20232 
0.885463 -0.0226354 0.00592564 0.50728 0.385497 -0.213906 0.00873026 0.596602 -0.30939 2.25472 0.116847 -0.0805477 
0.873905 -0.173336 0.189396 0.535328 -0.22597 0.21856 0.0103374 -0.981984 0.357094 2.23466 -0.582917 0.652154 
0.884459 -0.0304136 0.0417286 0.523031 0.412713 -0.347471 0.0168774 0.112827 -0.583417 2.25963 0.110578 -0.0286411 
0.896384 -0.135424 -0.0303056 0.488392 0.056122 0.00848775 0.0210933 0.685946 -0.123968 2.27772 -0.405684 -0.0808913 
0.907603 -0.545713 -2.49407 0.456635 2.74476 7.56563 0.116929 -2.40254 -4.05546 2.32163 -0.0331771 -4.50863 
0.836502 -1.19784 0.506867 0.551728 1.86245 -2.39759 0.00509877 -2.65556 -0.0711978 2.13353 -2.42852 0.0937623 
0.877215 -0.553807 -0.00628561 0.521096 -0.00457716 0.425546 0.0463321 -1.36028 -0.454038 2.23611 -1.63006 0.217502 
0.892958 -0.0969881 -0.0578858 0.491533 0.0756287 0.0824851 0.0135744 0.655253 -0.110309 2.2692 -0.278718 -0.127746 
0.888247 -0.0132118 -0.0354157 0.50588 0.374104 0.340358 0.0368434 0.760264 -0.320333 2.26148 0.126149 0.0809679 
0.914521 -0.257567 -0.114865 0.52191 0.0904487 -0.0650253 0.0689132 0.0625125 -0.128095 2.34962 -0.612666 -0.438146 
0.917777 -0.203169 0.100111 0.503242 0.133097 0.843641 0.082067 0.119031 -0.457769 2.35549 -0.424449 0.561877 
0.896881 -0.216677 -0.0109337 0.54032 0.810514 -0.188372 0.0828378 0.649877 -0.301495 2.30693 -0.377828 -0.161886 
0.902192 -0.168172 -0.156832 0.525868 1.10276 0.715331 0.105105 0.84011 -0.630296 2.31919 -0.175187 -0.197221 
0.934433 0.0200157 -0.201776 0.493231 0.0749628 0.603429 0.044187 0.258572 0.200514 2.3961 -0.0177556 -0.264623 
0.936454 -0.233788 0.0599831 0.454493 -0.467954 1.25505 0.050989 0.511465 0.0733666 2.39649 -0.501554 0.299273 
0.924547 -0.0295183 0.508779 0.361003 0.202495 2.92048 0.0273282 0.691199 0.170706 2.3517 -0.0268414 1.57069 
0.936156 0.130754 -0.110662 0.470355 0.0392681 0.610847 0.0304179 0.0674995 0.0866753 2.39899 0.231318 -0.0825439 
0.930455 0.0132112 0.440606 0.388082 -0.541628 3.01557 0.0176832 -0.0982261 0.416838 2.37228 -0.0434056 1.42451 
0.903742 -0.256971 -0.255259 0.334853 -0.614268 -3.94468 -0.0122799 -0.153444 0.306071 2.3001 -0.658205 -1.20895 
0.881944 -0.330629 -0.272422 0.350932 0.51239 -3.96809 -0.0144886 0.143435 0.205101 2.23831 -1.04681 -1.28749 
0.904141 -0.181237 -0.382387 0.538944 -0.410894 -1.1677 -0.0163705 0.182127 0.183949 2.33058 -0.625917 -1.41506 
0.91815 -0.24136 -0.165825 0.509152 0.631755 -1.21331 -0.0140363 -0.209596 0.0174488 2.36411 -0.621713 -0.792365 
0.925161 -0.0618041 0.160418 0.531798 0.0668331 0.503285 -0.013327 -0.203988 -0.094124 2.39258 -0.158575 0.588579 
0.912048 -0.0683602 0.186539 0.522511 0.200921 -0.125748 -0.00760419 -0.166489 -0.235314 2.35047 -0.150785 0.560933 
0.933347 -0.109043 -0.0691923 0.510451 0.0411548 0.170857 0.0348322 0.134351 0.10479 2.40481 -0.258231 -0.0930559 
0.934673 -0.147836 0.0329313 0.530645 -0.247035 0.685169 0.0456081 -0.0943661 0.50438 2.42183 -0.601947 0.551498 
0.931502 -0.103401 -0.134774 0.525659 -0.298018 -0.774537 0.0659754 -0.159916 0.114272 2.41215 -0.494562 -0.828498 
0.922091 -0.173853 -0.173399 0.505196 0.0965543 -0.410772 0.0639443 -0.115978 0.074324 2.37204 -0.474889 -0.746957 
0.929076 -0.0272495 -0.0471208 0.511562 0.0585976 0.144107 0.0472577 0.271379 0.0638509 2.39223 -0.131333 -0.0296421 
0.924622 -0.0780601 -0.088308 0.517321 0.00431725 0.0715255 0.0588722 0.198909 0.00797859 2.38206 -0.266862 -0.134432 
0.91947 -0.0871952 -0.0941765 0.514599 -0.0310974 -0.218764 0.0588899 0.149578 0.00447248 2.36873 -0.303728 -0.399758 
0.918173 -0.0268948 -0.15902 0.50836 0.00373515 -0.337013 0.0592583 -0.0556942 0.0955434 2.36192 -0.0874173 -0.667633 
0.91 -0.0125556 0.0996419 0.494021 0.120446 -0.0732539 0.0306045 -0.0180169 -0.145358 2.32535 0.015844 0.310637 
0.902812 -0.0409539 0.0273624 0.508023 0.13117 0.0369161 0.0403025 -0.0507163 -0.14202 2.30973 -0.0679638 0.067939 
0.905887 -0.0663391 -0.001444 0.501077 0.0962963 0.0145103 0.044873 -0.0180834 -0.118839 2.31645 -0.154165 -0.0278214 
0.907495 -0.028539 -0.0266674 0.496091 0.125814 -0.00703604 0.0410098 -0.0124254 -0.130319 2.31821 -0.0356243 -0.105501 
0.897308 -0.0500466 0.130609 0.522861 0.123552 0.0474898 0.0325837 -0.100688 -0.216346 2.29965 -0.0968984 0.414128 
0.896052 -0.0665229 0.145941 0.530268 0.0893621 0.0538881 0.0214822 -0.161289 -0.219128 2.2995 -0.149434 0.470191 
0.90726 -0.0564906 0.219666 0.52536 0.0867095 -0.244381 0.00606137 -0.153124 -0.252984 2.3344 -0.114843 0.661195 
0.946892 -0.0447402 -0.0094712 0.502415 0.0192075 -1.55914 0.000773479 -0.0439942 0.103868 2.44859 -0.0622821 -0.182408 
0.943749 -0.0954459 -0.0574373 0.445556 -0.0240983 -1.60904 -0.00372193 -0.24794 -0.0507888 2.43426 -0.314206 -0.404206 
0.937966 0.020922 0.274765 0.531504 0.102851 0.643597 0.00556039 -0.0628828 -0.215896 2.4217 0.154676 0.970753 
0.939457 0.00391884 -0.0995451 0.488951 0.73165 -1.79766 -0.0110887 0.0149533 -0.233338 2.42457 0.060256 -0.580696 
0.945156 -0.0550089 0.0425988 0.541786 -0.211634 0.0883673 -0.0034502 -0.0652956 0.00817726 2.45256 -0.197312 0.0724965 
0.913922 0.259409 -0.125538 0.239128 -0.316702 -4.07209 0.00603762 -0.200895 0.0126415 2.31369 0.814115 -0.60568 
0.870099 0.367676 -0.295201 0.243964 0.205127 -4.34162 0.0092849 0.200669 -0.0406617 2.1754 1.10246 -1.37395 
0.937151 -0.0750547 0.180241 0.523764 -0.216443 0.141382 0.0272754 -0.134829 -0.0575989 2.4173 -0.243041 0.539632 
0.935079 0.105086 -0.109546 0.48546 0.73669 -1.2201 0.0171686 -0.000204457 -0.410098 2.40236 0.420093 -0.572254 
0.865364 -0.107622 -0.131189 0.0995105 0.173803 -4.17268 0.00743982 0.0309096 -0.220739 2.14679 0.124253 -0.452711 
0.863935 0.212967 -0.180962 0.0957071 -0.0115463 -4.19913 0.0100096 -0.0703844 -0.311539 2.1349 0.485965 -0.697819 
0.906527 0.111769 -0.101059 0.509111 -0.0136876 -0.0345138 0.00411135 0.0298329 -0.011995 2.32281 0.359882 -0.350334 
0.912613 0.100583 -0.0827416 0.509347 -0.00929083 0.0379948 0.00564617 0.0362886 -0.0445847 2.34175 0.312911 -0.200357 
0.897876 0.117511 -0.111457 0.51106 -0.0451773 -0.0259446 0.00200832 0.0304699 0.00289233 2.29565 0.356794 -0.375078 
0.898705 0.157009 -0.00951246 0.510953 -0.0231165 0.0477013 0.00285542 0.00678135 -0.061018 2.29909 0.490651 -0.0284468 
0.906752 0.182785 -0.0244039 0.508274 -0.0173707 0.0539175 0.00558574 0.0144536 -0.0672483 2.3233 0.529902 -0.047664 
0.872715 0.0202587 0.224785 0.165707 -0.00689319 4.43742 -0.00470879 -0.0155037 -0.0714497 2.18178 0.263666 0.857717 
0.870885 0.0937547 -0.0932713 0.500348 -0.0653791 -0.0148143 0.0118991 0.0573792 0.0771765 2.20596 0.247629 -0.276061 
0.876368 0.101267 -0.111942 0.502758 -0.0505835 -0.0913495 0.00798085 0.0538837 0.082685 2.22377 0.275818 -0.399779 
0.867309 0.0214923 -0.0821292 0.503572 -0.0390734 0.00572383 0.00826141 0.0594367 0.0649658 2.19648 0.0552953 -0.231832 
0.872466 0.0242696 -0.116993 0.505639 -0.0395431 -0.0912266 0.0046283 0.0570403 0.0848721 2.21306 0.0671346 -0.410682 
0.867944 0.07035 0.075957 0.520911 -0.123 0.593388 0.0158002 0.0427964 0.0485605 2.20274 0.15412 0.396251 
0.870424 0.113654 -0.0790205 0.501306 0.0210081 0.0956934 0.0151494 0.0305104 0.0331458 2.20407 0.318051 -0.213868 
0.879351 0.159179 -0.0901218 0.498459 -0.144206 0.0839069 0.0176511 0.0632749 0.0524099 2.22913 0.445141 -0.244752 
0.86194 0.0183131 -0.0727647 0.12775 0.28848 -5.10189 0.00412115 -0.0077636 -0.0728786 2.13277 0.164217 -0.768035 
0.869688 0.0386618 0.159726 0.550717 -0.0828273 0.65113 0.00647678 0.0308619 0.0477778 2.21907 0.0732421 0.672715 
0.865475 0.0163299 0.115766 0.525386 -0.000178417 0.601051 0.00842247 0.081724 0.00963622 2.19804 0.0363301 0.514999 
0.868031 -0.0114463 0.10567 0.53814 -0.0538222 0.575088 0.0127351 0.093275 0.0415197 2.2087 -0.0604085 0.479251 
0.894392 0.0754572 0.0419117 0.527911 -0.212906 -0.0289621 -0.0431057 0.0451382 0.0892773 2.29432 0.148205 0.128709 
0.88752 -0.00496579 -0.136145 0.542459 -0.0615183 -0.116612 -0.0408461 0.0651263 0.142227 2.28329 -0.0505461 -0.473009 
0.891648 0.0307995 -0.0893377 0.54941 -0.0606698 -0.099855 -0.047385 0.024905 0.0904403 2.29978 0.0510574 -0.325227 
0.884421 0.0404844 -0.18122 0.551084 -0.0986539 0.0372509 -0.0446057 0.0489601 0.110309 2.27773 0.0835874 -0.601149 
0.890467 -0.00939932 -0.0803231 0.551418 -0.0412745 -0.0966666 -0.049024 0.0559519 0.0879252 2.29796 -0.067312 -0.299428 
0.834672 0.147305 -0.057592 0.154253 -0.138963 -4.50459 0.00098577 -0.00129523 0.027374 2.06142 0.406069 -0.730284 
0.851768 0.382184 -0.00219656 0.116446 0.0711826 -4.97606 0.00340734 0.0135805 -0.0771277 2.10071 1.11277 -0.552626 
0.845901 0.218811 -0.223786 0.275094 0.4183 -4.61467 0.00460319 0.0828002 -0.0345939 2.10552 0.599424 -1.29392 
0.836805 -0.135562 -0.203528 0.1617 0.0340358 -4.51601 -0.00301232 0.0428439 0.2376 2.06176 -0.334098 -1.09274 
0.838959 0.0380177 -0.0350603 0.120982 0.151615 -5.19027 0.00407456 0.00421879 -0.0846694 2.058 0.246354 -0.766056 
0.845692 0.0617622 -0.137514 0.281975 -0.42354 -4.52004 -0.00260824 -0.240554 0.20713 2.10043 0.147701 -0.937345 
0.863747 0.233506 -0.0549421 0.0793915 0.969324 2.77305 -0.0243031 -0.218623 -0.698072 2.12829 0.70097 0.303033 
0.897778 -0.0584115 -0.0604102 0.533833 -0.101219 0.0389089 -0.0374256 0.13885 0.00445787 2.30877 -0.229919 -0.155565 
0.899195 0.0533635 -0.0212421 0.537999 -0.0800126 0.0559355 -0.0445378 0.0775774 -0.0294556 2.3163 0.0934459 -0.0362747 
0.898298 0.0636087 0.0315749 0.535258 -0.0742621 0.0808953 -0.0429898 0.0713491 -0.0739172 2.31169 0.135528 0.17067 
0.898381 -0.0448156 0.0499427 0.520521 -0.106717 0.168479 -0.0386009 0.0540933 0.0308116 2.30378 -0.173956 0.22122 
0.898596 0.0568857 0.0409772 0.526564 -0.111044 0.157679 -0.0396362 0.00903429 0.0175105 2.30701 0.120679 0.196834 
0.82526 0.0177642 0.298495 0.614062 -0.144943 0.351426 -0.00215623 -0.202463 -0.0788236 2.12704 0.0539897 0.860414 
0.831137 0.0383758 -0.0447059 0.605434 -0.0148461 -0.737405 0.000657054 -0.218877 0.0607484 2.13633 0.135213 -0.367415 
0.829335 0.266077 0.255431 0.609376 0.195067 0.30062 -0.0133184 -0.165344 -0.122911 2.1386 0.769774 0.729263 
0.836794 0.174716 0.0481045 0.580849 -0.0765914 -0.745292 -0.010065 -0.184585 0.0609841 2.14566 0.490787 -0.116594 
0.842351 0.192329 0.0174553 0.600433 -0.152656 -0.648449 -0.0175664 -0.10777 0.0586064 2.16888 0.503787 -0.167572 
0.875651 -0.431564 0.209573 0.59797 0.600055 -0.786589 0.0902531 -0.289478 -0.686234 2.26549 -1.06708 0.314418 
0.867794 -0.322215 0.114454 0.578405 0.334694 -1.04247 0.0570307 -0.117809 -0.368076 2.23442 -0.805084 -0.0473436 
0.896026 -0.10388 0.0768811 0.547066 0.433229 -0.631707 0.0781025 0.176561 -0.615414 2.30614 -0.132802 -0.0265494 
0.8746 -0.271687 -0.011011 0.539888 0.0439662 0.0899404 0.0510431 -0.251188 0.0484086 2.23996 -0.764717 0.0252025 
0.896534 -0.150955 -0.0472876 0.525481 0.120487 0.00650451 0.0622348 -0.0247375 -0.00418552 2.29982 -0.421101 -0.113353 
0.887486 -0.175 -0.0273034 0.532961 0.177723 0.0483623 0.0585958 -0.0635289 -0.0754505 2.27622 -0.465342 -0.0285502 
0.86597 -0.202132 0.0788932 0.546742 0.15706 0.212194 0.0437537 -0.219817 0.0378739 2.21756 -0.569313 0.294103 
0.870632 -0.201176 0.101476 0.549213 0.180483 -0.124428 0.0420456 -0.183869 -0.0847143 2.23185 -0.560608 0.248724 
0.855741 -0.256918 0.149214 0.548907 -0.129101 0.356325 0.0318456 -0.236529 0.0938004 2.18836 -0.766946 0.532293 
0.861443 -0.216849 0.0850311 0.553913 -0.0472899 -0.14298 0.0322705 -0.203372 -0.0589518 2.20639 -0.624071 0.201133 
0.832859 -0.108657 -0.295822 0.354016 -0.941868 -3.96552 -0.0129244 -0.137108 0.347646 2.07517 -0.278814 -1.56466 
0.820399 -0.187867 -0.331797 0.370314 0.435358 -4.03507 -0.0124829 0.185286 0.228653 2.04328 -0.549167 -1.69947 
0.842958 -0.0563598 -0.185936 0.53491 0.563214 -1.50918 -0.0229215 -0.0392826 0.112919 2.14207 -0.121874 -1.05539 
0.809213 -0.0123665 -0.150203 0.169943 -0.268939 -4.76045 -0.00125732 0.0363991 0.155523 1.97938 -0.00267 -1.08927 
0.824116 0.484409 -0.00878722 0.112953 0.0631869 -5.11766 0.00497305 -0.0300213 -0.143797 2.01186 1.38961 -0.687309 
0.819946 0.252322 -0.380946 0.283289 0.298461 -4.87267 0.00418202 0.171522 0.0721396 2.02521 0.705906 -1.83921 
0.857647 0.141791 -0.257632 0.496357 -0.702052 -1.69325 0.00140862 0.0901814 0.228506 2.17559 0.286396 -1.17105 
0.86819 -0.00359617 -0.26069 0.543305 -0.100051 -1.26311 -0.005706 0.0706476 -0.0716906 2.21663 -0.0141455 -1.21288 
0.85539 -0.050399 -0.25802 0.477668 0.251252 -1.65574 -0.00178677 -0.208772 0.124963 2.16197 -0.201678 -1.17744 
0.87877 -0.0156928 -0.0815581 0.548707 -0.0141523 0.467458 -0.0232375 0.112619 0.142642 2.2542 -0.0774242 -0.159438 
0.874362 -0.0141304 9.7919e-05 0.569047 -0.132294 0.424186 -0.0118593 0.0573323 0.224151 2.24373 -0.0626994 0.132813 
0.876811 -0.0419286 -0.0737234 0.551182 -0.045847 0.486616 -0.018601 -0.0112117 0.11797 2.24724 -0.164659 -0.129886 
0.859526 0.296073 0.230404 0.561152 0.187532 0.850476 -0.0599487 -0.161934 0.0723966 2.21065 0.787309 0.784377 
0.87449 0.180158 0.0891493 0.581684 -0.27251 0.191251 -0.0604959 -0.130171 0.176281 2.25534 0.436986 0.306989 
0.88229 0.173022 0.0577131 0.571549 0.0336724 -0.0197915 -0.0718143 -0.130116 0.0783231 2.27202 0.411575 0.195872 
0.880978 0.0968504 0.107356 0.542962 0.00332588 0.0953134 -0.0448112 -0.0250748 -0.0801432 2.26443 0.263726 0.393765 
0.873477 0.105018 0.0716568 0.559996 -0.116654 -0.460104 -0.0439141 -0.000469677 0.0261521 2.2463 0.250265 0.0848659 
0.877094 0.176528 -0.00588335 0.571984 -0.232851 -0.349371 -0.0498899 -0.137274 0.199627 2.25934 0.436566 -0.125631 
0.884917 0.0755868 -0.00932482 0.551555 -0.308799 -0.343636 -0.051451 0.0669193 0.248296 2.2751 0.100504 -0.148251 
0.888363 0.115392 0.0500346 0.536273 -0.11259 -0.0506519 -0.043455 -0.0139378 0.0905558 2.27982 0.292139 0.14895 
0.888472 0.0710951 0.0907954 0.543389 -0.0639015 0.0633827 -0.0472703 0.00899902 -0.0708908 2.28683 0.176303 0.337227 
0.891577 0.122221 0.0636697 0.538471 -0.101102 0.0691927 -0.044313 0.0383749 -0.0883064 2.29269 0.311103 0.265406 
0.91357 0.276758 -0.0498637 0.502528 -0.243658 0.826691 0.000370736 0.115642 -0.0496949 2.34029 0.796681 0.0435225 
0.918644 0.256501 -0.0644926 0.480157 0.00351759 -0.0971416 0.00475852 0.120972 -0.0871 2.35052 0.792301 -0.232181 
0.928064 0.110262 -0.0667821 0.478367 -0.122157 -0.10088 0.0129977 0.233997 -0.0616444 2.3797 0.329428 -0.240275 
0.886625 0.516973 -1.2644 0.298661 0.278416 -6.97443 0.0663052 -0.303658 0.715853 2.24066 1.99276 -4.63199 
0.921553 0.232058 0.233141 0.389498 -1.43896 -3.44099 0.0359893 -2.54243 2.21158 2.33224 1.67314 -0.380615 
0.923887 0.000124817 -0.257522 0.512407 -0.105414 -5.02143 -0.00948711 1.00339 -0.368159 2.38329 -0.0719018 -1.21458 
0.920652 -1.87674 2.67917 0.390684 -2.1637 9.65779 0.0447446 0.950773 -4.10009 2.35633 -5.02187 11.5233 
0.889868 1.14541 1.63699 0.300334 1.44894 7.67898 0.0263813 -1.20081 -1.90895 2.2914 4.62053 7.62038 
0.891103 0.0380186 -0.15382 0.514009 -0.135484 1.28717 -0.00161055 -0.056732 0.328325 2.27672 0.0856284 0.206723 
0.891134 0.0780589 0.0263787 0.536663 0.0228797 -0.355009 -0.000571765 -0.0364937 -0.193344 2.28788 0.280808 -0.156902 
0.925362 0.138608 -0.114676 0.487075 -0.335223 0.244526 0.000412204 0.0224681 0.219579 2.37163 0.325241 -0.252175 
0.915171 0.191285 -0.122445 0.492479 -0.14162 -0.272047 0.0034632 0.148274 -0.092442 2.34301 0.565202 -0.448124 
0.901604 0.179751 -0.109521 0.495461 -0.111757 -0.235627 -0.00747711 0.156928 -0.0630275 2.30107 0.538021 -0.395851 
0.897235 0.20621 -0.090466 0.508809 -0.089138 -0.228535 -0.00903995 0.088241 -0.0959319 2.29207 0.586525 -0.36592 
0.886631 -0.10612 -0.193479 0.527188 -0.273416 -0.732272 -0.0291815 0.12551 -0.0134129 2.26346 -0.300872 -0.732477 
0.889974 -0.0230087 0.0729552 0.533452 0.158673 0.573485 -0.0271823 0.0831692 -0.185754 2.27391 0.031087 0.285547 
0.878359 0.0248396 -0.123226 0.519378 0.519259 -0.639265 -0.0275 -0.0663116 -0.151907 2.23821 0.149667 -0.519773 
0.889601 0.0966698 -0.164696 0.539242 -0.124986 0.230866 -0.0179327 0.0701876 -0.194016 2.27706 0.268708 -0.478438 
0.885972 0.00782597 0.0313672 0.515185 0.145935 0.501218 -0.0193376 -0.0301365 -0.0994139 2.25974 0.0324513 0.229034 
0.890134 0.131262 0.0305981 0.521997 -0.106926 0.434848 -0.0173145 0.163557 -0.00532926 2.27382 0.390963 0.226222 
0.923572 1.16291 0.122085 0.409282 -3.23168 -0.75119 0.0691272 2.42447 2.34984 2.33899 2.40647 -0.0309609 
0.917651 0.221805 0.459959 0.474653 -1.7585 -3.11056 0.00386019 2.48939 1.65866 2.33843 -0.45444 0.381672 
0.90875 -0.28725 0.000721927 0.546737 1.00002 -0.550739 -0.0108207 -1.10161 -1.19059 2.33575 -0.414905 0.212283 
0.913751 -0.0254641 -0.584847 0.49992 0.240744 -0.342317 0.0191709 -0.486513 -0.792061 2.3353 0.145431 -1.62171 
0.887512 -0.122489 -0.0347239 0.487596 0.0234307 -0.0455775 0.02327 -0.535718 0.843759 2.25257 -0.247467 -0.219165 
0.924181 -0.14356 -0.202474 0.560572 -0.0716949 -0.269161 -0.0165196 -0.0717546 -0.00292327 2.39545 -0.43895 -0.707875 
0.925407 -0.112522 0.134753 0.551708 0.12522 0.579923 -0.0193911 -0.0584266 0.0511976 2.3977 -0.301434 0.526402 
0.915357 -0.0708527 -0.129635 0.564123 0.360133 -0.141439 -0.020389 -0.0756044 -0.0270501 2.36951 -0.136964 -0.450209 
0.897845 -0.0908344 0.153003 0.541003 0.114665 -0.0924555 -0.0160674 -0.170652 -0.196632 2.31351 -0.215681 0.471698 
0.906874 -0.12407 0.167543 0.532936 0.142896 -0.121793 -0.0183223 -0.133375 -0.223362 2.33873 -0.308661 0.500628 
0.912499 -0.156514 0.113639 0.541689 0.181542 0.525939 -0.0255564 -0.103703 0.0421099 2.35773 -0.405948 0.44139 
0.910739 -0.189073 0.0972927 0.561697 0.0861474 0.39904 -0.0264643 -0.109168 0.0806555 2.35679 -0.53242 0.352483 
0.902005 -0.177056 0.0904016 0.571108 0.0661192 0.401694 -0.0284571 -0.00804976 0.0967274 2.33299 -0.510434 0.331167 
0.891701 -0.155925 0.050513 0.558128 0.0471882 0.40134 -0.0342098 -0.0664195 0.132289 2.30094 -0.44354 0.204367 
0.88836 -0.147859 0.110366 0.550237 0.0467975 -0.181898 -0.036345 -0.0822207 -0.100713 2.29178 -0.413663 0.276255 
0.890523 -0.119471 0.151716 0.549674 0.172945 -0.0860924 -0.0261572 -0.203665 -0.201058 2.29612 -0.251992 0.46696 
0.915635 0.0512594 0.141503 0.494995 0.0755475 -0.117933 0.0219406 -0.107918 -0.207382 2.34553 0.223538 0.450074 
0.92981 0.0438769 0.275992 0.512907 0.0795959 0.645841 0.00853447 -0.114331 -0.163642 2.39487 0.195064 1.00157 
0.936746 0.0431353 0.283451 0.52543 0.0159701 0.636339 -0.0006332 -0.115456 -0.107769 2.4227 0.213001 1.03678 
0.901953 0.231961 -0.0371441 0.0987723 0.063359 -4.46244 0.00660318 -0.00541797 -0.2174 2.26366 0.89705 -0.500388 
0.878686 0.534835 -0.0416704 0.0941129 0.0565953 -4.42617 0.00734895 -0.0108005 -0.267936 2.18621 1.65548 -0.516464 
0.907856 0.204554 -0.322637 0.516604 -0.0300848 -0.987893 0.00885818 0.214422 0.0603204 2.32772 0.575083 -1.14964 
0.907659 0.299724 -0.283258 0.440429 -0.61069 -1.78213 0.0180064 0.173549 0.0301898 2.31504 0.826798 -1.11412 
0.922054 0.177492 -0.0667338 0.524846 -0.198605 0.94197 0.0084683 0.212403 0.0129207 2.37097 0.472642 0.00121238 
0.9182 0.163588 -0.282317 0.424555 0.23169 -1.77827 0.0183055 -0.173352 -0.0622505 2.3427 0.476113 -1.1131 
0.93566 0.0878407 -0.179333 0.496195 -0.0682831 -1.36986 0.0217062 0.0473325 -0.224752 2.40702 0.273865 -0.803518 
0.927108 0.107429 0.000628047 0.49456 0.141424 0.610859 0.0172771 0.284898 -0.0514569 2.37925 0.354995 0.115423 
0.918519 -0.0722003 0.0895088 0.485227 0.15722 0.244926 0.0256008 0.0922052 -0.0481696 2.34943 -0.195569 0.402781 
0.928557 -0.13172 0.200921 0.505377 -0.0113275 0.608491 0.0255981 0.00975849 0.11311 2.386 -0.363558 0.746963 
0.918922 -0.111747 -0.00995761 0.475228 0.0945227 0.0272811 0.0267409 0.0728864 -0.0440617 2.3463 -0.345918 0.00864999 
0.924347 -0.0740772 -0.005786 0.468722 0.0932095 0.0295064 0.0213972 0.131711 -0.000864034 2.36159 -0.21882 0.0259127 
0.927731 -0.0782046 0.00472069 0.469172 -0.010605 0.0819673 0.0211016 -0.0241491 0.108069 2.37442 -0.276397 0.0826362 
0.929256 -0.0273058 0.0220532 0.493475 -0.0160261 0.603304 0.0244178 -0.0190732 -0.0276979 2.38542 -0.100808 0.180266 
0.933618 0.0812401 0.145294 0.516104 -0.0384442 0.609756 0.0248119 0.0517236 0.0613375 2.4028 0.243862 0.578317 
0.864886 0.0179837 0.142325 0.10824 0.00262313 4.85862 -0.0010257 0.00462231 0.0479305 2.163 -0.0139699 0.723746 
0.873005 0.0372482 0.227056 0.278504 -0.11887 4.7067 0.0039265 0.0512508 0.123633 2.19713 0.0690581 1.05781 
0.874806 -0.100883 0.305707 0.273711 0.352538 4.53057 -0.00552621 0.0887545 -0.100765 2.20125 -0.221759 1.11442 
0.844986 0.194096 -0.0273276 0.122936 -0.00414229 -4.58394 0.00550302 -0.0116353 -0.100578 2.08427 0.420713 -0.706705 
0.887968 0.15045 -0.139314 0.428866 -0.723338 -1.90944 0.0223736 -0.0219747 0.01487 2.23988 0.181165 -0.70653 
0.864377 0.21649 -0.310911 0.249129 -0.0517823 -4.32782 0.0179814 0.0565897 -0.138898 2.154 0.430505 -1.29471 
0.853638 -0.0677043 -0.157999 0.151143 -0.0801388 -4.2947 0.00994287 0.0651338 -0.102392 2.11201 0.0208427 -0.890786 
0.856345 0.119009 -0.0473075 0.275286 -0.292203 -4.45791 0.00939148 0.0645407 -0.0843953 2.13396 0.203447 -0.839575 
0.865974 -0.0672607 -0.0281904 0.484491 0.424433 -1.51188 0.00157113 -0.200363 -0.00361541 2.19575 -0.179541 -0.421705 
0.87331 0.0653299 -0.108746 0.546234 -0.131255 -0.852423 0.00463155 0.0376234 -0.155596 2.23058 0.139334 -0.529867 
0.868275 -0.0268475 -0.0663727 0.303222 -0.614516 -3.83419 -0.00283687 -0.233879 0.20044 2.17621 -0.0450947 -0.695054 
0.88528 -0.0186504 -0.0790471 0.512432 0.00198076 0.0944993 -0.0183584 0.124623 -0.0100701 2.25747 -0.0716734 -0.205226 
0.889024 -0.0189302 -0.0481211 0.505313 0.00977657 0.139019 -0.0173812 0.12352 0.000200323 2.26585 -0.0686597 -0.0863523 
0.891539 -0.0206775 -0.0399667 0.502405 -0.066201 0.0574796 -0.024097 0.170954 0.0560301 2.2719 -0.081743 -0.0692489 
0.895599 -0.098107 -0.0279655 0.529253 -0.0690917 0.00217311 -0.0333346 0.0703141 0.0414483 2.29887 -0.348209 -0.0581825 
0.896929 -0.0914582 0.0111019 0.524206 -0.0650809 0.220597 -0.0355058 0.0603197 0.020866 2.30045 -0.322565 0.10501 
0.892396 -0.0503127 0.00552064 0.515332 -0.019687 0.21561 -0.0318522 0.0916083 0.0135734 2.28239 -0.185683 0.0812946 
0.876504 0.0231164 -0.163128 0.555807 -0.0296775 0.283377 -0.0370046 0.101322 0.1676 2.25329 0.0825277 -0.412127 
0.868277 0.0920291 -0.152434 0.572878 -0.0788947 0.408972 -0.0328384 0.11895 0.208681 2.23338 0.259565 -0.321008 
0.859731 0.0614063 -0.325692 0.580013 -0.206358 0.00814304 -0.0231615 0.0588375 0.0647567 2.20814 0.0643896 -1.06987 
0.875596 0.0130735 -0.0952248 0.565969 -0.0205247 0.472021 -0.0205796 0.043599 0.18979 2.24921 0.00353808 -0.197839 
0.863022 0.0351082 -0.296485 0.560512 0.0921325 -0.632728 -0.00827794 0.0292604 0.158167 2.20826 0.0897735 -1.08669 
0.879851 0.0028578 -0.119507 0.551898 -0.078106 0.395353 -0.0313435 0.0608055 0.180249 2.26086 -0.025759 -0.284821 
0.874835 0.070418 -0.135114 0.561853 0.0527502 0.318788 -0.0295821 0.0562291 0.169759 2.24909 0.17341 -0.335646 
0.857226 -0.00707099 -0.424854 0.562776 -0.574837 -0.531332 -0.0132197 0.246108 0.121701 2.19111 -0.127942 -1.44654 
0.865309 0.125028 -0.239193 0.575812 0.122724 0.0947117 -0.0212208 0.0525754 0.0709336 2.22121 0.349822 -0.802026 
0.857394 0.232307 0.0438147 0.201729 0.552368 3.65365 -0.0485384 -0.197921 -0.676039 2.13418 0.691498 0.68161 
0.860584 0.296775 0.28786 0.487374 -0.601633 2.21212 -0.0680409 -0.159399 0.135992 2.19963 0.64034 1.23933 
0.872833 0.220869 0.185288 0.405501 0.0276395 2.62076 -0.0732861 0.0569199 -0.0896168 2.21 0.564227 0.984721 
0.873216 0.157502 0.230677 0.507153 0.146762 2.3035 -0.0734556 -0.116895 0.0699962 2.23305 0.364163 1.11371 
0.833835 0.392608 -0.0504335 0.105307 0.983052 3.6003 -0.0287392 -0.1299 -0.752783 2.05374 1.26016 0.379218 
0.83138 0.222857 0.321056 0.284222 0.501283 4.57409 -0.050034 -0.372066 -0.300749 2.07901 0.614825 1.7941 
0.899772 0.228662 -0.00592741 0.532141 -0.21767 -0.243859 -0.00544198 -0.125468 -0.10649 2.31334 0.594734 -0.203264 
0.904587 0.198071 -0.0847943 0.519909 -0.108696 -0.163679 -0.00602629 0.0645985 0.0618924 2.32063 0.571736 -0.391602 
0.911012 0.107228 -0.245015 0.470439 0.184571 0.833773 -0.010637 -0.298196 0.123085 2.31797 0.483971 -0.361072 
0.900311 0.216087 -0.160685 0.504315 -0.200176 1.37319 -0.00371907 -0.0647725 0.0416296 2.30136 0.561425 0.239462 
0.925679 0.266968 -0.101702 0.473624 -0.527912 0.747766 -0.0220361 -0.125219 0.221166 2.36813 0.599544 0.0351535 
0.92256 0.231614 -0.0786199 0.50038 -0.522775 0.066487 -0.00865247 -0.0566761 0.193126 2.36939 0.486133 -0.268154 
0.907999 0.00213159 0.150965 0.509892 0.0805091 -0.088763 0.0284555 -0.0860095 -0.224509 2.32649 0.0677289 0.451905 
0.914745 0.00289899 0.138543 0.502154 0.0851977 -0.13314 0.0198995 -0.0897003 -0.219466 2.34601 0.0556488 0.443394 
0.905646 -0.0709961 0.157015 0.517238 0.187156 -0.0973133 0.0234469 -0.093137 -0.252993 2.32319 -0.143843 0.464132 
0.913061 -0.0164046 0.228912 0.514802 0.118348 -0.237307 0.00902901 -0.0974029 -0.251795 2.34751 0.0339623 0.687832 
0.924235 -0.00603631 0.198364 0.512001 0.000337423 0.143231 0.000928233 -0.100127 -0.185789 2.38323 0.0356425 0.72199 
0.92372 0.0533241 0.219641 0.505989 0.242588 0.135453 0.00465281 -0.0873787 -0.238218 2.37809 0.25787 0.772375 
0.898001 -0.0873165 -0.00158622 0.524184 -0.128413 0.000507964 -0.00378397 0.126977 0.0330148 2.29183 -0.228234 -0.00311308 
0.886567 -0.0676421 0.46773 0.454909 0.575119 3.20354 -0.000852004 0.147571 -0.183826 2.25248 -0.160963 1.64985 
0.899165 0.0202728 -0.0551439 0.518203 0.284667 0.00723333 -0.0117746 0.227805 -0.0308466 2.29168 0.130031 -0.144758 
0.894449 -0.0524237 0.482901 0.454218 -0.374257 3.18043 -0.00959984 0.174855 -0.0404819 2.27334 -0.078386 1.69469 
0.883041 0.164 -0.0802176 0.501399 0.0665445 -0.658811 0.024479 -0.00710209 -0.00902201 2.24116 0.3447 -0.355439 
0.878948 0.159532 -0.0505941 0.508558 0.000461904 0.440496 0.0212932 0.0600215 -0.0109288 2.23054 0.479551 -0.0465785 
0.89158 0.128772 0.00839409 0.513101 -0.239268 0.254429 0.0237527 0.00546306 0.0640077 2.26469 0.179905 0.0418561 
0.886595 0.0967872 -0.0244297 0.501728 -0.0488211 0.451999 0.0218377 -0.0359546 0.034116 2.25087 0.232805 0.0574604 
0.850406 -0.224635 -0.117035 0.179133 -0.15854 -4.33662 -0.00110308 0.0672931 0.092588 2.11008 -0.645547 -0.800925 
0.859611 -0.161224 -0.0747764 0.346009 0.239651 -3.94885 -0.00798633 0.126171 0.072901 2.15735 -0.506568 -0.741751 
0.847278 -0.0244005 -0.260031 0.294112 0.172676 -4.39156 0.00466739 0.186924 0.00988305 2.1137 -0.0427743 -1.26131 
0.871781 -0.0554339 -0.0488289 0.542239 -0.165796 -0.482891 0.0122258 0.0472099 -0.0886643 2.22281 -0.219762 -0.250465 
0.869914 -0.0530862 -0.148339 0.523905 0.117697 -0.664667 0.00306069 0.150095 -0.232704 2.21418 -0.158762 -0.592015 
0.877571 -0.0669837 0.133953 0.118167 0.105626 3.73237 -0.00458074 0.000266225 -0.112801 2.17306 -0.0922203 0.592117 
0.881543 0.10946 0.225879 0.427665 0.449867 2.64832 -0.0720219 -0.00124893 -0.142668 2.23239 0.275333 1.12152 
0.881256 -0.00247908 0.266844 0.341264 0.620272 3.74698 -0.0161789 0.0888173 -0.263515 2.21404 0.0567581 1.15135 
0.885025 -0.0559657 0.22887 0.294307 0.0781537 3.64912 -0.0137057 -0.0895979 -0.209583 2.21429 0.0509003 1.02395 
0.883727 -0.102731 -0.0673479 0.523234 -0.0378941 -0.0281961 -0.0234877 0.0675168 0.0469539 2.2592 -0.366025 -0.200126 
0.889646 -0.104043 -0.0447741 0.525775 -0.048014 -0.00466566 -0.0285505 0.0955585 0.0531725 2.27843 -0.357977 -0.107749 
0.881225 -0.078635 -0.0780726 0.521495 -0.0583896 -0.0107101 -0.0203693 0.0877317 0.0310451 2.24895 -0.277063 -0.240197 
0.885293 -0.0754967 -0.035921 0.517722 -0.0476867 0.135745 -0.0230257 0.0851832 0.0243446 2.2601 -0.260881 -0.0615167 
0.889787 -0.0927469 -0.0384414 0.520236 -0.082501 0.135223 -0.0280195 0.107331 0.0310504 2.27535 -0.323531 -0.068344 
0.873151 0.0555003 0.0384376 0.538688 -0.237531 0.387172 0.0180411 -0.0240349 -0.00151956 2.22242 0.056945 0.206806 
0.876336 0.113952 0.0629944 0.531366 0.0183049 0.439952 0.0187796 0.0464569 -0.00574099 2.22813 0.333377 0.285292 
0.879547 0.0165148 -0.132989 0.517989 -0.649821 -0.718898 0.0221895 0.0712867 0.0630341 2.23756 -0.0425924 -0.502605 
0.864028 0.046504 -0.279604 0.459987 0.218824 -1.97514 0.0171806 0.100173 -0.0978845 2.18438 0.0913073 -1.0795 
0.87099 0.0848012 0.028209 0.536008 0.219592 -0.341414 0.0128579 0.0232984 -0.142763 2.21677 0.244063 -0.0128627 
0.869148 -0.0482378 -0.289576 0.482691 -0.677018 -2.09863 0.0108436 0.137071 0.044094 2.20377 -0.195115 -1.12302 
0.880429 -0.0524307 -0.0232224 0.0685142 0.110532 3.0929 -0.00442591 0.0186176 -0.197272 2.173 -0.0572585 0.306621 
0.875959 0.153442 -0.0959138 0.150847 0.584695 2.70361 -0.0276758 0.371459 -0.558542 2.1705 0.505236 0.18063 
0.879701 0.209419 0.0804216 0.300991 0.525644 2.6818 -0.0507884 0.305544 -0.628259 2.20446 0.633961 0.620716 
0.878312 0.073465 0.0690603 0.183976 0.524377 3.53175 -0.00921365 0.0436793 -0.221934 2.17753 0.164932 0.480124 
0.884675 0.061327 0.175499 0.327666 0.787702 2.65605 -0.0354742 0.145003 -0.657006 2.21621 0.122455 0.934781 
0.893915 0.0548454 0.0187772 0.525477 -0.231983 -0.0656043 -0.0494993 -0.030988 0.225022 2.29119 0.0782063 0.0564085 
0.893718 0.0478582 -0.0357474 0.546897 -0.388771 -0.337356 -0.0643694 0.0352471 0.322143 2.2946 0.0313577 -0.135111 
0.902301 -0.00552065 0.115651 0.520295 -0.145588 0.281916 -0.0316127 0.139733 -0.0275554 2.29901 0.00312983 0.451807 
0.897041 -0.0309756 -0.120109 0.517254 -0.0286999 -0.375274 -0.015425 0.173937 0.0859291 2.2875 -0.0830395 -0.396195 
0.901187 -0.0669867 0.0261712 0.521997 -0.0636012 0.262643 -0.0201629 0.181778 0.0421664 2.29905 -0.200458 0.160638 
0.894616 0.00900589 -0.111876 0.507947 0.0254617 -0.35068 -0.0242649 0.183223 0.0649041 2.27921 0.0218365 -0.357848 
0.893892 0.0574038 0.10354 0.43748 0.295268 1.95791 -0.0524436 0.26491 -0.472555 2.26166 0.178647 0.788608 
0.894257 0.0481752 0.100964 0.463006 0.912059 1.92852 -0.03955 0.0755291 -0.599741 2.26321 0.248377 0.829629 
0.896877 0.0477614 -0.114555 0.518553 -0.0338036 -0.410741 -0.0351764 0.235588 0.122548 2.28846 0.0847483 -0.412496 
0.901678 0.0736386 -0.0286266 0.527822 0.0468002 0.0687167 -0.0396493 0.200006 -0.0124013 2.30166 0.178704 0.0480361 
0.900279 0.00686633 -0.0198128 0.529505 -0.127486 0.12307 -0.0535008 0.341786 -0.0200541 2.29959 -0.0642498 0.0738772 
0.897106 -0.074389 -0.0541907 0.529077 -0.112948 -0.245431 -0.0518955 0.16464 0.282325 2.29274 -0.253019 -0.204897 
0.894998 -0.0189628 0.0172755 0.51104 -0.0632974 0.0489578 -0.0399929 0.0625513 0.0542471 2.28837 -0.0972134 0.116416 
0.893868 0.00119418 0.0435928 0.514636 -0.145613 -0.0604293 -0.0483878 0.171085 0.189547 2.28585 -0.0887648 0.132471 
0.894506 -0.0281483 -0.0168994 0.513927 -0.157943 -0.32966 -0.0388259 0.0915477 0.203656 2.28192 -0.127199 -0.111102 
0.892694 -0.0447639 -0.00506259 0.508605 -0.0287709 0.0372459 -0.0342357 0.102131 0.0381924 2.27969 -0.168669 0.0483965 
0.892954 -0.0131146 -0.0419058 0.506331 -0.0593348 0.0385593 -0.03156 0.0852793 0.0441734 2.27734 -0.0621364 -0.0754843 
0.896035 0.043897 -0.175712 0.532644 -0.016859 -0.831458 -0.0556984 0.194634 0.171642 2.29331 0.0584257 -0.610374 
0.901375 -0.0481847 -0.0499443 0.544016 -0.504352 -0.250672 -0.0584249 0.132396 0.289549 2.30882 -0.248071 -0.182471 
0.895905 0.0350606 0.174561 0.514466 0.40673 1.63798 -0.0686911 0.044127 0.00367918 2.2854 0.161054 0.870398 
0.897455 0.0800202 0.212268 0.532173 -0.204505 1.73089 -0.0749432 0.147637 0.0407857 2.29688 0.147072 1.02046 
0.897506 0.084715 -0.14181 0.556653 -0.0233635 -0.816537 -0.0707607 0.154897 0.168478 2.30438 0.187381 -0.517734 
