0.964413 0.285684 0.00633939 2.41834 
0.966653 0.285483 0.00278589 2.4261 
0.995906 0.0499273 -0.0532895 2.44294 
0.973494 0.197008 -0.0842877 2.42891 
0.958207 0.278553 -0.13864 2.39895 
0.910766 0.243928 -0.16611 2.31443 
0.937903 0.252466 -0.0299118 2.323 
0.951089 0.263155 -0.027183 2.35889 
0.94296 0.254826 -0.0452476 2.33556 
0.891399 -0.0689484 -0.0139551 2.18358 
0.908234 0.272529 -0.126847 2.26204 
0.936799 0.253418 -0.131057 2.3267 
0.939737 0.279519 -0.0912543 2.33178 
0.952296 0.269272 -0.00636025 2.36805 
0.971551 0.22021 -0.0341769 2.42251 
0.974706 0.208557 0.0225936 2.43058 
0.960728 0.272758 -0.0250879 2.40286 
0.962862 0.262993 -0.00838703 2.40604 
0.964132 0.254686 -0.0219071 2.40651 
0.95104 0.313758 0.0374156 2.38327 
0.963429 0.265532 -0.000519901 2.40892 
0.967949 0.282931 0.00143501 2.42981 
0.967807 0.279186 0.00069462 2.42822 
0.965784 0.280023 0.00245594 2.42149 
0.968324 0.279523 -0.000656004 2.43014 
0.965894 0.277895 -0.000477108 2.42132 
0.963653 0.273923 -0.00156917 2.41238 
0.962935 0.272547 -0.00602031 2.40955 
0.964043 0.299586 -0.00271451 2.42193 
0.958339 0.311615 -0.00291506 2.40663 
0.953606 0.318704 -0.00838226 2.39296 
0.953288 0.293975 -0.0733736 2.3874 
0.957313 0.286969 -0.0371135 2.3956 
0.957128 0.299282 -0.0194272 2.39847 
0.953357 0.314126 -0.0188237 2.39018 
0.968982 0.288725 -0.0003847 2.43514 
0.969174 0.290124 -0.000268291 2.43623 
0.967163 0.295209 -0.000680299 2.43096 
0.961009 0.294717 -0.0103385 2.40994 
0.964302 0.294865 -0.00445545 2.42113 
0.968266 0.287007 0.00109977 2.43213 
0.968939 0.289227 0.000380508 2.43511 
0.968176 0.289306 0.00155737 2.43247 
0.921808 0.367345 -0.024609 2.30172 
0.964916 0.299049 0.00273825 2.42463 
0.960041 0.293896 0.0172121 2.40661 
0.956194 0.306839 0.0203507 2.39763 
0.959264 0.310972 0.00319833 2.40953 
0.955285 0.316056 0.00909468 2.39771 
0.963667 0.291597 0.00792572 2.41771 
0.965943 0.292995 0.00373292 2.4259 
0.94268 0.341988 -0.00374959 2.36391 
0.945999 0.334339 -0.00943059 2.37278 
0.933996 0.356556 -0.00251891 2.34033 
0.92918 0.363417 -0.00426799 2.32746 
0.904242 -0.0381413 0.0978343 2.22289 
0.921444 0.379022 0.101525 2.30234 
0.888452 0.23728 0.0919164 2.19451 
0.912163 0.399417 0.00811692 2.28538 
0.8536 0.510494 -0.151556 2.1741 
0.901382 0.379253 0.0524455 2.2496 
0.91684 0.371032 -0.0447665 2.28647 
0.923426 0.379935 0.0617328 2.31522 
0.923492 0.374479 0.00157776 2.31048 
0.910178 0.405355 -0.0152134 2.27597 
0.882938 0.434146 0.00587982 2.21163 
1.00067 0.0530002 0.00644745 2.47046 
0.984409 0.169582 0.0638267 2.45953 
0.963223 0.290246 0.000274024 2.41607 
0.981222 0.286938 -0.000270791 2.4767 
0.983336 0.279653 -0.000213899 2.48199 
0.983237 0.280114 0.000133313 2.48176 
0.982447 0.28328 0.000115018 2.47988 
0.980034 0.289833 -0.000147835 2.47345 
0.965884 0.29726 0.000103871 2.42752 
0.967173 0.299952 0.000116804 2.43274 
0.969928 0.297277 0.000812489 2.44118 
0.965097 0.297059 0.000345543 2.42453 
0.957403 0.273362 0.000394809 2.39154 
0.967807 0.28119 0.000174809 2.4292 
0.966147 0.272527 0.000488388 2.4211 
0.969821 0.273407 0.000210831 2.43389 
0.970842 0.276787 0.000331556 2.43831 
0.968916 0.272941 0.000899859 2.43064 
0.975561 0.287582 -0.000558393 2.45745 
0.963977 0.292653 -0.000226463 2.41929 
0.967091 0.294801 0.00106016 2.43072 
0.965033 0.293386 0.000802955 2.42326 
0.971158 0.291738 0.00127807 2.44364 
0.926137 0.287322 0.0466577 2.29203 
0.928418 0.310116 0.0731472 2.30495 
0.937588 0.289357 0.0668097 2.32476 
0.943976 0.254923 0.0106616 2.34251 
0.949567 0.262146 0.0139478 2.35636 
0.950851 0.257697 0.0445809 2.35788 
0.950564 0.196998 -0.017209 2.35236 
0.945106 0.277934 0.0871433 2.3459 
0.946878 0.103469 -0.0590054 2.33116 
0.935931 0.0759653 0.0608552 2.30573 
0.922989 0.355437 -0.0471981 2.30192 
0.923894 0.340283 -0.0825274 2.3037 
0.92632 0.306002 -0.0210604 2.29678 
0.930974 0.289358 -0.0647793 2.31037 
0.928996 0.291762 -0.0295113 2.30163 
0.931298 0.275967 -0.0384667 2.30638 
0.958296 0.267321 -0.00235841 2.39397 
0.952918 0.272478 -8.42331e-05 2.38007 
0.953213 0.2709 -0.000297648 2.37809 
0.924092 0.30204 -0.0038182 2.28804 
0.925419 0.293693 -0.00935519 2.28998 
0.9778 0.275383 -0.00121673 2.4619 
0.973095 0.274081 -0.00148669 2.44536 
0.952154 0.264402 0.00132006 2.36941 
0.962636 0.271549 -0.000163425 2.40962 
0.95684 0.270808 0.00231349 2.38989 
0.953425 0.310955 0.069795 2.38729 
0.961003 0.268732 0.0718499 2.40402 
0.939811 0.332004 0.107168 2.35685 
0.971566 0.223342 0.137831 2.43294 
0.920099 0.342653 0.242692 2.32276 
0.963236 0.264454 0.00682657 2.40782 
0.966181 0.247774 0.0205743 2.41163 
0.962864 0.280368 0.010836 2.41142 
0.963355 0.275722 0.00687412 2.41158 
0.961564 0.280368 0.0220054 2.40651 
0.962587 0.265953 0.0378569 2.40725 
0.968922 0.282557 -0.000721305 2.43307 
0.967103 0.280892 -0.0016969 2.42636 
0.968523 0.286583 -0.000764627 2.43291 
0.96825 0.288503 -0.00126777 2.43257 
0.966455 0.290007 -0.00283657 2.42691 
0.969233 0.290619 0.000260125 2.43648 
0.967442 0.295659 0.000683025 2.43191 
0.94487 0.335203 0.0269341 2.36808 
0.934713 0.357196 0.0320657 2.34272 
0.931805 0.362378 0.0142581 2.33416 
0.936182 0.353306 0.00622948 2.34636 
0.943621 0.340806 0.00412897 2.36663 
0.947962 0.331484 0.0110206 2.37827 
0.932203 0.358782 0.000801424 2.33456 
0.926418 0.366811 -0.0017442 2.31888 
0.925552 0.360191 -0.00353045 2.31296 
0.923956 0.363038 -0.00815445 2.3095 
0.924035 0.348439 -0.00850268 2.30388 
0.923853 0.316178 -0.00788976 2.29204 
0.942779 0.341912 -0.0223144 2.36328 
0.945693 0.333325 -0.0589852 2.3695 
0.947519 0.325122 -0.0308145 2.3746 
0.891316 0.186795 -0.0349114 2.18943 
0.923112 0.294362 0.00377271 2.28219 
0.926495 0.284146 0.0026279 2.29027 
0.927193 0.285774 0.0207093 2.29377 
0.930677 0.293009 0.0358442 2.30432 
0.936946 0.257853 0.0225023 2.32056 
0.933281 0.253286 0.0355511 2.30828 
0.921493 0.345275 0.00637761 2.29441 
0.922342 0.303536 0.00944401 2.2826 
0.923666 0.295898 0.018365 2.28504 
0.921366 0.31978 0.00522021 2.28476 
0.921052 0.330152 0.0124228 2.28756 
0.921384 0.354346 0.0113523 2.29771 
0.918445 0.375889 0.0125269 2.29688 
0.923681 0.361996 0.00323891 2.30832 
0.923827 0.367068 0.00352549 2.31106 
0.921853 0.362493 0.0605119 2.29813 
0.92307 0.383352 0.0603232 2.31128 
0.917445 0.389609 0.0406542 2.29366 
0.865212 0.502013 0.102269 2.17524 
0.773645 0.209161 -0.0165461 1.88899 
0.961746 0.290419 -0.00011123 2.41124 
0.971698 0.287838 -0.0005436 2.44434 
0.980938 0.2766 0.000659839 2.47298 
0.96659 0.299812 -0.00010867 2.43059 
0.970508 0.29827 -0.000163716 2.44347 
0.975905 0.293908 -0.000460374 2.46052 
0.967763 0.297466 -0.000604609 2.4338 
0.970565 0.294306 -0.00139556 2.44237 
0.97499 0.291238 -0.00113071 2.45657 
0.977446 0.290961 -0.000833102 2.46489 
0.97582 0.289796 0.000893464 2.459 
0.976257 0.292268 0.000914411 2.46123 
0.980802 0.288507 0.000237209 2.47569 
0.983205 0.282614 -0.000279158 2.48234 
0.964066 0.293003 0.000250582 2.41978 
0.965412 0.294499 -0.000536181 2.42485 
0.963056 0.291608 -0.000183382 2.41597 
0.96754 0.293287 -0.00130357 2.43177 
0.96754 0.290844 -0.00106599 2.43103 
0.929986 0.279896 0.0051696 2.30072 
0.937265 0.27692 0.00172628 2.32434 
0.930189 0.278409 0.0124107 2.30121 
0.940359 0.273109 0.00797523 2.33366 
0.936182 0.27425 0.0131089 2.31958 
0.963174 0.272794 0.00162927 2.41107 
0.956344 0.270123 0.00275765 2.38764 
0.946794 0.270843 0.00664042 2.35477 
0.949045 0.267859 0.00625566 2.36233 
0.977017 0.274827 0.000963673 2.45897 
0.980313 0.277384 0.000766334 2.47098 
0.980985 0.281571 0.000453289 2.47436 
0.978578 0.283169 0.000261446 2.46655 
0.972382 0.277743 0.000626741 2.44382 
0.970705 0.28269 0.000314726 2.43947 
0.97302 0.28371 0.000259278 2.44765 
0.976742 0.280715 0.000647742 2.45952 
0.973785 0.274904 0.000908397 2.44781 
0.976655 0.276436 0.00103375 2.4581 
0.962759 0.290226 1.53362e-06 2.41436 
0.962238 0.291238 0.000257085 2.41308 
0.969465 0.289557 0.000793953 2.43721 
0.965325 0.291235 0.000903532 2.42361 
0.969005 0.273035 -0.000753881 2.43163 
0.980476 0.276407 -0.00034922 2.47142 
0.976887 0.27458 -0.000856277 2.45872 
0.978367 0.274456 0.000140726 2.46373 
0.92943 0.282602 -0.00300762 2.29992 
0.927822 0.286688 -0.00830849 2.29568 
0.934258 0.279324 -0.00398912 2.31503 
0.930691 0.281783 -0.0158701 2.30415 
0.951673 0.262902 -0.00327028 2.37051 
0.965013 0.273029 -0.00231491 2.41748 
0.960614 0.270916 -0.00207439 2.40258 
0.939423 0.277343 -0.00143545 2.33196 
0.966915 0.283711 -0.00214368 2.42652 
0.966869 0.285605 -0.00227187 2.427 
0.965185 0.287394 -0.00426193 2.42182 
0.962679 0.287015 -0.00847039 2.41326 
0.961929 0.280749 -0.0117045 2.4083 
0.963239 0.278461 -0.00658701 2.41237 
0.965151 0.281295 -0.00352664 2.4198 
0.923672 0.325231 -0.00326166 2.29443 
0.924156 0.340506 -0.00338414 2.30147 
0.925459 0.317595 -0.0216446 2.29761 
0.92417 0.313585 -0.0145185 2.29226 
0.928855 0.366845 -0.0161646 2.32763 
0.935465 0.35306 -0.0270511 2.34493 
0.917963 0.395279 -0.0209835 2.30316 
0.919921 0.384578 -0.0609232 2.30706 
0.934129 0.36639 -0.0585169 2.34304 
0.91698 0.370458 0.0264907 2.28984 
0.918796 0.35335 0.0244907 2.29003 
0.920296 0.355267 0.0318068 2.2927 
0.912335 0.358704 0.0464653 2.27205 
0.917561 0.334815 0.046725 2.2809 
0.92119 0.321312 0.0230388 2.28603 
0.920371 0.346488 0.0343073 2.28967 
0.919475 0.303918 0.0436543 2.27726 
0.924263 0.316709 0.0438619 2.29209 
0.922687 0.311328 0.0270749 2.28689 
0.935066 0.346004 -0.0748882 2.33252 
0.964399 0.286133 -4.47565e-05 2.41901 
0.966031 0.286628 -7.36952e-05 2.42467 
0.961108 0.289395 -0.00010269 2.40879 
0.960828 0.290736 -0.000267677 2.40824 
0.962266 0.291251 -0.000662926 2.41327 
0.964428 0.290269 -0.000743944 2.42031 
0.980675 0.278225 -0.00108479 2.47243 
0.981874 0.28168 -0.000566041 2.47747 
0.978895 0.285094 -9.22708e-05 2.46817 
0.951307 0.274225 0.00135897 2.37106 
0.942432 0.27545 0.00259505 2.34138 
0.942172 0.274619 0.0051451 2.34029 
0.954317 0.273374 0.00252377 2.3811 
0.948981 0.272837 0.00432513 2.36291 
0.965711 0.271998 0.00148774 2.41958 
0.962466 0.272345 0.00252417 2.40868 
0.972455 0.273047 0.000982937 2.44293 
0.969524 0.273888 0.00158155 2.43324 
0.961268 0.28972 7.27969e-05 2.40945 
0.963574 0.28816 0.000142806 2.41682 
0.961331 0.290899 0.000379626 2.41 
0.963379 0.290381 0.000582032 2.4168 
0.964538 0.269538 -0.000659424 2.41562 
0.968567 0.27267 -0.000628675 2.43005 
0.970025 0.272539 0.00106674 2.43481 
0.97392 0.272563 0.000297168 2.44812 
0.935076 0.275436 -0.014228 2.31712 
0.936795 0.275872 -0.00794784 2.32301 
0.940095 0.268735 -0.0195808 2.3321 
0.946918 0.268125 -0.0103614 2.35483 
0.958468 0.274541 -0.000280308 2.39546 
0.923864 0.325763 -0.0182889 2.2957 
0.923527 0.332251 -0.0169886 2.29753 
0.922859 0.312872 -0.0314518 2.29065 
0.925548 0.335554 -0.0283483 2.30317 
0.923246 0.310343 -0.0264839 2.293 
0.923384 0.354942 -0.0248062 2.30293 
0.917047 -0.0620215 -0.0958275 2.24225 
0.969263 0.311126 -0.152644 2.3475 
0.978618 0.278457 -0.00110493 2.46538 
0.975857 0.275433 -0.00128624 2.45512 
0.972891 0.28479 -0.000236042 2.44754 
0.977275 0.282499 -0.000615998 2.46188 
0.945656 0.277196 -0.00221674 2.35266 
0.953391 0.275678 -0.00132647 2.37847 
0.943325 0.273488 -0.00545348 2.34438 
0.948974 0.274538 -0.00555315 2.36302 
0.958627 0.273929 -0.00282723 2.39589 
0.960793 0.273797 -0.00166965 2.40321 
0.920265 0.285939 0.0791167 2.29457 
0.878249 0.203384 0.0930352 2.17088 
0.889536 0.0612502 0.0426187 2.18105 
0.912423 -0.0663116 0.0969384 2.22998 
0.910693 0.373538 -0.00785768 2.28012 
0.928226 0.378265 -0.015237 2.32328 
0.938455 0.326972 -0.0101979 2.34851 
0.758717 0.0773703 0.282525 1.82785 
0.743756 0.633013 -0.0114094 1.81802 
0.818055 0.210682 -0.139429 1.91822 
0.967935 0.273565 -0.00107093 2.42747 
0.973476 0.274841 -0.00111947 2.44675 
0.970195 0.274175 -0.000218186 2.43538 
0.966593 0.273611 -0.000515821 2.42291 
0.971435 0.282357 -0.000460136 2.44186 
0.973211 0.27742 -0.000800512 2.44656 
0.971456 0.276775 -0.000398622 2.4404 
0.968637 0.28108 -0.000217118 2.432 
0.966705 0.284917 -0.000128444 2.4265 
