1 122 49
21 0 40
-1 66 3
14 4 2
3 31 5
59 -1 4
104 8 278
95 13 8
6 12 7
301 55 10
100 9 11
97 12 10
11 8 102
7 106 112
18 3 15
67 121 14
32 18 227
18 20 27
14 17 16
133 46 115
17 120 26
23 1 -2
25 23 -2
22 123 21
-2 127 25
26 22 24
20 25 27
228 17 26
39 37 29
-1 30 28
29 52 34
4 32 146
31 16 33
38 34 32
33 30 147
36 129 -2
37 35 -1
28 36 -1
39 33 226
28 38 130
1 42 -2
-2 42 131
41 40 50
142 61 286
132 50 47
124 46 49
45 19 48
48 -1 44
138 47 46
50 0 45
44 42 49
52 -1 53
30 51 145
-1 54 51
53 163 234
9 57 98
90 57 164
56 55 148
161 60 236
168 5 237
58 242 167
43 64 249
117 65 134
140 135 64
65 61 63
307 64 62
2 -1 67
118 15 66
-3 185 169
72 178 73
182 212 71
72 70 171
69 71 199
181 69 174
86 76 -3
76 173 -3
180 75 74
-3 175 184
80 259 -1
250 82 -1
83 78 81
-1 82 80
81 79 201
193 80 205
177 200 170
208 87 -3
88 74 87
85 210 86
179 86 209
247 152 90
91 56 89
96 90 154
93 153 196
94 92 107
96 93 95
7 97 94
98 91 94
95 11 98
55 96 97
303 100 283
10 102 99
109 232 103
100 12 104
104 218 101
6 103 102
107 194 272
114 13 107
93 105 106
144 109 -1
108 101 216
213 256 111
290 220 110
13 114 219
114 211 221
106 113 112
19 116 117
115 125 118
119 62 115
67 119 116
118 306 117
123 20 121
120 15 125
0 123 124
23 120 122
125 45 122
116 124 121
127 -2 223
229 24 126
-2 129 224
128 35 130
39 225 129
41 132 -1
131 44 -1
138 19 134
62 135 133
134 63 136
135 139 137
-1 138 136
137 48 133
136 140 -1
139 63 142
142 143 -1
43 141 140
141 282 231
233 108 230
52 235 147
31 147 238
146 34 145
166 57 287
150 156 -1
188 149 -1
157 190 152
154 89 151
92 154 192
91 152 153
159 160 -1
149 157 158
156 151 248
159 -1 156
155 158 244
155 240 162
239 58 163
163 -1 160
54 162 161
56 166 246
166 299 243
148 165 164
168 60 300
59 167 -1
68 253 -1
84 203 187
198 71 214
175 -3 173
75 174 172
173 73 178
176 77 172
186 175 177
178 84 176
69 177 174
180 88 258
181 76 179
73 180 182
70 181 257
185 -3 184
77 186 183
254 68 183
184 176 187
170 255 186
190 150 189
-1 260 188
192 151 188
261 195 192
153 190 191
262 83 264
105 196 265
191 263 196
194 92 195
198 266 206
171 197 199
72 198 200
204 84 199
205 82 202
251 203 201
202 170 204
200 206 203
83 201 206
204 197 205
208 -3 -1
85 207 270
88 210 291
209 87 271
113 273 213
70 213 214
212 110 211
275 171 212
-1 216 217
215 109 218
277 222 215
103 276 216
112 221 279
111 297 221
219 113 220
217 293 -1
229 126 224
128 225 223
224 130 226
225 38 227
16 228 226
27 229 227
127 223 228
231 144 -1
143 230 -1
284 101 233
144 281 232
235 54 236
238 145 234
58 237 234
236 59 238
146 235 237
161 240 242
239 160 241
245 243 240
60 239 243
241 165 242
159 248 245
246 241 244
164 245 247
248 89 246
244 157 247
61 288 305
251 79 252
255 202 250
-1 253 250
252 169 254
185 255 253
254 187 251
289 110 257
182 258 256
257 179 292
260 78 262
261 189 259
191 260 263
193 263 259
262 195 261
265 193 266
194 264 267
197 267 264
266 274 265
270 -1 269
317 271 268
208 268 271
269 210 270
273 105 274
275 211 272
267 275 272
214 273 274
277 218 278
217 276 295
276 6 279
219 296 278
-1 294 312
284 233 282
281 143 286
99 284 285
232 281 283
304 283 286
282 43 285
-1 148 302
-1 249 308
256 292 290
111 289 310
209 313 292
289 258 291
294 222 295
298 280 293
277 296 293
295 279 297
296 220 298
309 294 297
165 -1 300
-1 167 299
9 303 302
-1 287 301
301 99 304
303 285 305
249 -1 304
119 -1 307
308 65 306
-1 288 307
312 298 310
290 314 309
315 -1 312
280 309 311
314 291 317
315 310 313
311 314 316
-1 315 317
313 269 316
