0 0
0 0.125
0 0.25
0 0.375
0 0.5
0 0.625
0 0.75
0 0.875
0 1
0.059376 0.32528
0.086948 0.18509
0.10383 0.40637
0.11784 0.68371
0.11907 0.80704
0.125 0
0.125 1
0.12515 0.92193
0.13133 0.28074
0.13162 0.08964
0.13184 0.54196
0.17902 0.18636
0.18338 0.45537
0.21378 0.74629
0.21984 0.37321
0.24017 0.63529
0.25 0
0.25 1
0.25617 0.86731
0.25762 0.25783
0.27462 0.49482
0.28016 0.12603
0.33324 0.73996
0.36148 0.36223
0.36632 0.60806
0.37269 0.22607
0.37495 0.85618
0.375 0
0.375 1
0.3959 0.12604
0.41517 0.49383
0.43218 0.68442
0.44578 0.77988
0.45844 0.1893
0.46549 0.89176
0.48836 0.29423
0.5 0
0.5 0.4
0.5 0.5
0.5 0.6
0.5 1
0.50094 0.095917
0.52266 0.69503
0.53734 0.20291
0.5439 0.80239
0.55677 0.90729
0.575 0.4
0.575 0.6
0.61228 0.28083
0.61421 0.15005
0.625 0
0.625 1
0.63001 0.69603
0.64288 0.83715
0.65 0.4
0.65 0.6
0.68705 0.21272
0.71531 0.11608
0.725 0.4
0.725 0.6
0.7289 0.30889
0.75 0
0.75 1
0.75223 0.88109
0.75325 0.73153
0.76893 0.20701
0.8 0.4
0.8 0.5
0.8 0.6
0.83868 0.12812
0.85087 0.27132
0.86375 0.80296
0.86865 0.70093
0.875 0
0.875 1
0.88453 0.91572
0.89633 0.48649
0.9069 0.36865
0.93301 0.1979
0.93466 0.61528
0.94138 0.84053
0.96644 0.10351
0.96836 0.28841
1 0
1 1
1.0008 0.75363
1.01 0.89651
1.0164 0.39751
1.0167 0.52614
1.033 0.19939
1.0337 0.62567
1.0655 0.29261
1.099 0.86077
1.1063 0.46753
1.1099 0.67258
1.1114 0.0938
1.1205 0.57037
1.125 0
1.125 1
1.1468 0.22065
1.1531 0.76837
1.1587 0.35622
1.1992 0.88766
1.2264 0.49352
1.2368 0.64671
1.25 0
1.25 1
1.2571 0.12749
1.2573 0.25504
1.2719 0.79492
1.2952 0.55839
1.2954 0.90612
1.3018 0.37042
1.313 0.19456
1.3517 0.61014
1.3576 0.13617
1.367 0.71711
1.375 0
1.375 1
1.3774 0.49572
1.3776 0.85011
1.3855 0.25002
1.4156 0.3727
1.453 0.1216
1.4576 0.43754
1.462 0.90527
1.4655 0.30702
1.4696 0.62474
1.4938 0.78165
1.5 0
1.5 1
1.5099 0.49954
1.5279 0.23562
1.5331 0.37734
1.5649 0.89706
1.5737 0.10598
1.5758 0.69127
1.6034 0.4695
1.6132 0.5803
1.625 0
1.625 1
1.6383 0.30141
1.6421 0.79114
1.6494 0.39693
1.6517 0.19111
1.6686 0.68047
1.6695 0.90805
1.6939 0.090138
1.7175 0.48522
1.7239 0.25733
1.7478 0.3624
1.7483 0.61285
1.75 0
1.75 1
1.7588 0.72992
1.7642 0.17327
1.768 0.85502
1.8019 0.44373
1.8137 0.083676
1.819 0.92993
1.8203 0.27278
1.8565 0.77273
1.8602 0.53277
1.8707 0.67032
1.875 0
1.875 1
1.8796 0.39516
1.887 0.86364
1.8896 0.1788
1.9161 0.077564
1.9169 0.29291
2 0
2 0.125
2 0.25
2 0.375
2 0.5
2 0.625
2 0.75
2 0.875
2 1
