13 12 22
6 12 13
46 47 39
39 32 46
46 32 44
44 55 46
109 103 113
105 112 113
113 103 105
88 85 97
99 88 97
97 105 99
99 105 103
113 112 119
29 32 39
39 33 29
28 32 23
23 29 21
32 29 23
41 35 31
21 29 19
5 12 6
4 19 5
5 19 12
4 3 11
11 19 4
21 19 11
11 23 21
30 18 25
25 36 30
30 36 38
44 32 34
34 32 28
28 30 34
34 30 38
0 18 1
14 18 0
25 18 14
20 30 28
18 30 20
6 13 7
8 7 16
16 7 13
72 62 73
26 16 27
22 31 27
27 31 35
27 37 26
35 37 27
27 13 22
27 16 13
50 36 45
38 36 50
45 59 50
50 59 58
97 85 96
91 96 86
86 96 85
58 65 57
57 55 44
57 65 69
73 62 61
41 51 53
62 54 53
53 61 62
51 61 53
39 47 48
48 33 39
180 181 178
157 159 166
157 147 146
152 157 146
159 157 152
171 157 166
186 172 185
185 171 184
172 171 185
182 183 179
138 132 126
161 156 148
144 132 138
138 148 144
144 148 156
141 132 144
169 159 158
187 176 186
170 172 186
186 176 170
163 172 170
91 98 100
100 96 91
110 96 100
121 110 117
112 110 121
102 110 112
112 105 102
102 96 110
102 105 97
97 96 102
81 88 94
88 99 94
101 95 94
94 99 103
94 109 101
103 109 94
128 121 131
128 119 112
112 121 128
93 95 107
107 95 101
136 147 145
145 137 136
113 119 123
123 128 136
119 128 123
41 31 40
40 31 33
40 51 41
33 48 40
40 48 51
24 19 29
24 29 33
22 12 24
12 19 24
24 31 22
33 31 24
9 3 2
9 11 3
2 1 10
10 1 18
18 20 10
8 16 15
15 16 26
43 35 41
41 53 43
43 53 54
43 54 49
49 37 43
43 37 35
49 54 60
60 54 62
60 72 71
62 72 60
71 72 84
84 95 93
38 50 42
44 34 42
42 34 38
75 86 85
106 104 92
114 104 106
98 104 108
108 100 98
117 110 108
110 100 108
82 78 70
92 104 90
90 104 98
90 82 92
78 82 90
70 78 66
66 65 58
66 59 70
58 59 66
91 86 79
79 75 69
86 75 79
63 57 69
55 57 63
180 178 173
169 158 164
142 152 146
175 183 184
184 171 175
175 171 166
175 179 183
169 179 175
175 159 169
166 159 175
160 172 163
160 171 172
157 171 160
147 157 160
177 181 182
182 179 177
177 178 181
177 179 169
169 164 177
116 104 114
114 126 116
116 108 104
116 122 117
117 108 116
130 132 141
131 121 130
117 122 130
130 121 117
150 142 141
152 142 150
159 152 150
150 158 159
153 144 156
156 164 153
153 164 158
158 150 153
141 144 153
153 150 141
174 187 188
176 187 174
163 170 165
165 170 176
136 128 140
146 147 140
140 147 136
140 142 146
115 107 111
111 107 101
111 120 115
101 109 111
113 123 125
136 137 125
125 123 136
115 120 127
17 9 2
2 10 17
17 10 20
17 20 28
28 23 17
23 11 17
11 9 17
83 84 93
71 84 83
89 94 95
95 84 89
52 50 58
52 42 50
58 57 52
52 57 44
44 42 52
65 66 74
74 66 78
78 79 74
69 65 74
74 79 69
78 90 87
87 79 78
91 79 87
87 98 91
87 90 98
73 61 68
167 156 161
167 164 156
161 173 167
167 173 178
178 177 167
167 177 164
154 145 147
147 160 154
154 160 163
124 126 132
124 116 126
122 116 124
132 130 124
124 130 122
135 130 141
131 130 135
141 142 135
135 142 131
168 174 162
162 165 168
176 174 168
168 165 176
133 128 131
133 140 128
131 142 133
142 140 133
118 111 109
120 111 118
118 109 113
113 125 118
139 127 134
80 89 84
80 84 72
81 94 80
94 89 80
73 81 80
80 72 73
76 75 85
64 68 61
145 154 151
137 145 151
163 165 151
151 154 163
129 127 120
129 134 127
120 118 129
129 118 125
129 125 137
137 134 129
69 75 67
67 63 69
85 88 77
77 76 85
77 88 81
77 81 73
73 68 77
51 48 56
56 61 51
56 64 61
143 134 137
137 151 143
143 149 139
139 134 143
155 151 165
155 143 151
149 143 155
162 149 155
155 165 162
