0.965921 0.286633 0.00226173 2.42556 0.964479 0.280684 0.00394224 2.41806 0.961907 0.28406 0.0115706 2.41099 
0.969352 0.284232 -0.000342729 2.43541 0.964409 0.280876 0.00483692 2.41769 0.966346 0.2869 0.00308851 2.42613 
0.984738 0.0190737 -0.28152 2.47291 0.935133 0.00564443 -0.0332919 2.47688 0.977404 0.0495316 -0.0133886 2.46239 
0.970953 0.0697054 -0.0358688 2.44049 0.963042 0.218687 -0.0633333 2.41171 0.956749 0.0625149 -0.322462 2.41695 
0.926099 0.126758 -0.311705 2.33644 0.954002 0.250646 -0.0580095 2.38067 0.936907 0.297752 -0.0915407 2.34229 
0.951706 0.29923 -0.0402116 2.35909 0.899414 -0.513523 -0.0964844 2.0207 0.813842 0.0940221 -0.175136 1.99605 
0.934584 0.285389 -0.0231038 2.31643 0.936969 0.251093 -0.0488911 2.31867 0.944523 0.239076 -0.0082658 2.34286 
0.951769 0.269286 -0.0822076 2.35934 0.946939 0.250627 0.00352358 2.35937 0.944566 0.247002 -0.00682999 2.34292 
0.945438 0.244613 -0.00837854 2.34581 0.935965 0.252745 -0.0489904 2.31533 0.948933 0.267851 -0.080563 2.35238 
0.888433 0.377067 -0.0611458 2.21788 0.901948 -0.308078 -0.0560749 2.21166 0.927426 -0.065103 -0.0440517 2.28612 
0.937175 0.32473 -0.113387 2.33817 0.909125 0.386288 -0.0816627 2.28349 0.91811 -0.0745592 -0.0370658 2.25559 
0.920687 -0.0737738 -0.0411442 2.26201 0.950156 0.265972 -0.0766847 2.35617 0.932232 0.32517 -0.118032 2.32391 
0.931708 0.324918 -0.117302 2.32182 0.950274 0.267001 -0.0790532 2.35668 0.934816 0.252186 -0.0484329 2.31274 
0.94404 0.247553 -0.00929253 2.34128 0.947688 0.250963 0.00166946 2.36147 0.953056 0.272276 0.000661535 2.37573 
0.958614 0.233224 -0.00826263 2.40285 0.96297 0.228361 -0.0472359 2.40745 0.974574 0.0834183 -0.0189476 2.44212 
0.973931 0.0808114 -0.00959551 2.43804 0.965 0.217012 0.0489718 2.41516 0.958149 0.232564 -0.00285136 2.39986 
0.959211 0.284616 -0.0141223 2.40177 0.96092 0.249126 -0.057894 2.40138 0.95835 0.269126 -0.010149 2.39971 
0.962024 0.264649 -0.00919876 2.40852 0.963878 0.236941 -0.00459369 2.40875 0.962382 0.265847 -0.00514463 2.40776 
0.961972 0.236029 -0.0541504 2.40341 0.963761 0.235539 -0.006167 2.41256 0.959164 0.26318 -0.00754349 2.40361 
0.938968 0.335524 0.0542251 2.35735 0.950418 0.320959 0.0212417 2.38607 0.956019 0.28615 0.0295161 2.39495 
0.961851 0.267025 -0.00354824 2.40618 0.963731 0.239817 -0.00179075 2.40804 0.962896 0.272963 0.00152684 2.41195 
0.97036 0.280349 0.000188816 2.43774 0.964652 0.280637 0.00479278 2.41838 0.969501 0.284103 -0.000359703 2.43579 
0.970745 0.278581 0.00021468 2.43854 0.963904 0.273663 0.00168498 2.41382 0.970272 0.280547 -8.32966e-05 2.43755 
0.97025 0.280255 0.000189319 2.43761 0.963726 0.272848 0.00240555 2.41322 0.964864 0.280031 0.0044096 2.41914 
0.970766 0.278714 1.8182e-05 2.4385 0.970403 0.280339 0.000164439 2.43769 0.96472 0.277518 -0.00296564 2.41762 
0.964725 0.277 -0.0024287 2.4177 0.96382 0.273534 0.00148005 2.41355 0.970747 0.278552 0.000184786 2.43856 
0.962836 0.2672 -0.0034187 2.4084 0.963741 0.273353 0.00129633 2.41364 0.964685 0.276995 -0.00166813 2.4181 
0.964341 0.276483 -0.00158536 2.4174 0.961464 0.266915 -0.0123075 2.40557 0.963251 0.266518 -0.00391722 2.40968 
0.959055 0.30426 -0.00853788 2.40669 0.967582 0.291557 -0.0013902 2.43142 0.9625 0.304047 6.97667e-05 2.41833 
0.962473 0.303893 3.23985e-05 2.41833 0.9513 0.32472 -1.97891e-05 2.3876 0.95889 0.304046 -0.00851441 2.40623 
0.958998 0.30347 -0.00798713 2.40657 0.951216 0.324295 0.000294145 2.38745 0.948466 0.324403 -0.0167409 2.37833 
0.932627 0.31281 -0.103982 2.33941 0.960693 0.248881 -0.0538094 2.40023 0.949166 0.300042 -0.0284171 2.37927 
0.951966 0.302849 -0.0362079 2.38477 0.959699 0.249238 -0.0585818 2.39749 0.959477 0.284437 -0.0139131 2.40182 
0.959403 0.28584 -0.0150874 2.40241 0.95914 0.303148 -0.00805488 2.4072 0.951259 0.304199 -0.0372979 2.38264 
0.950995 0.304237 -0.0370643 2.38196 0.958873 0.303312 -0.00786127 2.4064 0.948831 0.324044 -0.0165525 2.37951 
0.968553 0.288677 -1.76363e-05 2.43363 0.967837 0.291537 -0.00142748 2.43209 0.968798 0.28766 3.23242e-05 2.43418 
0.968681 0.292025 1.21491e-05 2.43518 0.967771 0.291595 -0.00148648 2.4319 0.968538 0.288713 -6.73299e-05 2.43357 
0.962475 0.304205 1.68978e-05 2.41827 0.967629 0.291614 -0.00137518 2.43151 0.968587 0.291986 8.70955e-06 2.43494 
0.963895 0.290094 -0.0051605 2.41875 0.959326 0.303462 -0.00848231 2.40757 0.959451 0.286478 -0.0170629 2.40281 
0.967663 0.291292 -0.00148459 2.43168 0.95912 0.303802 -0.00868797 2.40687 0.963895 0.290406 -0.00542151 2.41867 
0.969457 0.284546 -0.000118804 2.43569 0.966256 0.287386 0.0033619 2.42578 0.968763 0.287585 -0.000234753 2.43413 
0.968439 0.28898 -4.48149e-05 2.43344 0.968717 0.287955 -6.63899e-05 2.43401 0.968214 0.291473 0.00131591 2.4336 
0.968194 0.291249 0.00116423 2.43359 0.968663 0.2877 -0.000242937 2.43379 0.966038 0.287578 0.00335265 2.42517 
0.92188 0.329934 -0.0217791 2.29479 0.912719 0.356273 -0.0203196 2.28312 0.923706 0.301425 -0.0477562 2.29121 
0.962726 0.304652 -3.68993e-05 2.41934 0.967822 0.291446 0.00112342 2.43282 0.961123 0.301039 0.00796385 2.4125 
0.961031 0.283976 0.00993729 2.40934 0.956983 0.290004 0.0351643 2.39646 0.961191 0.299908 0.00723294 2.41291 
0.961363 0.299499 0.00753307 2.41332 0.956705 0.289316 0.035516 2.39597 0.951171 0.321307 0.0206613 2.38634 
0.960995 0.300772 0.00800703 2.41217 0.95149 0.326483 0.000291435 2.38881 0.962842 0.304607 0.000127275 2.41981 
0.950762 0.321625 0.0204634 2.38512 0.951278 0.326541 0.000436491 2.38843 0.961071 0.300243 0.0077099 2.41245 
0.961137 0.30017 0.00791092 2.41292 0.965738 0.286692 0.00222545 2.42485 0.961761 0.284828 0.0112437 2.41048 
0.961049 0.300588 0.00813996 2.41255 0.9679 0.291145 0.00124089 2.43319 0.965917 0.287349 0.00269432 2.42508 
0.936275 0.349783 -0.0115788 2.34815 0.950882 0.323569 0.000117224 2.38686 0.93767 0.348415 9.81494e-06 2.35136 
0.94813 0.324221 -0.0158523 2.37751 0.950999 0.32395 0.000380139 2.38733 0.936178 0.349732 -0.0116796 2.3478 
0.937678 0.348268 7.29405e-05 2.35129 0.927011 0.361468 0.000230945 2.32034 0.936361 0.349795 -0.012012 2.34812 
0.936762 0.350136 -0.0122928 2.34878 0.927517 0.361651 -5.93098e-05 2.32124 0.921966 0.373848 -0.0034715 2.30799 
0.92703 -0.0869143 -0.0512213 2.27899 0.881526 -0.282369 -0.0405227 2.15186 0.945169 0.340872 0.0931513 2.35388 
0.919812 0.247883 0.0351333 2.26894 0.9303 0.30529 0.122229 2.31521 0.909644 0.37787 0.0603185 2.27249 
0.915111 0.367847 0.0602525 2.28589 0.937912 0.305818 0.120224 2.33656 0.87381 -0.30274 -0.0161768 2.13714 
0.921194 0.371076 -0.00225963 2.30387 0.910869 0.387119 0.0270314 2.27602 0.887184 0.416614 -0.00642359 2.21717 
0.948083 0.376568 0.0289457 2.3696 0.866632 -0.588335 -0.0475394 1.94416 0.969545 0.255923 -0.0410711 2.4181 
0.873478 0.405091 0.000586786 2.18524 0.912376 0.394364 0.0221784 2.28509 0.911978 0.364236 0.060532 2.27843 
0.917833 0.294081 -0.0442881 2.27614 0.913878 0.350405 -0.0196247 2.29017 0.869776 0.369665 -0.101091 2.18301 
0.940305 0.340576 0.0637033 2.36114 0.89475 0.421581 0.153024 2.25721 0.92071 0.373732 0.0209522 2.31 
0.91758 0.36261 -0.014898 2.29415 0.927222 0.35968 0.00276972 2.32745 0.917826 0.380741 0.0215159 2.30448 
0.91431 0.37477 0.0197115 2.29722 0.870257 0.374084 -0.0781968 2.1759 0.916469 0.354123 -0.0164773 2.29248 
0.866936 0.404355 0.14357 2.18958 0.876887 0.356887 -0.075138 2.20339 0.916817 0.367667 0.0231692 2.30828 
0.971745 0.0512862 0.00112473 2.44335 0.934016 0.000866122 -0.0279393 2.45774 0.988099 -0.00122892 0.197549 2.47882 
0.991382 0.000619997 0.20519 2.5002 0.959305 0.210994 0.0628021 2.40937 0.96914 0.0632479 0.0151519 2.43201 
0.963967 0.289533 0.000187755 2.41906 0.963944 0.291132 0.00097411 2.4193 0.961802 0.291087 -0.000314698 2.41209 
0.983216 0.284213 -6.78646e-05 2.48281 0.979396 0.286459 -0.000334842 2.4703 0.978981 0.290438 -0.000554357 2.47 
0.98324 0.284255 -6.6051e-05 2.4829 0.981881 0.277828 -0.000815583 2.4765 0.981867 0.277514 -2.36996e-05 2.4764 
0.982195 0.279663 0.00058318 2.47804 0.983232 0.284237 -9.40359e-05 2.48286 0.981879 0.277402 -3.18389e-05 2.47642 
0.979364 0.286491 -0.000369718 2.47021 0.983242 0.28422 -0.00011086 2.48288 0.982201 0.279639 0.000520862 2.47805 
0.974859 0.294826 0.000373242 2.45719 0.983236 0.284214 -5.77431e-05 2.48287 0.978974 0.290425 -0.000538136 2.46998 
0.964033 0.295168 -0.0014638 2.42031 0.971333 0.294409 0.00133249 2.44432 0.963933 0.299557 -0.00105424 2.42087 
0.963941 0.299478 -0.000790727 2.42066 0.975197 0.294506 0.000277541 2.4571 0.963912 0.301307 -0.000195421 2.42102 
0.971193 0.294368 0.0013996 2.44418 0.975183 0.294827 0.00021536 2.45785 0.96373 0.299641 -0.000878943 2.42058 
0.963936 0.295221 0.00143114 2.42031 0.963953 0.299555 0.000953582 2.42111 0.967343 0.295461 -0.000919284 2.43164 
0.964826 0.272579 4.52124e-05 2.41645 0.960577 0.27302 0.00106608 2.40211 0.947327 0.275192 4.65554e-05 2.35775 
0.963565 0.285928 -0.00010648 2.41626 0.96879 0.281728 0.00033029 2.43269 0.970433 0.27636 -0.000113054 2.43675 
0.971534 0.273892 0.000563958 2.43973 0.960448 0.273085 0.001045 2.40169 0.96459 0.27271 3.95605e-05 2.41575 
0.964539 0.272711 5.89557e-05 2.41556 0.970333 0.276376 2.91134e-06 2.4364 0.971395 0.274013 0.000519481 2.43934 
0.971358 0.274028 0.000546398 2.43924 0.970311 0.276392 -1.18591e-05 2.43635 0.968597 0.281823 0.000330105 2.43212 
0.972313 0.273565 0.00125859 2.44243 0.960409 0.273028 0.00111767 2.40155 0.971496 0.273871 0.000602809 2.43961 
0.971145 0.29113 -0.00128801 2.44344 0.97944 0.286444 -0.000373445 2.47046 0.97523 0.284632 0.000116326 2.4555 
0.963855 0.291134 -0.00127303 2.4196 0.963028 0.29189 0.000729426 2.41658 0.963968 0.295348 -0.00136054 2.4205 
0.967451 0.292414 0.00111141 2.43123 0.971319 0.294482 0.00135547 2.44458 0.964044 0.295154 -0.00142407 2.42041 
0.964108 0.295259 -0.00137989 2.42062 0.963045 0.291716 0.000747016 2.41619 0.967498 0.292469 0.00113668 2.43136 
0.974551 0.287434 0.000363308 2.45393 0.971226 0.294417 0.00131027 2.44449 0.96738 0.292455 0.00122961 2.43103 
0.920448 0.247404 0.0457764 2.27144 0.924887 0.295912 0.0346341 2.29118 0.926974 0.226244 0.0482802 2.28814 
0.924798 0.221406 0.0458718 2.28115 0.93218 0.317243 0.138117 2.32377 0.918258 0.252422 0.0438823 2.26603 
0.941021 0.253654 0.0291433 2.32873 0.929885 0.323261 0.128099 2.31737 0.927838 0.228007 0.0367637 2.29044 
0.950845 0.257321 -0.000377675 2.36559 0.942364 0.249686 0.0289886 2.33232 0.941589 0.267857 0.0144018 2.3365 
0.951545 0.267361 0.0111369 2.37419 0.942172 0.25558 0.0289042 2.33225 0.950731 0.257027 -0.000766199 2.36513 
0.948946 0.161193 0.0472632 2.34211 0.942913 0.254017 0.024364 2.33362 0.950022 0.261612 0.000934067 2.36846 
0.950216 0.25831 -0.000179504 2.36873 0.950684 0.283226 -0.0897403 2.35771 0.954659 0.154212 0.0451021 2.35663 
0.949067 0.15433 0.0598724 2.34344 0.934932 0.332808 0.12626 2.32976 0.938926 0.249554 0.0302367 2.32094 
0.951326 0.156441 0.0639643 2.34603 0.956742 0.287222 -0.0685327 2.37634 0.922857 -0.0611641 -0.032177 2.26761 
0.934303 -0.084464 -0.0192722 2.29985 0.926529 0.348496 0.127817 2.30212 0.95139 0.158988 0.0623794 2.34948 
0.92156 0.339049 -0.020471 2.29187 0.907723 0.395706 -0.103171 2.28314 0.92161 0.272864 -0.0456322 2.27768 
0.904481 0.404653 -0.0886368 2.27498 0.933818 0.324929 -0.115738 2.32825 0.926108 0.282144 -0.0307652 2.29065 
0.927944 0.291105 -0.0138645 2.29721 0.924873 0.294063 -0.0137904 2.28856 0.926921 0.300146 -0.0429949 2.29811 
0.925172 0.285206 -0.0346451 2.28848 0.931472 0.326383 -0.115902 2.32132 0.936005 0.254039 -0.0467631 2.31654 
0.928062 0.299916 -0.0414764 2.30123 0.934853 0.282711 -0.0247156 2.3171 0.92849 0.29235 -0.0123638 2.29892 
0.936144 0.252637 -0.0458799 2.31699 0.935312 0.284507 -0.0241904 2.31866 0.927019 0.293636 -0.0410608 2.29632 
0.960658 0.275383 -6.84936e-05 2.40527 0.951218 0.259908 -0.00301903 2.36701 0.963482 0.272308 0.00157222 2.41253 
0.96052 0.273475 -0.000744298 2.4048 0.953005 0.273102 0.000209445 2.37558 0.948522 0.260034 0.00736108 2.36508 
0.949245 0.269198 0.00867227 2.36822 0.951914 0.259089 -0.00378003 2.36872 0.960636 0.274821 -0.000373087 2.40532 
0.923945 0.304258 0.000280499 2.28837 0.924948 0.30063 -0.0145375 2.29088 0.926359 0.289024 0.000688079 2.29129 
0.926324 0.290884 0.00187147 2.29161 0.924384 0.299559 -0.0151562 2.28878 0.927496 0.290083 -0.0132775 2.29567 
0.969978 0.273543 -0.00157168 2.4348 0.981953 0.277921 -0.000772331 2.47673 0.97805 0.275955 -0.00140413 2.46275 
0.978071 0.275935 -0.00142693 2.46282 0.968781 0.273422 -0.00163565 2.4304 0.969999 0.273464 -0.00160304 2.4349 
0.945533 0.246105 -0.00934879 2.34573 0.953656 0.271801 0.00046049 2.37752 0.95697 0.268597 0.00141284 2.38901 
0.956814 0.268755 0.00110121 2.38857 0.96019 0.273005 0.000132763 2.40333 0.970213 0.273594 -0.00161955 2.43569 
0.953572 0.272189 0.000334593 2.37721 0.959913 0.272988 -9.69304e-05 2.40286 0.9569 0.268614 0.00151842 2.38871 
0.938554 0.335838 0.0539301 2.35716 0.954387 0.279575 0.0253195 2.39194 0.951819 0.260022 0.0916578 2.38436 
0.951686 0.266212 0.0865769 2.38497 0.955709 0.281989 0.0220706 2.39727 0.973707 0.211116 0.0555146 2.43738 
0.954066 0.254488 0.088607 2.38773 0.893934 0.414128 0.161059 2.25165 0.941446 0.336634 0.0641935 2.36365 
0.962594 0.211117 0.0679917 2.41327 1.01051 -0.090822 0.225976 2.53192 0.958721 0.265412 0.075164 2.40844 
0.9734 0.242793 0.0733642 2.43283 1.04624 -0.215272 0.313073 2.57149 0.929483 0.424251 0.136114 2.35394 
0.962195 0.262595 0.013981 2.40878 0.963313 0.271917 0.0023244 2.41326 0.963983 0.237044 -0.000180993 2.4087 
0.959787 0.261747 0.0104248 2.40607 0.963816 0.235792 -0.0015352 2.41189 0.967464 0.216508 0.0465433 2.41763 
0.961898 0.2826 0.0105603 2.41149 0.964079 0.279751 0.0030836 2.41736 0.961484 0.265793 0.0157472 2.40511 
0.964223 0.279664 0.00284665 2.41817 0.964032 0.272555 0.00254563 2.41457 0.961935 0.26454 0.0156335 2.40661 
0.96115 0.26599 0.012825 2.40605 0.956551 0.28701 0.0345241 2.39512 0.960935 0.281891 0.00914493 2.41007 
0.970363 0.214506 0.0497551 2.42406 0.957282 0.283839 0.0299258 2.39766 0.95916 0.264458 0.0112097 2.40271 
0.966823 0.282195 -0.00182776 2.42602 0.970417 0.280475 0.000146357 2.43768 0.969515 0.28438 9.26365e-05 2.43578 
0.966826 0.282071 -0.00174036 2.42612 0.964572 0.277795 -0.00299969 2.41719 0.97035 0.280457 0.000165381 2.43752 
0.969521 0.2845 -8.16091e-06 2.43577 0.968806 0.287546 0.00013807 2.43424 0.967213 0.287273 -0.00198109 2.42867 
0.967115 0.287298 -0.00201583 2.42834 0.968769 0.287532 0.000128496 2.43409 0.967836 0.291455 -0.00133064 2.4321 
0.967724 0.291449 -0.00126181 2.43182 0.963954 0.29045 -0.0055362 2.41879 0.967133 0.287224 -0.00191489 2.42837 
0.968366 0.289 4.02716e-05 2.43321 0.968071 0.291518 0.00139533 2.43321 0.968659 0.292176 -2.72785e-05 2.43543 
0.968428 0.292042 -6.79731e-05 2.43501 0.967962 0.291533 0.00114451 2.43305 0.96268 0.304758 -2.06633e-05 2.41921 
0.938806 0.345828 0.0143765 2.3559 0.949747 0.322083 0.0208447 2.38365 0.940463 0.337043 0.05294 2.36095 
0.9409 0.338947 0.0597365 2.3628 0.92014 0.381475 0.0232503 2.30959 0.938672 0.345383 0.0138689 2.35606 
0.939123 0.344928 0.0147675 2.35688 0.918987 0.381809 0.0238499 2.30599 0.928943 0.361385 0.00470569 2.33002 
0.939248 0.346368 0.0149993 2.35697 0.929026 0.362406 0.00506961 2.32976 0.937116 0.350323 -1.45183e-05 2.3515 
0.937107 0.350526 -0.000124011 2.35066 0.951176 0.326457 6.58844e-05 2.3889 0.939557 0.34636 0.0145643 2.35771 
0.939322 0.346253 0.0148138 2.35683 0.951068 0.32644 0.000238715 2.38846 0.950402 0.321686 0.0203989 2.38444 
0.93621 0.349965 -0.000511985 2.34957 0.928755 0.362574 0.00455227 2.32935 0.927062 0.358013 -0.000859856 2.32005 
0.92799 0.355451 -0.0034483 2.32116 0.927574 0.361113 0.00326922 2.32685 0.918967 0.365938 -0.0143131 2.29546 
0.924652 0.351494 -0.00205256 2.31133 0.920173 0.335675 -0.016809 2.29026 0.923986 0.340883 -0.000625187 2.30292 
0.918645 0.365206 -0.0174105 2.29603 0.921951 0.337846 -0.0186597 2.2964 0.927 0.353847 -0.00436075 2.31905 
0.924247 0.339983 -0.000786434 2.30338 0.922793 0.334464 -0.0167429 2.29788 0.923558 0.32428 -0.0118954 2.29452 
0.923483 0.324605 -0.0133998 2.29461 0.924211 0.300453 -0.0139055 2.28871 0.923694 0.303946 0.000801237 2.28755 
0.947866 0.322138 -0.0147995 2.37671 0.935593 0.348682 -0.0113487 2.34591 0.939301 0.333442 -0.0337103 2.35483 
0.93127 0.31456 -0.105091 2.33413 0.949036 0.298782 -0.0301184 2.37746 0.939111 0.327115 -0.0326559 2.35452 
0.939077 0.331538 -0.035326 2.35445 0.950595 0.302761 -0.0327855 2.38111 0.948011 0.322483 -0.0139983 2.37812 
0.938091 0.0851741 0.0414256 2.2952 0.916701 0.365167 0.0675525 2.29025 0.872913 -0.300296 -0.00778365 2.13528 
0.924579 0.285077 -9.94191e-05 2.28454 0.9254 0.286507 0.0111223 2.28772 0.921677 0.303904 -0.00023576 2.28103 
0.932503 0.277939 -0.000209074 2.30872 0.925383 0.286804 0.0110327 2.28769 0.924525 0.285206 -7.47495e-05 2.28442 
0.924989 0.297975 0.0329998 2.29113 0.925159 0.286424 0.0104424 2.28676 0.931566 0.278651 0.0238771 2.30624 
0.930675 0.279684 0.0236973 2.30325 0.927135 0.227811 0.04826 2.28922 0.924579 0.295934 0.0333232 2.28988 
0.942379 0.269216 0.0132946 2.33893 0.942612 0.248686 0.0286948 2.33326 0.93395 0.2881 0.0221022 2.31277 
0.942073 0.249463 0.0269555 2.33174 0.927095 0.233519 0.04205 2.28987 0.934747 0.288605 0.0191185 2.31455 
0.921242 0.328462 0.000423519 2.28841 0.919387 0.333515 0.0206288 2.28512 0.922087 0.351897 0.000530995 2.30002 
0.921543 0.303215 -0.000598136 2.28049 0.92512 0.285887 0.0107296 2.28676 0.921665 0.307893 0.0167077 2.28274 
0.921591 0.306975 0.0168309 2.28235 0.925213 0.286209 0.0106321 2.28704 0.925211 0.299519 0.0314233 2.29191 
0.921607 0.307963 0.0165562 2.28254 0.920593 0.327789 0.000253292 2.2864 0.92137 0.302853 -7.52695e-05 2.27982 
0.920187 0.331689 0.0227706 2.2873 0.921221 0.327747 0.000672001 2.28828 0.921531 0.30757 0.0163287 2.28223 
0.922101 0.352425 0.000908501 2.30019 0.920291 0.3347 0.0216083 2.28812 0.919867 0.36126 0.0136381 2.29644 
0.920396 0.361475 0.0130745 2.29795 0.912389 0.38998 0.0292617 2.2818 0.921224 0.372351 -0.00132254 2.3048 
0.919756 0.361691 0.0129556 2.2962 0.926828 0.360698 0.000516061 2.31897 0.922257 0.352799 6.04259e-05 2.30065 
0.921963 0.373535 -0.00192103 2.30777 0.927201 0.361302 0.000936547 2.32019 0.920224 0.36194 0.0131857 2.29757 
0.917593 0.240939 0.0431184 2.26143 0.910103 0.376032 0.066336 2.27308 0.912079 0.245102 0.0451223 2.24455 
0.913535 0.237961 0.063389 2.24692 0.934189 0.151878 0.0406028 2.30383 0.901618 0.358504 0.082603 2.24561 
0.910903 0.370063 0.0650116 2.27353 0.933404 0.148217 0.0288034 2.29908 0.922966 0.232726 0.0478629 2.27491 
0.794244 -0.559967 0.0202534 1.91417 0.918005 0.386804 0.0308345 2.32615 0.938217 0.338189 0.0726139 2.34817 
0.900941 -0.645602 0.0685326 2.11745 1.08991 0.370455 0.134591 2.82798 0.854587 -0.526784 0.0586878 2.10207 
0.964059 0.289404 0.000184465 2.41897 0.961828 0.290955 -0.000309351 2.41184 0.960351 0.29049 8.30634e-05 2.40666 
0.971276 0.291076 -0.00127796 2.44385 0.975267 0.284607 0.000129251 2.45562 0.968399 0.287215 -0.000335597 2.43295 
0.976193 0.275194 0.0010277 2.45634 0.982206 0.279726 0.000534279 2.4781 0.981863 0.277425 -0.000108464 2.47638 
0.97236 0.295312 -0.00101234 2.4481 0.963968 0.299544 0.000848777 2.42117 0.963915 0.301257 0.000134602 2.42098 
0.963645 0.301497 2.19137e-05 2.42078 0.975136 0.294701 0.000427053 2.4576 0.972305 0.295576 -0.00107959 2.44851 
0.972184 0.295614 -0.00103849 2.44828 0.974982 0.29475 0.00036997 2.45747 0.979021 0.290395 -0.000545977 2.47006 
0.972389 0.295568 -0.000963161 2.44865 0.967326 0.295489 -0.000963967 2.43165 0.963878 0.299637 0.000912305 2.42112 
0.97125 0.291032 -0.0012058 2.44371 0.96731 0.2955 -0.000953266 2.43162 0.972332 0.295597 -0.00102694 2.4487 
0.972267 0.295616 -0.00100953 2.44855 0.979433 0.286373 -0.00030772 2.47043 0.971179 0.29105 -0.00125006 2.44352 
0.979013 0.290427 -0.000545297 2.47009 0.979393 0.286453 -0.000297884 2.4703 0.972167 0.295674 -0.00100675 2.44826 
0.980491 0.286603 0.000140944 2.47406 0.971002 0.294477 0.00136592 2.44387 0.974497 0.287442 0.000349914 2.45378 
0.980467 0.286534 0.000182217 2.47392 0.975 0.294807 0.00029225 2.45757 0.970941 0.294454 0.00138808 2.44364 
0.983225 0.28426 -9.16423e-05 2.48285 0.97485 0.294859 0.000337639 2.45717 0.980419 0.286536 0.0001724 2.47382 
0.981881 0.277836 -0.000786329 2.47649 0.983268 0.284259 -6.80616e-05 2.48297 0.980384 0.286582 0.00018978 2.47374 
0.96439 0.292439 -0.000936647 2.42114 0.963945 0.291155 0.0011203 2.41949 0.963922 0.295278 0.00141308 2.42031 
0.963968 0.295216 0.00140476 2.42031 0.967386 0.295513 -0.000952203 2.43183 0.96436 0.292275 -0.000944488 2.42078 
0.964425 0.292399 -0.0010197 2.42098 0.961822 0.290981 -0.00029764 2.41187 0.964035 0.291072 0.00105167 2.41944 
0.964359 0.292306 -0.000962056 2.42071 0.967378 0.295497 -0.000955862 2.43183 0.971313 0.291034 -0.00122537 2.44395 
0.971344 0.291071 -0.00129124 2.44406 0.96844 0.287276 -0.00023177 2.43309 0.964353 0.292362 -0.000998166 2.42071 
0.935633 0.275924 0.00658391 2.31876 0.925289 0.286707 0.0110413 2.28733 0.932509 0.278239 -0.000373221 2.30878 
0.932583 0.278315 -0.00018701 2.30901 0.947395 0.275125 -8.34664e-05 2.35804 0.935851 0.275904 0.00661663 2.31939 
0.935554 0.276232 0.00663692 2.31867 0.932166 0.278455 0.0230069 2.30765 0.925062 0.286624 0.0108417 2.28657 
0.935811 0.275378 0.00684346 2.31919 0.944385 0.272596 0.00634304 2.34719 0.941945 0.26923 0.0129389 2.33753 
0.942227 0.26911 0.0134943 2.33832 0.933245 0.281432 0.0210943 2.31061 0.935416 0.27559 0.00719686 2.31805 
0.955594 0.271193 0.00312625 2.38479 0.960416 0.272968 0.00105782 2.40161 0.972565 0.273356 0.00127715 2.44316 
0.963351 0.272087 0.0016594 2.41211 0.951056 0.258357 -0.00249372 2.36665 0.955604 0.271116 0.00298394 2.38479 
0.941837 0.268638 0.0130291 2.33725 0.94442 0.272527 0.00630395 2.34726 0.955742 0.271397 0.00341138 2.3852 
0.955486 0.270853 0.00337904 2.38432 0.950693 0.257317 -0.00101767 2.36545 0.941803 0.267455 0.0131832 2.33705 
0.979237 0.278691 0.000876012 2.46755 0.976235 0.275516 0.000854861 2.45653 0.972236 0.273412 0.00130283 2.44213 
0.982193 0.279744 0.000512506 2.47806 0.976193 0.275324 0.00101505 2.45635 0.979241 0.278616 0.000896173 2.46754 
0.979346 0.286495 -0.000357828 2.47016 0.982204 0.27972 0.000499249 2.47809 0.979198 0.278641 0.00085091 2.46742 
0.979218 0.27862 0.000850126 2.46749 0.975196 0.284636 7.29674e-05 2.45539 0.979414 0.286454 -0.000367986 2.47037 
0.974504 0.27902 0.00077628 2.45141 0.971347 0.273953 0.000522878 2.43919 0.968625 0.281793 0.000273529 2.43219 
0.968768 0.28171 0.000272271 2.43263 0.96825 0.287323 -0.000290514 2.43253 0.97456 0.279 0.000782426 2.4516 
0.974545 0.278963 0.000741348 2.45153 0.968244 0.287303 -0.00034104 2.43251 0.975247 0.284627 0.000108463 2.45555 
0.975167 0.28465 9.37419e-05 2.45531 0.979224 0.278671 0.000824658 2.46752 0.974492 0.278988 0.000763805 2.45135 
0.972252 0.273592 0.00123741 2.44222 0.971307 0.273983 0.00055084 2.43906 0.974469 0.279024 0.00079267 2.45128 
0.974509 0.278986 0.000767671 2.45139 0.979173 0.278702 0.000817772 2.46737 0.972236 0.273454 0.00131634 2.44213 
0.960316 0.291063 -0.000232364 2.40771 0.963971 0.291277 -0.00106366 2.42035 0.96375 0.289679 -0.000149919 2.41908 
0.963157 0.291796 0.000802822 2.41654 0.964162 0.290993 -0.00104877 2.42016 0.960448 0.290686 -9.63732e-05 2.40723 
0.974581 0.287463 0.000363196 2.45407 0.967453 0.292472 0.00127726 2.43125 0.966997 0.287703 0.000207088 2.42832 
0.967059 0.287771 0.000153276 2.42854 0.967572 0.292464 0.00122899 2.4316 0.96311 0.291773 0.000752339 2.41633 
0.970023 0.2736 -0.00177367 2.435 0.960307 0.273111 0.00021075 2.40347 0.975359 0.274909 -0.000586326 2.45356 
0.981921 0.277497 -7.8655e-05 2.47657 0.981927 0.277801 -0.000924719 2.47663 0.97522 0.274988 -0.000489537 2.45314 
0.975205 0.274934 -0.000490391 2.45309 0.982036 0.277852 -0.000822028 2.47698 0.970056 0.27351 -0.00161232 2.43505 
0.975276 0.27521 -0.000570118 2.45336 0.976248 0.275254 0.00118158 2.45653 0.98192 0.277444 -6.02448e-05 2.47656 
0.933758 0.28219 0.000274202 2.31373 0.926596 0.29146 0.000381218 2.29245 0.932251 0.28442 -0.008587 2.30901 
0.931794 0.284224 -0.00833616 2.30761 0.926002 0.291139 0.00103634 2.29061 0.927792 0.290104 -0.013868 2.29652 
0.932052 0.284954 -0.00789776 2.30845 0.939748 0.28164 -0.00338768 2.33329 0.933775 0.282664 0.000708606 2.31378 
0.927614 0.29279 -0.0132305 2.29648 0.934757 0.283849 -0.0263178 2.31715 0.93171 0.285359 -0.00806984 2.3075 
0.944794 0.242851 -0.00856073 2.34375 0.95696 0.268608 0.00140236 2.38907 0.955304 0.271901 -0.00587467 2.38363 
0.970034 0.273434 -0.00163288 2.43508 0.968984 0.273307 -0.00171948 2.43104 0.955156 0.271552 -0.00558745 2.38318 
0.955308 0.27164 -0.00573119 2.38366 0.956904 0.268546 0.00106174 2.38891 0.970134 0.273296 -0.00163423 2.43536 
0.934097 0.282968 0.000353865 2.31483 0.939589 0.281186 -0.00300109 2.33278 0.948486 0.276809 -9.39925e-05 2.36202 
0.964276 0.283175 -0.00534173 2.41754 0.966731 0.282231 -0.00175371 2.42587 0.96949 0.284271 -7.68192e-05 2.43577 
0.969462 0.284502 -2.90547e-05 2.43569 0.967248 0.287112 -0.00185704 2.42874 0.964229 0.283474 -0.00527281 2.41742 
0.964176 0.283501 -0.00501041 2.41738 0.967219 0.287052 -0.00183138 2.42859 0.964001 0.290276 -0.00550509 2.41889 
0.963918 0.283043 -0.00425369 2.4168 0.963891 0.290121 -0.00521704 2.41878 0.959384 0.286581 -0.0171209 2.40292 
0.959478 0.285788 -0.0167599 2.40307 0.960637 0.270846 -0.0126388 2.40427 0.963964 0.28232 -0.00377272 2.41722 
0.961412 0.27009 -0.0135018 2.40543 0.96437 0.277656 -0.00227875 2.417 0.964177 0.282495 -0.00402446 2.41761 
0.964571 0.277877 -0.0028399 2.41727 0.966688 0.282075 -0.00156859 2.42598 0.964345 0.282798 -0.00505224 2.41786 
0.923448 0.320859 -0.00025416 2.29323 0.923893 0.325097 -0.0129181 2.29585 0.923609 0.302905 0.000263112 2.28705 
0.923564 0.339718 -0.000320179 2.30126 0.923228 0.324687 -0.0119521 2.29366 0.92353 0.321095 -5.25589e-05 2.29356 
0.922954 0.317708 -0.0209544 2.29122 0.926402 0.300009 -0.0484917 2.29671 0.923629 0.293885 -0.0169717 2.2848 
0.924225 0.298831 -0.0141071 2.28821 0.923613 0.322834 -0.0135103 2.29463 0.924181 0.319016 -0.0204265 2.29508 
0.926953 0.37133 -0.0356622 2.32608 0.936931 0.350892 -0.0120608 2.34866 0.922608 0.374118 -0.00306408 2.30957 
0.925698 0.371678 -0.0367242 2.32307 0.938079 0.331727 -0.0317171 2.35095 0.93722 0.350531 -0.0140081 2.35 
0.921837 0.370807 -0.00264416 2.30551 0.889697 0.416513 -0.0160193 2.22228 0.927582 0.369636 -0.0342006 2.3245 
0.928596 0.370016 -0.0327907 2.32542 0.892533 0.408934 -0.0202687 2.22555 0.923103 0.2942 -0.0811179 2.29788 
0.93081 0.313027 -0.10261 2.33157 0.939845 0.325943 -0.0298891 2.35503 0.926776 0.372208 -0.0342536 2.32471 
0.912746 0.390827 0.0273324 2.28343 0.920907 0.361956 0.0130422 2.29966 0.918335 0.36857 0.0336985 2.29152 
0.917654 0.368986 0.03539 2.28931 0.920457 0.361327 0.0144005 2.29824 0.920574 0.331288 0.0223904 2.28828 
0.918315 0.320563 0.0302083 2.27999 0.916892 0.293533 0.0527828 2.26832 0.915262 0.360378 0.0437669 2.28038 
0.905961 0.369511 0.0656195 2.26038 0.912382 0.395679 0.0260378 2.28478 0.919288 0.367155 0.0344065 2.29409 
0.915138 0.357857 0.0473668 2.27986 0.915436 0.279076 0.0516697 2.26078 0.904685 0.366092 0.0790852 2.25534 
0.918278 0.325066 0.024006 2.2805 0.921816 0.307662 0.0163802 2.28309 0.922374 0.336222 0.0363253 2.29214 
0.923074 0.332464 0.0355651 2.29344 0.917318 0.29132 0.0430192 2.26925 0.920234 0.319421 0.0228234 2.28528 
0.918967 0.244587 0.0447924 2.26656 0.917892 0.276436 0.0497538 2.26846 0.923565 0.329692 0.0349278 2.29494 
0.921295 0.332398 0.0364494 2.2888 0.925621 0.298673 0.0322494 2.29311 0.919377 0.246289 0.0468175 2.26812 
0.922649 0.335379 0.0368695 2.29305 0.921518 0.306842 0.0171303 2.28229 0.925576 0.299918 0.0321083 2.29301 
0.916585 0.275356 -0.0540928 2.26987 0.838577 0.346018 -0.105474 2.13181 0.968662 0.181991 -0.0510463 2.41027 
0.962054 0.289578 -0.000377731 2.41218 0.968876 0.281698 0.000355572 2.43298 0.963793 0.285783 -8.53559e-05 2.41692 
0.962027 0.289576 -0.000433194 2.41209 0.968451 0.287238 -0.000254715 2.43313 0.968855 0.281698 0.000281934 2.43291 
0.963938 0.285821 -5.31554e-05 2.41737 0.960407 0.290523 -4.13516e-07 2.40683 0.96226 0.289468 -0.000354988 2.41276 
0.96229 0.289483 -0.000368823 2.41284 0.960438 0.290492 2.47717e-06 2.40691 0.961948 0.290951 -0.000313436 2.41213 
0.961916 0.290956 -0.000276567 2.41204 0.964538 0.292338 -0.000983818 2.42126 0.962251 0.289504 -0.000366332 2.41272 
0.962209 0.289444 -0.000418263 2.41259 0.964496 0.292305 -0.00101257 2.42113 0.968511 0.287223 -0.000212741 2.43331 
0.980031 0.281103 -0.000761189 2.47098 0.977965 0.275983 -0.00134536 2.4625 0.9819 0.277937 -0.000751858 2.47657 
0.981887 0.277913 -0.000794214 2.47652 0.98038 0.286595 0.000197074 2.47373 0.98005 0.281073 -0.000775611 2.47103 
0.980061 0.281058 -0.000754372 2.47106 0.980479 0.286583 0.000177452 2.47403 0.974423 0.28749 0.00040648 2.45358 
0.947545 0.274413 0.00297146 2.3583 0.947343 0.275161 -4.85529e-05 2.35784 0.960624 0.272929 0.00109323 2.40226 
0.947525 0.274415 0.00300455 2.35826 0.935713 0.275765 0.00673734 2.31895 0.947382 0.275153 -0.000133604 2.35799 
0.944348 0.272569 0.00623528 2.34707 0.935675 0.275426 0.00671107 2.31877 0.947484 0.274436 0.00302237 2.35814 
0.960535 0.272889 0.00114417 2.40196 0.955709 0.271134 0.00328529 2.38517 0.947517 0.274512 0.00296378 2.35821 
0.947536 0.274521 0.00292879 2.35827 0.955681 0.271132 0.00323214 2.38505 0.944386 0.272503 0.00626093 2.34717 
0.967746 0.272296 0.00142367 2.42663 0.955575 0.271188 0.00321132 2.3847 0.972556 0.27338 0.00135258 2.44313 
0.963238 0.272227 0.00181896 2.41178 0.955616 0.271157 0.00308206 2.38483 0.967748 0.272324 0.00144282 2.42664 
0.972267 0.273414 0.00146733 2.44224 0.976265 0.275566 0.000907349 2.45666 0.967723 0.272304 0.00144282 2.42653 
0.967708 0.272352 0.00149205 2.42651 0.976369 0.275562 0.00103458 2.45698 0.963242 0.272442 0.00162014 2.41179 
0.961993 0.289916 0.000291775 2.41192 0.96062 0.290749 8.1027e-06 2.40758 0.964291 0.286332 4.93016e-05 2.41865 
0.964156 0.28625 0.000113429 2.41824 0.967109 0.287773 0.000142185 2.42868 0.961952 0.289932 0.000299655 2.41181 
0.963237 0.291767 0.00077331 2.41671 0.960605 0.29073 4.41727e-06 2.40756 0.961975 0.289907 0.00025851 2.41191 
0.961974 0.289893 0.000270601 2.41185 0.967119 0.287789 0.00013315 2.42871 0.963186 0.291752 0.000766724 2.41654 
0.969493 0.270788 6.08996e-05 2.43256 0.960569 0.275457 -0.00040913 2.40487 0.963495 0.272427 0.00129553 2.41252 
0.969407 0.270582 0.000109315 2.43225 0.975374 0.275052 -0.000609322 2.45366 0.960426 0.274349 0.000103183 2.40408 
0.963308 0.272598 0.00162483 2.41199 0.976419 0.275478 0.00109081 2.45712 0.969377 0.270869 0.000118562 2.43223 
0.97628 0.275255 0.00133816 2.45664 0.975314 0.275251 -0.000597278 2.45351 0.969296 0.270781 0.000185079 2.43195 
0.94183 0.277433 -0.00972312 2.33901 0.932138 0.286126 -0.00722301 2.30861 0.934352 0.284817 -0.0249161 2.31599 
0.939793 0.282378 -0.00327778 2.33349 0.932387 0.285931 -0.00752767 2.30945 0.9417 0.276609 -0.0093036 2.33869 
0.941536 0.277745 -0.00961088 2.33804 0.934418 0.286084 -0.024084 2.31618 0.944764 0.239695 -0.00992823 2.34401 
0.944372 0.240369 -0.00977133 2.34271 0.955135 0.27144 -0.00604505 2.38329 0.941395 0.277578 -0.0105389 2.33762 
0.965348 0.273249 -4.94936e-05 2.41848 0.947869 0.275746 -0.000154674 2.35994 0.961704 0.274108 -0.00115672 2.4063 
0.923727 0.356572 -0.0269587 2.30391 0.924548 0.318766 -0.0198577 2.29594 0.924002 0.322879 -0.012937 2.29586 
0.925241 0.356486 -0.025603 2.30817 0.923903 0.323343 -0.0120553 2.29533 0.92187 0.333375 -0.0164015 2.29531 
0.92432 0.335498 -0.0227695 2.29984 0.925756 0.288128 -0.044901 2.29236 0.923249 0.353243 -0.0291653 2.30246 
0.924033 0.294241 -0.0456032 2.28834 0.923161 0.316068 -0.0202722 2.29149 0.92338 0.353576 -0.0289753 2.3028 
0.924046 0.286359 -0.0423411 2.29208 0.921571 0.334216 -0.0117417 2.29159 0.928092 0.354842 -0.0170957 2.31601 
0.925034 0.349207 -0.0214194 2.30564 0.924353 0.328818 -0.015077 2.30183 0.924846 0.299222 -0.038667 2.29505 
0.917633 0.0154554 0.0331794 2.22787 0.910813 0.0401664 -0.0108439 2.20066 0.874724 -0.33347 -0.0572111 2.13172 
0.886655 -0.403716 -0.0289403 2.31869 0.941339 0.120816 -0.00971596 2.35045 0.866142 0.309588 -0.120062 2.26245 
0.977951 0.276014 -0.00135854 2.46247 0.980023 0.281119 -0.000743493 2.47097 0.975797 0.279048 -0.000979666 2.45578 
0.968812 0.273458 -0.00164233 2.43046 0.977956 0.276004 -0.00137474 2.46248 0.975858 0.279015 -0.000988378 2.45595 
0.97449 0.287489 0.000377298 2.45381 0.966749 0.287831 0.000268524 2.4276 0.975875 0.278942 -0.000933086 2.45607 
0.975788 0.279045 -0.000972356 2.45578 0.980067 0.281098 -0.000743873 2.47109 0.974361 0.287556 0.000374423 2.45341 
0.95145 0.274036 -0.00342871 2.37168 0.948068 0.275868 -0.000712893 2.36067 0.939938 0.280904 -0.00334939 2.33373 
0.951314 0.274125 -0.00319563 2.37124 0.961758 0.273992 -0.00117543 2.40646 0.948071 0.27588 -0.000311552 2.36063 
0.939598 0.282245 -0.00403203 2.33294 0.941599 0.276625 -0.0101104 2.33834 0.951645 0.274234 -0.00332312 2.37231 
0.951277 0.273635 -0.00347518 2.37113 0.941706 0.276718 -0.0101923 2.33851 0.955163 0.27131 -0.00604566 2.38331 
0.951282 0.273719 -0.00306374 2.37105 0.955105 0.271389 -0.00565299 2.38306 0.969169 0.273324 -0.00169682 2.4316 
0.969024 0.273675 -0.00166295 2.43122 0.961658 0.274004 -0.00117456 2.40614 0.951234 0.274036 -0.00314431 2.37095 
0.936626 0.351135 0.107349 2.35082 0.928329 0.114269 0.0207475 2.27984 0.921674 -0.188354 0.0173223 2.25713 
0.928709 -0.197577 0.0237588 2.28182 0.855385 -0.609765 0.057875 2.10821 0.998827 0.305722 0.127154 2.53049 
0.896507 -0.325031 -0.103686 2.20217 0.895455 0.372744 -0.0545875 2.23716 0.923244 0.0798242 0.0272714 2.25648 
0.901609 0.034197 0.086597 2.18482 0.920992 0.0137429 0.0198216 2.24059 0.876418 -0.329169 -0.0952143 2.13534 
0.937017 0.134063 0.0272995 2.31467 0.894965 0.356599 -0.0652514 2.23577 0.933125 0.328993 -0.0173144 2.3226 
0.932409 0.166913 0.0586869 2.31462 0.92866 0.337254 -0.0167061 2.31329 0.924514 0.260777 -0.0401268 2.29046 
0.920692 0.266352 -0.0534447 2.28163 0.970157 0.194997 -0.0249857 2.42215 0.927201 0.189717 0.0226635 2.30591 
1.06502 0.448074 -0.0404752 2.72509 1.02913 -0.354635 0.0905069 2.41742 0.687288 -1.07973 -0.281618 1.86209 
0.41753 -1.01682 -0.275395 1.17374 0.948556 0.301952 -0.11519 2.43357 0.998903 0.340398 0.0392846 2.60408 
0.638597 -1.101 -0.150606 1.77593 0.907787 -0.419138 -0.0779944 2.442 1.08669 0.206707 -0.239083 2.94625 
0.971535 0.274351 -0.000727096 2.43991 0.961626 0.274026 -0.00110289 2.40601 0.968901 0.273732 -0.00157042 2.43083 
0.968833 0.273718 -0.00157313 2.43057 0.975805 0.279093 -0.00097616 2.45581 0.971384 0.274426 -0.000711696 2.43945 
0.971458 0.274486 -0.000683836 2.4397 0.970775 0.277031 -3.32981e-07 2.43811 0.96516 0.273453 -2.82792e-05 2.41791 
0.965197 0.273409 4.50166e-05 2.41804 0.961617 0.274172 -0.00108276 2.40601 0.971508 0.274373 -0.000677046 2.43983 
0.970475 0.280312 -0.000469473 2.43806 0.975872 0.279077 -0.0009316 2.45608 0.966676 0.28796 0.000211106 2.42739 
0.97041 0.280347 -0.000437773 2.43785 0.971391 0.274414 -0.000693619 2.43948 0.9758 0.279083 -0.000918681 2.45582 
0.970746 0.27706 2.92211e-05 2.43804 0.971406 0.274502 -0.000697191 2.43955 0.970407 0.280355 -0.000468474 2.43785 
0.963871 0.286459 0.000191311 2.41743 0.970864 0.277082 0.000129524 2.43844 0.970545 0.28033 -0.000446169 2.43828 
0.970566 0.280253 -0.000496951 2.43834 0.966975 0.287838 0.000119838 2.42829 0.96403 0.286301 0.000185867 2.41787 
