275 189 8
58 78 73
-4 7 90
28 85 166
19 -4 6
173 6 -4
5 9 4
2 -4 15
9 0 13
6 8 16
30 14 11
12 202 10
111 11 187
14 8 186
17 13 10
7 18 32
9 17 19
16 14 33
15 -4 19
18 4 16
303 22 272
29 22 -2
21 20 24
27 -2 24
22 302 23
26 96 97
289 25 100
98 23 99
-2 3 94
95 21 -2
33 10 31
201 268 30
15 33 91
32 17 30
92 36 190
101 36 102
35 34 104
178 115 453
116 43 40
117 40 120
39 38 127
130 48 103
105 93 129
38 131 44
49 128 43
134 46 138
45 135 140
54 139 238
41 49 50
44 133 48
48 51 141
50 53 137
53 132 -3
51 52 55
-3 47 55
136 53 54
79 -4 149
144 71 254
-4 1 60
60 66 -4
75 59 58
361 69 63
63 74 64
67 62 61
76 163 62
70 -4 67
59 67 -4
66 63 65
69 243 161
61 68 70
159 65 69
57 -2 72
107 253 71
1 249 75
62 75 76
74 60 73
77 64 74
162 76 368
80 1 -4
-4 56 80
363 78 79
-3 156 83
83 258 -3
154 82 81
89 87 -4
87 3 -2
-4 87 -2
86 84 85
-4 90 89
167 84 88
88 2 91
32 168 90
93 34 278
42 92 124
95 28 169
29 94 273
25 177 175
98 25 -2
27 97 -2
100 27 300
26 99 298
188 35 397
35 191 310
105 41 142
192 36 105
42 103 104
107 -2 108
72 106 375
-2 109 106
108 286 198
114 441 214
112 12 113
215 205 111
184 114 111
174 110 113
37 326 455
38 119 -3
119 39 -4
-3 119 -4
118 116 117
39 123 -4
123 126 124
-4 123 171
122 120 121
93 125 121
124 279 172
121 127 129
126 40 128
44 130 127
130 42 126
41 129 128
133 43 -3
52 133 -3
132 49 131
227 45 218
46 225 222
137 55 239
241 51 136
45 139 -3
138 47 -3
237 46 223
50 242 142
196 103 141
146 148 -4
57 146 -2
146 -4 -2
143 145 144
149 -4 148
143 255 147
56 147 252
152 155 -4
-4 160 152
153 150 151
158 152 244
266 83 157
150 158 246
81 245 157
158 154 156
153 157 155
70 161 -4
151 -4 161
159 68 160
164 77 315
362 64 164
162 165 163
164 766 379
3 167 169
89 168 166
167 91 269
267 94 166
277 -4 172
122 172 -4
171 125 170
274 5 -4
819 114 399
96 176 -2
175 283 -2
294 96 291
37 419 180
203 180 304
179 323 178
408 182 319
181 306 183
417 318 182
185 113 187
188 398 184
187 13 189
12 186 184
101 185 190
0 190 186
34 188 189
194 102 192
104 196 191
434 194 195
193 309 191
196 356 193
142 195 192
374 198 199
197 109 281
197 200 251
199 282 314
271 31 202
11 206 201
204 179 270
203 206 322
112 320 206
204 202 205
443 311 208
211 207 331
211 664 212
442 211 213
208 209 210
213 209 329
210 212 214
215 110 213
112 214 321
341 512 490
339 450 891
219 134 -3
261 218 -3
704 224 221
222 228 220
135 221 223
224 140 222
342 223 220
230 135 227
227 381 229
134 226 225
221 230 234
230 226 235
225 229 228
232 350 709
233 231 740
749 264 232
228 235 346
234 229 746
237 344 240
140 236 238
47 237 239
240 136 238
353 239 236
137 354 242
357 141 241
68 360 244
392 153 243
248 156 -3
155 248 -4
248 -3 -4
245 247 246
369 73 364
506 373 251
199 313 250
149 255 365
72 371 254
255 57 253
252 148 254
259 257 -3
256 262 -3
82 388 259
260 256 258
263 259 390
382 219 262
257 263 261
262 260 530
233 743 265
528 349 264
154 393 389
169 269 273
269 31 271
267 168 268
271 203 272
201 270 268
20 273 270
95 267 272
173 276 275
0 274 278
274 -4 277
276 170 279
279 92 275
125 278 277
288 295 400
282 198 287
200 281 401
176 284 285
293 288 283
286 -2 283
109 285 287
288 281 286
280 287 284
291 26 290
297 404 289
292 177 289
296 291 403
295 284 294
177 296 293
280 293 625
294 292 624
407 290 298
100 299 297
301 305 298
301 99 302
422 299 300
24 303 300
302 20 304
179 421 303
410 299 423
182 409 561
308 565 420
427 307 454
194 429 310
102 309 571
207 312 437
436 311 440
509 251 448
449 200 617
333 162 316
511 317 315
316 340 332
319 183 1120
181 318 549
325 205 321
215 330 320
204 325 323
180 322 326
325 328 327
320 324 322
327 115 323
459 326 324
324 330 457
330 212 461
328 321 329
662 208 467
333 317 474
315 332 767
336 904 693
337 695 479
334 337 485
336 335 477
494 491 621
217 619 488
317 341 683
216 495 340
344 224 343
1042 345 342
236 342 739
343 1044 1186
234 1052 1038
532 348 349
347 385 351
265 347 350
352 231 349
348 378 352
500 350 351
354 240 737
355 241 353
505 359 354
195 357 432
242 359 356
359 446 433
355 358 357
396 243 361
61 362 360
163 380 361
364 80 365
366 249 363
252 367 363
370 364 367
365 372 366
77 369 510
249 370 368
369 366 507
372 253 375
367 371 373
250 372 374
375 197 373
107 374 371
756 513 377
378 387 376
351 377 514
380 165 523
519 362 379
226 382 527
261 529 381
385 531 537
535 517 386
348 383 387
384 758 387
377 385 386
390 258 389
266 391 388
260 388 538
389 394 536
244 396 393
394 266 392
391 393 395
396 518 394
360 395 392
398 101 570
185 397 399
803 174 398
401 280 402
282 400 618
626 886 400
292 404 405
403 290 411
406 622 403
547 405 552
297 410 411
409 181 551
410 306 408
305 409 407
553 404 407
413 582 1152
1162 412 792
415 786 560
558 414 3345
426 418 566
418 183 563
416 1118 417
421 178 420
307 425 419
422 304 419
301 421 424
562 305 424
422 425 423
424 420 564
659 416 427
308 658 426
431 429 575
428 309 430
435 573 429
572 428 1124
356 433 434
432 358 447
435 193 432
810 430 434
312 815 438
311 438 468
436 439 437
438 816 840
818 312 443
110 820 442
443 210 441
207 442 440
445 1987 843
589 444 595
358 856 447
809 433 446
493 313 449
314 451 448
217 492 451
449 881 450
885 623 1108
454 37 455
929 308 453
115 456 453
460 655 455
328 465 459
653 460 464
460 327 457
458 456 459
465 329 462
461 663 463
654 464 462
458 465 463
464 457 461
468 839 668
665 331 468
437 466 467
670 1390 672
501 471 676
470 1097 1865
502 677 496
497 976 985
487 332 682
674 476 684
475 970 685
698 337 482
697 483 1008
335 1439 482
1023 481 691
1012 483 480
483 477 479
481 478 482
1254 1036 694
336 701 1248
765 487 700
474 1250 486
339 491 492
508 493 490
491 216 489
488 338 490
493 450 488
448 492 489
495 338 1259
1257 341 494
472 498 707
498 473 1069
496 675 497
711 712 526
710 352 754
770 470 502
501 472 503
706 716 502
606 735 732
355 738 1180
250 509 507
510 370 506
509 489 512
313 508 506
368 507 511
512 316 510
216 511 508
514 376 968
378 513 755
516 759 517
519 524 515
384 518 515
395 519 517
380 516 518
967 757 521
520 522 972
521 761 1093
524 379 764
516 523 1967
1065 1099 526
769 499 525
381 534 745
265 744 533
534 382 530
529 263 531
383 532 530
531 347 533
528 534 532
533 527 529
384 537 536
538 391 535
535 383 538
390 536 537
1209 812 773
567 541 1131
540 775 817
548 779 776
631 782 544
545 627 543
777 544 784
778 783 894
895 406 1981
1970 542 1550
319 550 1113
549 796 637
553 408 1114
406 553 785
411 551 552
555 918 795
793 821 554
789 794 1728
791 788 559
559 415 825
787 558 557
1558 414 902
306 562 563
423 564 561
566 417 561
562 425 565
564 307 566
416 563 565
568 540 1129
772 567 800
1126 1130 572
804 397 571
310 572 570
431 569 571
575 430 577
805 576 578
428 573 576
574 801 575
578 573 811
574 577 807
580 864 1986
611 579 813
822 1764 645
412 1573 583
1160 1569 582
586 848 835
833 587 586
596 584 585
585 838 589
1561 589 841
588 445 587
873 1323 593
594 853 607
846 612 593
590 594 592
593 852 591
445 599 596
597 586 595
849 596 598
599 602 597
842 598 595
1171 850 602
602 1166 854
598 601 600
604 605 806
734 603 1137
603 606 858
605 504 862
608 591 1165
845 607 609
608 610 615
609 1168 863
866 580 1210
592 613 874
876 612 1616
616 1608 1229
609 1216 847
1607 614 1215
879 314 618
401 884 617
621 339 620
892 887 619
338 619 888
405 893 624
896 452 626
625 296 622
295 624 626
623 402 625
544 781 632
880 630 899
1109 1235 630
628 883 629
1238 543 632
627 633 631
632 911 1240
644 640 1122
642 643 636
1968 1548 635
638 550 639
1110 637 641
797 640 637
639 634 642
642 1115 638
635 641 640
635 644 1544
643 634 1632
581 1767 919
648 920 1766
921 649 1310
649 646 1154
647 648 1304
1267 1814 1317
652 923 986
1643 651 908
656 458 654
653 463 1348
930 456 656
653 657 655
656 2293 931
659 427 932
426 658 660
1351 1119 659
667 1347 663
331 666 664
462 664 661
209 662 663
467 668 666
667 662 665
661 666 938
665 466 935
671 949 670
951 469 669
2975 669 962
469 673 963
672 1844 964
975 475 982
498 677 977
470 1404 677
675 472 676
1019 1866 979
1033 680 998
679 1873 996
1446 686 1885
907 474 683
340 1258 682
475 1011 1021
1010 476 1005
681 1017 1478
692 689 1022
690 689 1425
688 687 1025
1456 688 1925
480 1440 692
1027 687 691
695 334 694
484 1032 693
696 335 693
1031 1434 695
698 478 762
477 697 702
703 1541 700
486 701 699
700 485 702
698 703 701
702 763 699
1043 220 1039
1048 857 1045
1369 503 707
496 2875 706
718 1060 1501
231 710 742
500 714 709
499 1091 713
499 713 1061
711 714 712
713 710 753
1078 717 1368
717 503 1370
771 716 715
1067 708 2371
1075 1371 1071
950 721 1054
720 722 727
721 1374 725
726 1373 1080
1194 1950 733
722 726 729
723 1195 725
728 721 729
1498 727 730
725 733 727
855 728 731
732 736 730
504 731 733
729 724 732
735 604 1085
736 504 734
731 735 1087
738 353 739
1182 505 737
344 1185 737
741 232 742
1089 748 740
709 1092 740
744 264 750
745 528 743
527 744 746
747 235 745
751 1053 746
741 1491 749
233 748 750
751 743 749
747 750 1489
755 969 1063
1064 714 754
753 500 755
514 752 754
757 376 758
761 520 756
386 759 756
515 760 758
1966 761 759
522 757 760
763 697 1960
703 762 1540
1961 523 766
767 486 1542
165 767 764
333 765 766
1090 769 1076
526 1096 768
501 771 1095
770 717 1077
775 568 1200
539 774 1198
773 814 775
541 772 774
542 777 1551
776 545 778
546 1552 777
781 542 1103
910 781 1101
780 627 779
784 543 1106
546 784 897
545 782 783
552 1112 1982
414 787 2024
786 559 788
557 789 787
556 1629 788
791 1163 792
557 790 794
413 793 790
555 795 792
556 791 795
793 554 794
550 1121 797
798 639 796
799 797 1117
1123 798 3349
568 1127 802
576 1188 1125
1189 1199 800
399 804 1151
570 1128 803
1190 574 807
1133 603 859
578 1132 805
809 1538 1134
447 808 810
435 809 811
1135 577 810
814 539 813
580 1138 812
774 812 1143
816 436 1140
439 815 1559
1148 541 1144
440 820 1142
174 1562 820
818 441 819
555 1153 822
1995 581 821
936 824 1349
823 827 1161
1164 558 3347
1570 827 828
824 830 826
829 832 826
837 828 830
827 934 829
834 1989 832
828 833 831
585 835 832
836 925 831
833 584 836
1575 834 835
838 829 839
841 587 837
466 840 837
839 439 841
588 838 840
1167 599 843
842 444 844
865 1169 843
846 608 847
592 845 1614
615 1230 845
584 849 1577
848 597 850
600 1580 849
852 1322 1587
594 851 853
591 852 854
1172 601 853
1050 730 1088
1539 446 1181
705 1174 1187
605 861 859
1191 806 858
1204 861 1520
860 858 862
861 606 1951
1213 610 865
579 1211 865
863 844 864
611 868 1212
868 1606 1214
866 872 867
870 1515 871
1523 869 1207
1225 872 869
868 1208 871
2232 590 874
612 1217 873
876 1596 1592
613 875 1218
878 2007 1221
1224 1219 877
617 880 881
879 628 882
451 879 882
880 889 881
630 884 885
883 618 886
886 452 883
884 402 885
888 620 1232
621 887 1640
882 890 891
901 1234 889
892 217 889
1233 620 891
896 622 895
895 546 897
547 894 893
623 893 898
783 898 894
897 1107 896
628 1236 901
1623 901 1239
900 890 899
1242 560 2023
1735 1627 1245
334 1249 905
1246 1255 904
907 1256 2038
682 906 1251
652 909 1635
908 1037 1253
911 780 1265
633 910 2012
2334 1364 1272
1287 1785 1288
1289 915 1285
914 1290 1295
1307 1710 1663
921 1729 918
554 919 917
645 920 918
919 646 921
647 917 920
1320 1418 923
651 1645 922
1991 925 2212
834 1170 924
1336 1341 1338
1345 2497 1339
1286 1686 2246
454 930 932
655 931 929
930 657 933
933 658 929
1795 932 931
830 936 935
938 668 934
934 823 937
1346 938 936
667 935 937
1353 1801 2343
1908 941 1810
940 1887 943
946 2866 944
1361 941 945
3467 1360 942
946 943 988
942 945 1422
948 987 1742
1312 2357 947
953 669 1530
1372 720 2382
670 953 1380
953 1531 1377
949 952 951
1376 1818 1379
1384 1386 1603
1387 1954 957
2976 961 956
2378 1057 1394
1389 2377 1848
963 1841 2390
1388 957 962
961 671 963
672 960 962
1842 673 1395
1837 1861 1604
973 1399 967
968 520 966
969 513 967
752 968 1398
476 971 1006
1400 973 970
521 1007 973
971 966 972
975 981 1066
674 974 1401
978 473 977
675 1405 976
1408 976 1402
983 678 980
1098 981 979
974 982 980
981 674 983
1020 979 982
1453 1464 1864
473 1407 2447
1035 651 1417
947 1421 1676
1430 945 1433
994 1438 1001
991 997 1444
993 990 1883
1429 995 993
1000 991 992
995 989 999
1919 994 992
998 680 997
990 1000 996
679 996 1002
1000 994 1001
993 999 997
989 1003 999
1003 1030 998
1001 1435 1002
2397 2451 1913
1958 685 1006
970 1007 1005
1006 972 1094
478 1012 1009
1010 1959 1008
685 1009 1011
1013 684 1010
1008 481 1013
1024 1011 1012
1015 1018 2450
1480 1014 2962
1447 1910 1017
1018 686 1016
1014 1017 1914
678 1020 1454
1019 983 1021
684 1024 1020
687 1455 1023
1024 480 1022
1021 1013 1023
1028 689 1027
1027 1436 1459
692 1026 1025
1460 1426 1025
1474 1412 1467
1002 1031 1033
696 1032 1030
1031 694 1036
1034 679 1030
1035 1416 1033
986 1034 1037
1032 484 1037
909 1035 1036
346 1040 1039
1485 704 1038
1051 1041 1038
1040 1072 1484
1046 343 1043
704 1486 1042
345 1046 1045
1047 705 1044
1042 1047 1044
1046 1933 1045
705 1935 1049
1050 1173 1048
855 1049 1497
1493 1040 1052
1051 346 1053
747 1488 1052
720 1499 2387
2395 1058 1505
1502 1508 1058
958 1500 1392
1055 1393 1056
2443 1507 1060
1509 708 1059
712 1064 1065
1397 1066 1063
1064 752 1062
753 1063 1061
1066 525 1061
1062 974 1065
718 1068 2445
1067 2372 1070
1070 497 2448
1068 2874 1069
1496 719 1073
1041 1494 1074
1820 1074 1071
1073 2456 1072
719 1511 1079
768 1077 1942
1076 771 1078
1077 715 1079
1816 1075 1078
1083 723 1081
1375 1082 1080
1081 1378 1532
1080 1533 1193
1192 1534 2476
1087 734 1535
1536 1177 1175
736 1085 1088
1176 855 1087
741 1092 1945
1091 768 1944
1092 711 1090
1089 742 1091
1094 522 1963
1957 1007 1093
770 1096 1097
1095 769 1099
471 1095 1098
1099 980 1097
1096 525 1098
2490 1231 1102
780 1103 1545
1104 1100 1546
1101 779 1104
1543 1102 1103
1237 1109 1106
1107 782 1105
898 1106 1108
452 1107 1109
1105 629 1108
1113 638 1111
1116 1112 1110
1111 785 1114
549 1110 1114
1112 551 1113
641 1549 1116
1983 1111 1115
798 1121 1554
418 1119 1120
660 1553 1118
1121 318 1118
1117 796 1120
634 1123 1243
799 1557 1122
1126 431 1125
801 1127 1124
1127 569 1124
1125 800 1126
1150 804 1130
1130 567 1131
1128 569 1129
540 1149 1129
1133 807 1135
806 1132 1137
1135 808 1136
811 1134 1132
1537 1137 1134
604 1133 1136
1147 813 1984
1560 1141 1146
1141 815 1142
1139 1140 1567
818 1564 1140
814 1147 1144
1145 817 1143
1566 1144 1146
1147 1139 1145
1138 1146 1143
817 1565 1149
1150 1131 1148
1128 1149 1151
803 1150 1563
1153 412 1568
1993 821 1152
1156 648 1155
2696 1157 1154
1302 1154 1158
1701 1159 1155
1159 1300 1156
1157 1683 1158
583 1572 1161
1350 824 1160
1574 413 1163
790 1164 1162
825 1571 1163
1168 607 1166
601 1167 1165
842 1169 1166
610 1165 1169
1167 844 1168
2689 925 1576
600 1172 1578
854 1588 1171
1049 1176 1174
1179 857 1173
1176 1086 1178
1088 1175 1173
1086 1181 1178
1179 1175 1177
1174 1178 1184
505 1183 1181
1177 856 1180
738 1185 1183
1184 1180 1182
1179 1183 1187
1182 739 1186
1185 345 1187
857 1184 1186
1189 801 1190
802 1188 1203
805 1191 1188
859 1205 1190
1193 1084 2482
1083 1192 1195
724 1195 1948
1194 726 1193
1197 1206 1198
1202 1196 1199
773 1200 1196
802 1197 1200
1198 772 1199
1517 1202 1204
1201 1197 1203
1189 1205 1202
1205 860 1201
1203 1191 1204
1196 1519 1209
870 1208 1518
1207 872 1210
1210 539 1206
1208 611 1209
1213 864 1212
866 1214 1211
863 1211 1216
1212 867 1215
616 1216 1214
1215 615 1213
2230 874 1218
876 1590 1217
878 1593 2004
1594 1223 2393
1222 877 1597
1600 1221 1611
1220 1224 2429
878 1601 1223
1605 871 1513
1613 1228 1609
1610 1514 1835
1226 1618 1229
1230 614 1228
1615 847 1229
1100 1620 1977
2525 887 1233
892 1234 1232
1233 890 1624
1236 629 1237
1239 899 1235
1235 1105 1238
631 1240 1237
900 1236 2013
1238 633 2014
2517 1622 1625
902 2027 1244
1122 1244 2028
1243 1556 1242
903 1634 1628
905 1249 1247
1251 2039 1246
485 1250 1249
1246 904 1248
1248 487 1251
907 1247 1250
1636 1638 1264
1639 909 1254
1253 484 1255
905 2036 1254
906 1258 2040
495 1260 1258
1256 683 1257
1260 494 1641
1261 1257 1259
2041 1260 2048
2042 2050 1264
2032 1264 2046
1263 1252 1262
1266 910 1547
2501 1265 2055
1653 650 2547
1648 1647 1269
1268 1270 1652
1269 2807 1272
1813 1654 1272
1270 912 1271
1274 1666 1744
1745 1277 1273
1277 1741 1677
1670 1277 1675
1274 1275 1276
3185 1279 2529
1278 2623 1679
1281 1697 1688
1680 1280 1283
1689 1284 1283
1294 1281 1282
1282 1286 1285
1287 914 1284
928 2245 1284
913 1285 2244
1289 913 2150
914 1288 1291
2155 915 1291
1289 1292 1290
1291 2148 1293
2658 1706 1292
2129 1283 1295
915 1296 1294
2128 1295 1297
1298 1296 2154
2131 1297 2166
2181 1718 3029
1158 2133 1301
1714 1303 1300
1304 1156 1303
1301 1308 1302
649 1302 1724
1717 2162 2144
1308 1712 1307
916 1726 1306
1722 1303 1306
1723 2109 1310
1727 647 1309
1312 1738 1314
948 1311 1748
1739 2196 1314
1315 1311 1313
1750 1314 1751
2282 2205 1752
650 1753 2544
2260 1759 2285
1320 1644 3043
922 1319 1321
3048 1668 1320
851 1323 1585
1322 590 1334
1335 1328 1325
1330 1586 1324
2138 1327 2239
1326 2141 1328
1324 2238 1327
1582 1330 1765
1329 1325 2140
1788 1769 1332
2706 1656 1331
1343 1778 1589
1335 1323 2233
1324 1334 2715
1777 926 3265
1784 2137 2240
926 1339 2774
1338 927 1595
1776 1343 1341
1345 926 1340
1343 1770 1344
1333 1342 1340
2992 1345 1342
927 1341 1344
1347 937 1792
661 1346 1348
2295 654 1347
823 1350 1793
1161 2297 1349
660 1794 1555
2324 1353 1800
1352 939 2338
2341 1358 1355
1356 2335 1354
1365 1355 1357
2870 1356 1358
1354 1803 1357
1366 1808 1360
1361 944 1359
943 1360 1811
1805 1363 2316
1362 1807 1367
912 1365 1812
1364 1356 2868
1367 1359 3468
2369 1363 1366
715 1370 2884
706 2876 1370
1368 716 1369
719 1817 1821
950 1376 1374
723 1374 1375
1373 722 1372
1376 1081 1373
954 1375 1372
1824 952 1378
1082 1379 1377
1378 954 1823
951 1825 1381
1382 1391 1380
2376 1381 3478
1385 1955 1384
955 1831 1383
1952 1383 1826
955 1387 1838
956 1388 1386
961 2391 1387
1391 959 1846
1845 469 1391
1381 1389 1390
1057 1393 2412
1392 1058 1847
1849 958 2413
1396 964 2405
2937 1395 3532
1401 1062 1398
969 1399 1397
1398 966 1400
1399 971 1401
975 1397 1400
978 1405 1403
1863 1466 1402
1405 676 1862
1402 977 1404
1413 1476 1867
1410 985 1408
1407 978 1409
1465 1411 1408
1413 1868 1407
1409 1927 1412
1029 1413 1411
1406 1410 1412
1871 1939 1477
1937 1870 1872
1034 1417 1874
1416 986 1418
922 1419 1417
1667 1875 1418
1815 1422 1421
1423 987 1420
946 1879 1420
1673 1421 1881
1428 1915 1892
688 1426 1427
1028 1428 1425
1428 1923 1425
1426 1424 1427
1895 992 1431
988 1432 1880
1432 1429 1884
1893 1431 1430
1894 988 1888
696 1435 1439
1003 1438 1434
1026 1440 1437
1438 1461 1436
1435 989 1437
1440 479 1434
1436 691 1439
1443 1672 1442
1882 1444 1441
1876 1441 1444
1442 990 1443
2398 1450 4140
681 1909 1447
1448 1016 1446
1904 1449 1447
1448 1452 1911
1445 1912 1451
1452 1899 1450
1903 1451 1449
1457 984 1454
1019 1455 1453
1454 1022 1456
690 1458 1455
1458 1463 1453
1462 1457 1456
1460 1026 1461
1028 1459 1916
1437 1920 1459
1931 1458 1926
1457 1930 1464
1466 984 1463
1929 1409 1466
1403 1464 1465
1468 1029 1928
1471 1467 1469
1932 1922 1468
1473 1471 1481
1470 1468 1483
2961 1475 1473
1474 1470 1472
1029 1473 1476
2453 1477 1472
1406 1474 1477
1475 1414 1476
686 1480 1479
1482 1889 1478
1478 1015 1481
1470 1483 1480
1921 1479 1483
1481 1471 1482
1485 1041 2454
1039 1484 1486
1934 1043 1485
1492 1488 1490
1487 1053 1489
751 1491 1488
1491 1512 1487
1489 748 1490
1493 1487 1495
1051 1492 1494
1496 1072 1493
1510 1496 1492
1071 1494 1495
1050 1936 1498
1499 728 1497
2463 1054 1498
1502 1057 2379
708 1502 2374
1056 1500 1501
2394 1505 1504
1506 2465 1503
1503 1055 1508
1940 1504 1507
1509 1059 1506
1056 1509 1505
1060 1507 1508
1511 1495 1512
1943 1075 1510
1490 1946 1510
1514 1225 1515
1227 1513 1827
869 1516 1513
1522 1829 1515
1519 1201 1521
1207 1519 1524
1518 1206 1517
860 1949 1521
1526 1517 1520
1528 1516 1523
1522 870 1524
1518 1526 1523
1526 1947 1529
1521 1525 1524
1828 1528 1953
1522 1529 1527
1528 1525 2977
1531 949 3562
952 1530 1532
1533 1082 1531
1534 1083 1532
2478 1084 1533
1536 1085 1537
1086 1535 1539
1535 1136 1538
808 1539 1537
856 1536 1538
763 1956 1541
699 1540 1542
1962 765 1541
2487 1104 1971
643 1972 1969
1101 1546 1547
1545 1102 1978
1976 1265 1545
1549 636 1550
1980 1115 1548
1548 548 1551
776 1552 1550
1551 778 1979
1554 1119 1555
1117 1553 3350
1351 3355 1553
1244 1557 1558
1556 1123 3344
560 1556 3346
816 1560 1561
1139 1985 1559
1988 588 1559
1564 819 1563
1151 1565 1562
1567 1142 1562
1563 1148 1566
1565 1145 1567
1141 1564 1566
1992 1152 1569
583 1570 1568
1569 826 1990
1574 1164 2773
3342 1160 1573
1572 582 1574
1162 1571 1573
1576 836 1577
1579 1170 1575
848 1581 1575
1171 1584 1580
1576 1581 2692
1581 850 1578
1579 1577 1580
1586 1329 1583
2691 1584 1582
1583 1578 1588
1322 1586 1587
1585 1325 1582
1588 851 1585
1584 1172 1587
1771 1333 2228
1774 1218 1997
2001 2003 1996
1998 875 2008
2006 1219 1594
1220 3575 1593
2778 1339 2998
875 1598 1597
1599 1221 1596
1617 1599 1596
1612 1597 1598
1601 1222 1602
2432 1224 1600
1830 1603 1600
1602 955 1604
965 2431 1603
1225 1610 1606
867 1605 1607
1608 616 1606
614 1607 1609
1610 1226 1608
1227 1609 1605
1222 1612 1832
1611 1599 1613
1226 1836 1612
846 1615 1616
1230 1618 1614
1617 613 1614
1618 1598 1616
1615 1228 1617
2494 1620 1621
1619 1231 2979
1622 2054 1619
2982 1241 1621
1624 900 2011
2528 1234 1623
1241 2016 2019
1973 1627 2015
1626 903 1733
1245 2031 1736
1630 789 1631
2186 2025 1629
1730 2188 1629
1633 644 2029
1634 1974 1632
2026 1245 1633
908 1636 2064
1252 2033 1635
2069 2062 2034
1252 1639 2043
1253 2037 1638
888 2044 1641
2049 1259 1640
2056 1975 2060
1645 652 2065
1319 1645 2067
1644 923 1643
2813 1647 2809
1646 1268 3057
2536 1268 1649
1651 2551 1648
2075 1651 2549
1650 1649 1652
1269 1654 1651
1267 2550 1654
1652 1271 1653
2081 1661 2558
1332 1657 1658
3262 2090 1656
1791 1787 1656
2092 2091 2560
2099 2084 -1
1655 2102 2589
2599 2645 2106
1664 916 2173
1725 1663 2108
1671 3050 1666
1273 1665 2124
1669 1419 1668
1321 1671 1667
1877 1667 1670
1671 1276 1669
1668 1665 1670
1441 1674 1673
1676 1423 1672
1672 1878 1675
1276 1677 1674
987 1673 1677
1675 1275 1676
2519 3006 2122
2530 1279 3726
1681 1281 2130
1696 1680 1682
1683 1700 1681
1159 1682 2134
1692 1691 1685
1699 2215 1684
928 1689 1687
1691 1694 1686
1689 1280 1690
1282 1688 1686
1698 1691 1688
1690 1684 1687
1694 1684 2143
2139 1695 2142
1687 1692 1695
1693 2247 1694
1697 1681 1702
1280 1696 1698
1699 1690 1697
1685 1698 1703
1682 1701 1702
1700 1157 2693
1703 1696 1700
1699 1702 2223
1708 2152 2651
2652 2147 1707
2156 1293 1708
1708 1705 2157
1704 1707 1706
1713 2159 1710
916 1709 1711
2160 1719 1710
1306 1714 1713
2169 1709 1712
1301 1715 1712
1714 2132 2168
3605 2669 2179
1719 1305 1718
1299 1721 1717
1711 1717 1720
1721 2174 1719
2177 1720 1718
1308 1726 1724
1725 1309 1724
1304 1722 1723
1726 1664 1723
1722 1307 1725
1310 1731 1729
1730 556 1729
917 1727 1728
1731 1631 1728
1727 2110 1730
2020 1734 2185
1734 1627 1737
2018 1733 1732
1737 903 1736
1628 2676 1735
2184 1733 1735
1311 1742 1739
1740 1313 1738
1747 1743 1739
1275 1746 1742
1738 947 1741
1740 2191 2200
1745 1273 2194
1274 1744 1746
1747 1741 1745
1740 1746 2192
1312 1750 2360
1750 2209 2362
1748 1315 1749
1315 2195 2208
2198 1316 2207
1754 1317 3460
1757 1753 1760
2545 1756 2580
1755 1757 2202
1756 1754 2261
2206 2279 1759
1318 1760 1758
1754 1761 1759
1760 3461 2204
2858 2363 2210
1764 1994 2213
2219 581 1763
1329 2216 2688
646 1767 2697
1766 645 2220
1769 1782 2699
2707 1331 1768
1342 1771 2990
1589 1773 1770
1774 1999 2991
1771 2231 1774
1590 1772 1773
1779 2236 2229
1778 1340 1777
1336 1781 1776
1333 1776 1779
1780 1775 1778
1781 2237 1779
1777 2227 1780
1768 2241 1783
1784 2701 1782
1337 1783 2135
913 2253 2655
2735 2288 2765
1658 1790 1788
2243 1331 1787
2722 1790 2727
1789 1787 2275
1658 2563 3093
2296 1346 1793
1349 2292 1792
1799 1351 1795
1794 933 1796
2294 1798 1795
2291 2298 1798
1799 1796 1797
1794 1798 3356
1352 2307 2313
1803 939 1802
2325 2318 1801
1358 1801 2319
2317 2321 1805
2326 1362 1804
4679 4085 2347
1363 2327 1808
1811 1359 1807
2328 1907 1810
940 1811 1809
1361 1808 1810
1364 2356 1813
1814 1271 1812
3462 650 1813
2867 1420 2358
1817 1079 2883
1822 1371 1816
954 2383 2902
2385 2457 1820
1819 1073 1821
1371 1822 1820
1817 2898 1821
1824 1379 2903
1377 1823 1825
3479 1380 1824
1385 1834 1828
1514 1829 1833
1829 1527 1826
1827 1516 1828
1831 1602 1832
1834 1384 1830
1611 1836 1830
1827 1834 1835
1833 1826 1831
1836 1227 1833
1832 1613 1835
2908 965 1838
1386 2389 1837
2439 1840 3497
1839 2912 4123
960 1842 2422
964 2938 1841
1859 1851 2407
673 1845 2406
1390 1846 1844
1845 1389 3526
2411 1393 2417
959 1849 3525
1394 1850 1848
1849 2408 1851
1843 3523 1850
2418 1853 1860
1852 1855 1858
1855 2933 1856
1853 1854 2425
1857 1854 3541
2423 1856 2392
1860 1853 3529
1843 2427 2931
1852 1858 2426
2430 965 2435
1863 1404 1865
1403 1862 1864
984 1863 1866
1862 471 1866
678 1864 1865
1868 1406 2472
1410 1867 2446
2400 1870 2957
1869 1415 1871
1414 2955 1870
1415 2401 2967
680 1874 1876
1416 1875 1873
1874 1419 1877
1878 1443 1873
1875 1669 1878
1674 1876 1877
1881 1422 1880
1430 1884 1879
1423 1879 1882
1883 1442 1881
991 1882 1884
1880 1431 1883
1887 681 1886
1890 1888 1885
941 1885 1888
1886 1433 1887
1479 1891 1890
1897 1886 1889
1889 1924 1892
1424 1896 1891
1895 1432 1894
1433 1897 1893
1429 1893 1917
1897 1892 1918
1890 1896 1894
2312 4141 1899
1451 1902 1898
2330 2320 1901
2311 1902 1900
1901 1899 1906
1906 1452 1904
1448 1909 1903
2329 1906 1907
1905 1902 1903
1809 1905 1908
1909 940 1907
1904 1446 1908
1914 1016 1911
1449 1912 1910
1911 1450 1913
1912 1004 1914
1018 1910 1913
1918 1424 1916
1460 1920 1915
1895 1918 1919
1917 1896 1915
1920 995 1917
1916 1461 1919
1924 1482 1922
1469 1926 1921
1427 1924 1925
1891 1921 1923
1926 690 1923
1922 1462 1925
1411 1929 1928
1932 1467 1927
1465 1930 1927
1929 1463 1931
1462 1932 1930
1469 1928 1931
1047 1934 2459
1486 2455 1933
1936 1048 2460
2464 1497 1935
1939 1415 1938
2966 1941 1937
1414 1937 2473
1941 1506 2475
1938 2466 1940
1076 1943 1944
1511 1946 1942
1945 1090 1942
1089 1944 1946
1943 1512 1945
1525 2479 2978
1194 2483 1950
2480 1520 1951
724 1948 1951
1949 862 1950
1955 1385 1953
1527 4195 1952
956 1955 4193
1383 1952 1954
1965 1540 1960
1094 1964 1958
1005 1957 1959
1009 1958 1960
1956 762 1959
764 1962 1967
1542 1965 1961
1964 1093 1966
1965 1957 1963
1956 1964 1962
1963 760 1967
524 1961 1966
1970 636 1969
1544 1971 1968
548 1968 1971
1969 1543 1970
2488 1544 1974
1974 1626 2484
1633 1973 1972
1642 1976 2492
1547 1978 1975
1231 2493 1978
1976 1546 1977
1980 1552 1981
1549 1979 1983
1979 547 1982
785 1983 1981
1116 1980 1982
1985 1138 1986
1988 1560 1984
1984 579 1987
444 1988 1986
1561 1985 1987
831 1991 1990
1992 1570 1989
1989 924 1994
1568 1990 1993
1153 1992 1995
1763 1995 1991
822 1993 1994
2988 1591 3000
1999 1590 1998
1592 2000 1997
1772 1997 2995
1998 2002 2001
1591 2989 2000
2000 2008 2003
1591 2002 2005
1219 2006 2007
2006 3573 2003
1593 2005 2004
877 2004 2008
2002 1592 2007
2709 2010 3434
2777 2984 2009
2503 1623 2013
911 2502 2014
1239 2014 2011
2013 1240 2012
1626 2018 2485
2017 1625 2486
2021 2016 2018
2015 1734 2017
1625 2021 2516
2021 1732 2511
2019 2017 2020
2678 2030 2023
2022 902 2024
786 2025 2023
1630 2677 2024
1634 2029 2031
2028 1242 2030
1243 2027 2029
2026 1632 2028
2022 2031 2027
2030 1628 2026
2033 1263 2035
2034 1636 2032
1637 2033 2506
2045 2504 2032
2037 1255 2039
2043 1639 2036
2039 906 2040
1247 2038 2036
1256 2041 2038
2040 1261 2042
2041 1262 2043
1638 2037 2042
2047 1640 2526
2527 2035 2046
1263 2047 2045
2051 2044 2046
1261 2049 2050
1641 2051 2048
2051 1262 2048
2049 2047 2050
2053 2495 2054
2061 2052 3015
1621 3019 2052
1266 2056 2057
1642 2058 2055
2058 3580 2055
2056 2535 2057
2491 2061 2060
3617 1642 2059
2059 2053 3041
2064 1637 2063
2068 2065 2062
1635 2062 2065
2063 1643 2064
2070 2532 2068
1644 2068 3044
2067 2063 2066
2070 1637 4219
3040 2066 2069
2077 2072 2074
3053 2073 2071
2072 -1 4630
2071 5130 2537
2552 1650 4233
-1 2079 4786
2078 2071 3062
3052 2077 2079
2076 -1 2078
2081 3082 2082
1655 2080 2100
2083 2080 3634
2101 2082 2084
1660 2083 2087
2557 2086 3081
2085 -1 2088
2084 2088 -1
2087 3635 2086
3263 3089 3087
2564 1657 3088
1659 3101 2569
1659 2572 2570
2097 2592 2573
2594 2097 -1
2098 -1 2096
2097 2583 2095
2093 2096 2094
3682 2095 2584
1660 2576 2101
2081 2101 2102
2100 2083 2099
3113 1661 2100
4248 2591 -1
3144 2577 2685
3687 2263 2596
3160 1662 2107
2604 3699 2106
1664 2172 2109
2110 1309 2108
1731 2109 2111
2673 2189 2110
2627 2608 2283
2738 2284 2607
2609 3155 3770
2611 3020 3171
2118 2612 3594
2121 2118 2119
2117 2116 2617
2615 2600 2117
2601 3183 2121
3195 2117 2120
3188 1678 3012
2531 2193 2124
1666 2125 2123
2124 3049 3038
2127 2197 3252
2281 2126 2630
1296 2131 2129
1294 2128 2130
2134 1680 2129
2128 1298 2132
1715 2133 2131
2132 1300 2134
1683 2130 2133
1784 2136 2137
2135 2242 2251
1337 2135 2138
2139 1326 2137
2252 1693 2138
2218 1330 2141
1327 2142 2140
1693 2143 2141
2142 1692 2217
1305 2145 3030
3802 2643 2144
2646 2598 4324
1705 3223 2665
1292 2149 2660
2151 2153 2148
2151 1288 2654
3232 2149 2150
1704 2659 2657
2663 2149 2664
2667 1297 2155
1290 2156 2154
1706 2157 2155
2156 1707 2666
2165 3217 2161
2160 1709 2164
1711 2159 2162
3801 2162 2158
2161 1305 2160
3216 2165 2167
2165 2159 2169
2158 2164 2163
1298 2167 2168
2166 3241 2163
2169 1715 2166
1713 2168 2164
2174 2175 2171
2672 2172 2170
2171 2108 2173
2172 1663 2174
1720 2170 2173
2170 2176 2671
2175 2178 2668
2178 1721 2181
2176 2177 2179
1716 2178 2180
2181 2522 2179
1299 2180 2177
3248 2508 2183
2184 2190 2182
1737 2183 2185
1732 2184 2507
1630 2188 2674
2189 3249 2190
2186 1631 2189
2111 2187 2188
2183 2675 2187
3255 1743 2192
1747 2680 2191
2123 3193 2194
2681 1744 2193
2198 1751 2196
2195 1313 2200
2126 2198 2199
1752 2195 2197
2200 3254 2197
1743 2199 2196
2682 2579 2202
1756 2262 2201
3458 2210 2204
2206 1761 2203
1316 2206 2207
1758 2204 2205
2208 1752 2205
1751 2207 2209
1749 2208 2210
2203 1762 2209
2221 2213 2687
924 2690 2213
2211 1763 2212
2686 2216 2226
1685 2225 2217
2214 1765 2218
2218 2143 2215
2140 2217 2216
1764 2221 2220
2222 1767 2219
2219 2211 2222
2224 2220 2221
1703 2694 2225
2695 2222 2226
2226 2215 2223
2214 2225 2224
1781 3268 2700
2231 1589 2229
1775 2234 2228
1217 2231 2232
1773 2228 2230
873 2230 2233
2234 1334 2232
2229 2235 2233
2234 2236 2713
2235 1775 2237
1780 2702 2236
2239 1328 2716
1326 2238 2240
2704 1337 2239
2242 1782 2243
2136 2241 2719
1788 2723 2241
1287 2245 2254
2244 1286 2248
2248 928 2247
1695 2252 2246
2249 2245 2246
2255 2248 2250
2718 2249 2251
2252 2136 2250
2139 2251 2247
2729 1785 2254
2244 2255 2253
2254 2249 2721
2656 2730 2258
2725 2258 3287
2257 3843 2256
2287 2736 2260
1318 2259 2261
2262 1757 2260
2737 2202 2261
2105 3293 2752
2739 2277 2745
2274 3324 2743
4562 3935 -1
2269 -1 3691
2271 2761 2767
2270 2267 3313
-1 2269 2271
3314 2268 2270
2274 2744 3326
2757 2274 2766
2265 2272 2273
2769 1790 3094
2772 2771 2770
2264 2278 4374
2606 3167 2277
1758 2282 2280
2284 2286 2279
2282 2127 2283
1316 2281 2279
2112 2284 2281
2283 2113 2280
2287 1318 2286
2280 2741 2285
2288 2259 2285
1786 2287 2290
2751 2290 2740
2289 3322 2288
2292 1797 2294
2296 1793 2291
657 2295 2294
2291 1796 2293
1348 2296 2293
1792 2292 2295
2298 1350 3343
3354 1797 2297
2303 3264 2775
3357 2304 4261
2303 2776 2779
3636 3260 2303
2299 2301 2302
2300 2781 3090
2784 4134 2308
2307 2818 3367
2310 1800 2306
3368 2305 2309
2310 2308 3504
2307 2309 2315
2312 1901 2323
1898 2311 2314
1800 2315 2322
2315 3503 2312
2310 2314 2313
1362 2370 2317
2318 1804 2316
2319 1802 2317
1803 2318 2368
1900 2321 2323
2320 1804 2325
2313 2323 2324
2322 2311 2320
2325 1352 2322
2321 1802 2324
1805 2330 2327
2328 1807 2326
1809 2327 2329
2330 1905 2328
1900 2329 2326
3377 2786 3375
2333 4023 2828
2806 2332 2336
912 2805 2335
1355 2334 2336
2333 2829 2335
2816 4592 3363
2819 1353 2339
2345 2340 2338
2339 2350 2820
2343 1354 2342
2830 2839 2341
939 2341 2346
2349 2345 2842
2344 2339 2346
2343 2840 2345
1806 2348 3439
2353 2351 2347
2350 2344 2848
2340 2349 2351
2348 2815 2350
2353 4084 2850
2817 2348 2352
-1 2854 3447
2356 2364 2857
3463 1812 2355
948 2360 2358
2359 1815 2357
2865 2358 2361
1748 2362 2357
2363 2861 2359
2360 1749 2363
1762 2361 2362
2355 2869 2365
2366 2860 2364
2863 2365 2872
3466 2873 2369
2319 2370 2871
1367 2367 2370
2368 2316 2369
2372 718 2375
1068 2371 2881
2878 2375 2893
1501 2894 2375
2373 2371 2374
2377 1382 3475
2378 959 2376
958 2377 2380
2895 1500 2380
2378 2381 2379
2380 3476 3480
2383 950 2384
3486 1818 2382
2388 3484 2382
1819 2896 2386
2462 2385 2387
1054 2386 2388
2899 2384 2387
2907 1838 2391
2391 960 3490
2389 1388 2390
1857 2935 2952
2916 1220 2913
2395 1503 2973
1055 2394 2396
2471 2416 2395
1004 2398 4153
1445 4725 2397
3552 2401 2920
2401 1869 3510
2399 1872 2400
3493 2403 2924
2402 4109 2929
5590 2925 3521
3533 1395 2406
1844 3527 2405
2944 1843 2409
1850 2413 2409
2410 2407 2408
2415 2409 2411
1847 2410 2412
1392 2411 2413
2408 1394 2412
2943 2415 2468
2414 2410 2417
2396 2469 2417
2415 1847 2416
2934 1852 2420
2421 3535 4175
2421 2418 2939
2419 2420 2467
1841 2936 3491
2425 1857 3549
3531 2425 3546
1855 2423 2424
1860 2427 2940
2426 1859 2945
2430 2438 2915
1223 2432 2914
1861 2428 2431
2432 1604 2430
1601 2431 2429
3492 2434 2436
2433 3550 2441
2438 1861 2909
2433 2437 2910
2436 2442 2947
2428 2435 2946
2949 1839 2440
2948 2442 2439
2442 2434 2954
2437 2441 2440
2444 1059 2445
2446 2474 2443
1067 2448 2443
1868 2444 2447
985 2446 2448
2445 1069 2447
4150 2960 2452
2958 1014 2451
1004 2452 2450
4152 2449 2451
2956 1475 2959
2455 1484 2456
2458 1934 2454
1074 2457 2454
1819 2458 2456
2461 2455 2457
1933 2461 2460
2464 1935 2459
2459 2458 2462
2461 2386 2463
1499 2464 2462
1936 2460 2463
1504 2466 2974
1941 2965 2465
2421 2942 2932
2414 2469 2470
2468 2416 2471
2969 2941 2468
2396 2971 2469
2474 1867 2473
1939 2475 2472
2444 2472 2475
2473 1940 2474
1084 2478 2477
4197 2481 2476
1534 3564 2476
2481 1947 2480
1949 2483 2479
2477 2479 2482
2483 1192 2481
2480 1948 2482
2489 1973 2485
2015 2486 2484
2485 2016 2983
1543 2488 2490
1972 2489 2487
2484 2981 2488
1100 2487 2980
2495 2059 2492
1975 2493 2491
2492 1977 2494
2493 1619 2495
2052 2491 2494
3565 2500 2985
927 2993 2997
2499 2986 2500
3576 2922 2498
2496 3001 2498
2502 1266 3578
2503 2012 2501
2011 2502 3003
2506 2035 3582
3581 2534 2506
2034 2504 2505
2185 2508 2512
2507 2182 2509
2508 2670 2523
2514 2511 3007
2510 2020 2512
2507 2513 2511
2512 2524 3005
2516 2510 2515
2520 2518 2514
2019 2514 2517
2518 1241 2516
2515 3018 2517
1678 2521 2520
3017 2515 2519
3610 3014 2519
2180 3028 3607
2524 2509 3606
2513 2523 3587
1232 2528 2526
2527 2044 2525
2045 2526 3002
1624 3004 2525
1278 2530 3034
1679 2531 2529
2123 3039 2530
3045 2066 2533
3613 3037 2532
2505 2535 4220
2058 3618 2534
1648 3064 3058
2074 3056 3063
2810 3055 3408
2540 2542 3109
2546 2539 3060
2545 3668 2542
2539 2543 2541
2542 2548 2544
1317 2545 2543
1755 2541 2544
2548 2540 3623
2550 1267 2548
2543 2546 2547
1650 2550 3622
2549 1653 2547
3065 1649 2552
2075 3067 2551
3628 -1 3068
-1 4240 3071
4238 3075 3624
-1 2557 3077
2085 3080 2556
3083 1655 2559
2588 3085 2558
2561 1659 2567
2571 2560 3133
2565 3084 3135
2566 1791 2564
2090 2565 2563
2562 2567 2564
2568 2563 2567
2565 2560 2566
3092 2566 2569
2091 3939 2568
2092 4274 3100
2572 2561 3105
4275 2092 2571
2582 2093 2574
3139 2575 2573
2574 3059 3106
3112 2099 -1
2104 3120 4288
3117 3676 3122
2201 3672 2580
3669 1755 2579
2586 2584 3107
2573 3108 2583
2096 2582 2584
2581 2098 2583
4281 3124 2586
3680 2581 2585
-1 3659 3126
3136 2559 2589
1661 2590 2588
3114 3132 2589
2593 2103 4243
2093 2594 3140
-1 2591 2594
2592 2094 2593
3145 2683 3688
3148 2105 2753
3161 2636 2599
2146 2599 2632
1662 2597 2598
2119 3151 2601
3152 2120 2600
3210 3153 3150
3698 2605 4350
2605 2107 3203
2603 2604 3166
2610 2278 2607
2113 2608 2606
2607 2112 2609
2608 2114 2610
3168 2606 2609
2115 3701 3022
2613 2116 2626
3593 2612 3191
3696 2615 2616
2119 2617 2614
3704 3157 2614
2615 2118 2618
3021 3703 2617
2625 3197 2679
3190 2624 3186
3024 2622 3009
2621 3590 3723
1279 2624 3729
2620 3735 2623
3731 2619 3853
3200 2612 3196
2628 2112 2630
2629 3156 2627
3715 2628 2631
2127 2631 2627
2630 3253 2629
2598 2633 4326
2632 2637 3202
3220 2635 2639
2634 3201 2637
2637 2597 2640
2633 2636 2635
3174 2644 2639
2634 2640 2638
2639 2636 3175
2644 3178 2642
4204 2643 2641
2642 2145 4441
2638 2641 3222
1662 2646 3204
2146 2647 2645
2646 3763 3744
3209 3805 3751
4529 5037 -1
3806 3225 3752
2652 1704 3819
1705 2651 2653
3226 3803 2652
3231 2150 2655
1785 2656 2654
2655 2256 3844
2152 3848 3236
2659 1293 2660
2661 2152 2658
2148 2663 2658
3846 2659 2662
2663 3229 2661
2153 2662 2660
3834 2153 3233
2147 3244 2666
2667 2157 2665
2154 2666 3242
3245 2176 2669
2668 1716 2670
2509 3247 2669
2175 3246 2672
2673 2171 2671
2111 2672 3250
2186 2675 2677
2674 2190 2676
2675 1736 2678
2678 2025 2674
2022 2677 2676
2619 3718 3259
3258 2192 2681
2194 3850 2680
2201 3295 2684
2595 2685 3294
3671 2682 2685
2683 2104 2684
2688 2214 2687
2211 2690 2686
1765 2686 2691
1170 2692 2690
2687 2212 2689
2692 1583 2688
1579 2691 2689
2694 1701 2696
2695 2223 2693
2224 2694 2697
2693 1155 2697
1766 2695 2696
2700 2708 2699
2698 1768 2701
2227 2698 2702
1783 2704 2699
2703 2237 2700
2714 2702 2705
2240 2705 2701
2704 2717 2703
1332 2707 3261
1769 2708 2706
2698 3269 2707
3858 2009 2710
2711 2709 4077
3859 2710 3274
3270 3275 5021
2235 2714 2715
2713 2703 2717
1335 2713 2716
2717 2238 2715
2705 2716 2714
2721 2250 2719
2242 2723 2718
2728 2721 2722
2720 2255 2718
2723 1789 2720
2719 2243 2722
3315 3277 -1
3284 2257 2726
3278 3916 2725
1789 3926 2728
2729 2720 2727
2253 2728 2730
3286 2256 2729
3290 3943 3337
-1 3933 2733
4550 3103 2732
2754 3292 2735
1786 2734 2736
2737 2259 2735
2262 2736 3296
2741 2113 2739
2264 2746 2738
2289 2741 2742
2740 2286 2738
2747 2750 2740
2744 2265 2749
2272 2743 2756
2746 2264 3214
2747 2739 2745
2742 2746 3306
3323 2751 2749
3304 2743 2748
2742 3301 2751
2748 2289 2750
2263 2754 2753
2755 2596 2752
2752 2734 2763
3692 2753 3310
2744 3318 4555
2758 2273 2760
2762 2757 2759
3312 2758 2761
2768 2761 2757
2760 2268 2759
3325 2758 2764
2764 2754 2765
3311 2763 2762
2763 1786 3321
2273 3327 3331
2268 2768 -1
2767 2760 3332
2275 3335 3927
2276 3895 3945
3892 2276 -1
-1 2276 3947
3340 1571 3348
1338 2778 2775
2776 2299 2774
2301 2775 3863
2778 2010 3862
1595 2777 2774
4263 2301 2780
3861 3866 2779
3358 2304 3958
2785 3360 3502
3362 2785 3364
2305 3366 2785
2783 2782 2784
2331 3984 3994
2790 3374 3392
3373 2791 3391
2802 3987 2790
3378 2787 2789
2788 2793 3518
3519 2793 3992
2792 2791 2798
3382 2796 3383
3384 3454 3381
2794 2799 3370
3372 3371 2798
2799 2793 2797
3380 2798 2796
4006 3387 -1
3385 3400 2851
3388 2789 3396
4008 2804 3403
2803 3390 4613
2806 2334 2807
2333 2805 2812
1270 2814 2805
4019 2811 2809
1646 2810 2808
2809 2538 4015
2808 3411 2813
2806 2814 3410
2814 1646 2811
2812 2807 2813
2351 2817 2822
2337 2823 5093
2353 5094 2815
2306 2819 2821
2338 2820 2818
2819 2340 2822
2823 3365 2818
2815 2823 2820
2822 2816 2821
2841 2830 2825
2826 2835 2824
4033 2825 2827
2828 5610 2826
2332 2827 2829
2336 2828 2830
2824 2342 2829
3413 2833 2832
4031 2831 3417
2831 2846 3416
2838 4039 3414
2825 2836 3419
2835 5151 2837
5149 3418 2836
4041 2834 2843
2840 2342 2841
2842 2346 2839
2839 2824 4046
2344 2840 4049
2844 2838 4034
3442 2843 4657
3415 2846 -1
2845 2833 -1
-1 4476 4065
3440 2349 4050
3436 2852 2850
5565 2352 2849
2852 2801 5567
5110 2851 2849
4698 2854 4069
2853 2354 4054
3435 -1 3444
2859 2858 2857
3457 2355 2856
1762 3459 2856
2861 2856 2860
2365 2862 2859
2361 2859 2862
2860 2864 2861
2864 2366 3465
2862 2863 2865
2867 2359 2864
942 2867 3464
1815 2865 2866
2869 1365 2870
2872 2364 2868
2868 1357 2871
2368 2873 2870
2366 2869 2873
2871 2367 2872
1070 2882 2875
2876 707 2874
2877 1369 2875
2880 2885 2876
2881 2373 2879
2887 2880 2878
2877 2882 2879
2372 2878 2882
2880 2874 2881
2890 1816 2884
1368 2885 2883
2877 2888 2884
2887 2892 3470
2888 2879 2886
2890 2885 2887
2897 2890 3469
2883 2888 2889
2895 2904 2892
2886 2893 2891
2373 2894 2892
2893 2374 2895
2379 2891 2894
2899 2385 2898
2898 2889 2900
2896 1822 2897
2388 2896 2905
3471 2906 2897
3487 3474 2902
1818 2901 2903
3477 1823 2902
2891 3481 3472
2899 2906 3485
2905 2900 4098
2389 3489 2908
1837 2907 2909
2910 2435 2908
2436 2909 3488
2951 3544 4114
1840 2950 4104
3499 2393 2914
2429 2915 2913
2914 2428 3500
2393 3496 4199
3558 3554 2918
2919 4142 2917
2921 2918 2920
2399 3514 2919
3506 2919 3517
2499 3495 2923
2925 2927 2922
2402 2925 3494
2924 2404 2923
3520 2987 2927
2923 3399 2926
4103 4116 2930
3522 2403 2930
2928 4160 2929
1859 3530 3524
2467 3560 4163
1854 2934 3540
2418 4176 2933
3545 2392 3542
3551 2422 2938
2938 1396 3547
2936 1842 2937
2942 2420 2940
2426 2945 2939
2470 2942 2943
2941 2467 2939
2944 2414 2941
2407 2943 2945
2940 2427 2944
2438 2947 3501
2946 2437 2948
2947 2440 3498
2439 2954 2950
2951 2912 2949
2911 2950 2952
2392 2951 2953
2954 3548 2952
2949 2441 2953
2957 1871 2956
2453 2964 2955
1869 2955 3512
2450 2960 2962
2964 2453 2961
2958 2449 2963
2959 1472 2962
1015 2958 2961
3513 2964 2960
2963 2956 2959
3556 2466 2966
2965 1938 2967
1872 3553 2966
2969 2970 3559
2470 2968 3561
2968 2971 2972
2970 2471 2973
2974 3555 2970
2971 2394 2974
2465 2972 2973
671 2976 3563
2975 957 4194
4196 1529 2978
1947 4198 2977
2982 1620 2980
2490 2981 2979
2980 2489 2983
1622 2979 2983
2981 2486 2982
5115 2010 2999
3572 2496 2986
2498 2987 2985
2926 3991 2986
1996 3566 2989
2996 2001 2988
1770 2991 2992
2990 1772 2995
2993 1344 2990
2994 2497 2992
2996 3567 2993
1999 2996 2991
2989 2994 2995
2497 3569 2998
2999 1595 2997
3571 2984 2998
3001 1996 3574
3577 2500 3000
2527 3004 3583
2503 3579 3004
3002 2528 3003
3007 2513 3585
1678 3007 3010
2510 3005 3006
3011 3026 3009
2621 3013 3008
3006 3011 3012
3010 3586 3008
3013 2122 3010
3009 3722 3012
3017 2521 3016
2053 3019 3016
3014 4212 3015
2520 3014 3018
2518 3017 3019
3015 2054 3018
2115 3022 3599
3022 2618 3595
2611 3021 3020
3031 3602 3025
3596 2621 3026
3023 3597 3032
3008 3027 3024
3584 3033 3026
3603 2522 3029
3028 1299 3030
2144 3601 3029
3608 3023 3032
3025 3033 3031
3032 3027 3589
2529 3035 4781
3034 3036 3612
3035 3039 3037
3047 2533 3036
3039 2125 3046
3036 2531 3038
2070 4218 3614
3616 2061 3042
4213 3615 3041
3048 1319 3044
2067 3045 3043
2532 3047 3044
3047 3038 3049
3037 3046 3045
1321 3043 3050
2125 3050 3046
3049 1665 3048
3070 3079 3620
3053 2078 -1
-1 2072 3052
4587 -1 3963
5135 2538 3057
3058 2537 5134
3055 1647 3058
2536 3056 3057
2575 4246 3061
2540 3061 3621
3060 3110 3059
5266 2077 3063
2537 3064 3062
3063 2536 3065
2551 5268 3064
3067 4236 3625
5269 2552 3066
3069 2553 3074
3629 3068 3076
3051 4228 -1
3073 2554 3072
3626 3075 3071
-1 3071 3074
3076 3068 3073
3072 2555 3076
3069 3074 3075
2556 3640 3078
3079 -1 3077
3051 3078 4267
3641 2557 3081
3080 2085 3633
2080 3083 3632
2558 3646 3082
2562 3088 3085
3086 2559 3084
3645 3085 3087
2089 3086 3088
3084 2090 3087
3644 2089 3637
2304 4224 3091
4798 3638 3090
2568 3096 3093
1791 3092 3094
3095 2275 3093
3336 3094 3096
3092 3291 3095
-1 3118 3142
3652 4549 3102
3100 4803 3651
2570 3099 3101
3102 2091 3100
3938 3101 3098
2733 3653 -1
3134 3656 3105
3647 2571 3104
3108 2575 3110
2581 3108 4279
3107 2582 3106
3110 2539 3667
3061 3109 3106
3112 -1 3129
2576 3111 3113
2102 3112 3114
3130 2590 3113
3663 -1 3116
3675 3117 3115
2578 4287 3116
3097 3665 3119
3143 3118 3120
3662 2577 3119
3123 4282 3122
4284 2578 3121
3124 3121 3677
3679 2585 3123
-1 3678 3673
2587 3127 3128
3126 3131 3130
-1 3126 3129
3130 3111 3128
3114 3129 3127
3127 3658 3132
3138 2590 3131
2561 3135 3134
3137 3104 3133
3133 2562 3136
2588 3138 3135
3138 3657 3134
3132 3137 3136
4245 2574 3140
2592 4244 3139
-1 3142 3146
3141 3097 3143
3142 3119 3144
2104 3145 3143
2595 3147 3144
3141 3147 3683
3146 3145 3686
2596 3693 4292
3690 -1 4290
2602 3151 4353
3150 2600 3697
2601 3153 3154
3152 2602 3155
3156 3184 3152
3153 2114 3156
2628 3154 3155
2616 3158 3695
3157 3159 3700
3158 3165 3160
2106 3159 3161
3177 2597 3160
3163 3173 3164
3172 3162 3702
3176 3165 3162
3164 3159 3705
2605 3740 3709
3711 2278 3168
3167 2610 3169
3771 3170 3168
3169 3765 3713
3172 2115 4208
3179 3163 3171
3162 3181 3176
2638 3175 3180
3174 2640 3177
3177 3164 3173
3161 3176 3175
2641 3180 4206
3172 4207 3181
3174 3181 3178
3180 3173 3179
3719 3194 3183
3182 2120 3184
3154 3716 3183
3186 1278 3187
3189 2620 3185
3609 3188 3185
2122 3189 3187
3721 3186 3188
2620 3720 3192
2613 3192 3725
3191 3733 3190
3851 2193 3727
3182 3197 3195
2121 3194 3196
3198 2626 3195
3194 2619 3198
3199 3196 3197
3200 3198 3732
2626 3199 3734
2635 3762 3202
3737 2633 3201
3741 2604 3204
2645 3745 3203
3208 3750 3206
3207 5455 3205
3823 3206 3753
3209 3205 4445
2648 3208 3756
4347 2602 3212
3772 4296 3793
3768 3210 4354
3783 3300 3215
3215 2745 3782
3305 3214 3213
3218 2163 3243
2158 3218 3800
3216 3219 3217
3218 3812 3799
3221 2634 3222
3224 3761 3220
2644 4442 3220
3815 2147 3804
3221 3808 3759
3227 2650 3226
2653 3818 3225
3228 3225 3822
3754 3227 3839
2662 3835 3230
3829 3237 3229
2654 3845 3232
2151 3231 3233
3234 2664 3232
4545 3233 3920
4467 3820 3236
2657 4316 3235
3230 3238 3847
3237 3787 5294
3240 3748 5292
4832 3239 4382
2167 3242 3243
2667 3244 3241
3817 3216 3241
3242 2665 3816
2668 3247 3246
3250 2671 3245
3245 2670 3248
3247 2182 3249
2187 3250 3248
2673 3246 3249
3256 3717 3253
3253 2126 3254
2631 3252 3251
2199 3255 3252
2191 3256 3254
3257 3251 3255
3259 3256 3258
2680 3849 3257
2679 3257 3854
2302 3263 3266
2706 3267 3262
3263 1657 3261
3260 2089 3262
2299 3266 3265
3268 1336 3264
3260 3267 3264
3266 3261 3269
3269 2227 3265
3267 2708 3268
3860 2712 4583
3273 3874 -1
3273 -1 3871
3868 3271 3272
2711 4485 3275
4492 2712 3274
-1 3277 3889
3276 2724 4508
3281 2726 3279
3288 4517 3278
5517 3281 4519
3280 3282 3278
3281 3913 3915
3842 3284 3285
2725 4537 3283
4534 4426 3283
2730 3925 3287
2257 3286 3288
3930 3279 3287
5058 4559 3290
3289 2731 3291
3096 3940 3290
3296 2734 3293
3292 2263 3294
2683 3295 3293
3294 2682 3296
2737 3292 3295
3298 3308 3300
3885 3297 3299
3953 3781 3298
3213 3952 3297
3304 2750 3307
3309 4504 3303
3317 3304 3302
2749 3301 3303
3306 3215 3308
2747 3305 3307
3309 3301 3306
3297 3309 3305
3302 3307 3308
2755 3311 3313
3310 2764 3312
3311 2759 3314
3314 2269 3310
2271 3313 3312
3319 2724 3942
4507 3319 3317
3318 3303 3316
3320 2756 3317
3315 3320 3316
3319 3941 3318
3325 2765 3322
2290 3323 3321
3322 2748 3324
2265 3325 3323
2762 3321 3324
3327 2272 4556
3329 2766 3326
4554 -1 3329
3330 3327 3328
3331 3329 -1
2766 3330 3332
-1 2768 3331
3928 3335 3898
3337 3338 3897
3333 2769 3336
3335 3095 3337
2731 3334 3336
3334 3944 3339
3946 3893 3338
2773 3341 3342
3340 3353 3343
1572 3340 3343
3341 2297 3342
3346 1557 3351
415 3346 3347
1558 3344 3345
3348 825 3345
3352 2773 3347
3351 799 3350
1554 3355 3349
3352 3344 3349
3348 3351 3353
3341 3352 3354
2298 3353 3356
3350 1555 3356
1799 3354 3355
2300 4478 3959
2781 3965 4222
3361 3966 5210
4131 2782 5087
4591 3359 4130
5088 2783 3970
3365 2337 3364
2783 3366 3363
2821 3363 3367
3364 2784 3368
3368 2306 3365
2308 3367 3366
3371 3376 3995
2796 3371 4610
3370 2797 3369
3376 2797 3373
2788 3374 3372
3373 2787 3375
3374 2331 3376
3369 3372 3375
2331 3378 3982
2790 3986 3377
3975 3983 3990
3993 2799 3382
3382 2795 5119
2794 3381 3380
3384 2794 5127
2795 3383 4598
2801 5111 3387
-1 3387 4599
3386 2800 3385
2802 3997 3389
3978 3988 3388
2804 3401 3394
3392 2788 4002
2787 3391 3397
3398 4612 3394
3390 3395 3393
3394 3996 3396
3395 2802 3397
3392 3398 3396
3397 4003 3393
4154 2927 5591
2801 4007 5097
3402 3390 4009
3401 -1 3999
2803 4004 -1
3875 3881 4016
-1 3406 4013
3405 -1 3407
3876 3409 3406
2538 4014 3409
3407 4017 3408
2812 3411 4024
3410 2811 4028
3413 4029 -1
2831 3412 -1
2834 4057 4035
4036 2845 4666
2833 4037 3417
3418 2832 3416
4044 2837 3417
2835 4045 4047
-1 3426 5171
4063 3422 3855
3421 3427 3423
4066 3856 3422
3430 4064 4670
3428 -1 4067
3420 -1 3431
3422 3430 3428
3429 3425 3427
3431 -1 3428
3427 3424 3431
3426 3429 3430
4072 -1 3433
-1 5169 3432
2009 5116 4076
-1 2855 3449
5108 2849 4083
4659 3438 4090
3437 4055 4682
2347 3440 3441
2848 4087 3439
4089 4681 3439
3443 2844 4091
4048 4042 3442
2855 3448 3445
3446 3452 3444
4699 3445 3447
2354 3446 3448
3444 -1 3447
4092 3435 3453
4597 3451 3455
4094 3453 3450
3445 3456 3453
3451 3449 3452
2795 3455 4095
3450 3456 3454
3455 3452 4697
2857 3459 3463
3459 2203 3461
3457 2858 3458
3461 1753 3462
1761 3460 3458
1814 3463 3460
2356 3457 3462
2866 3465 3467
3464 2863 3466
3465 2367 3468
3468 944 3464
3466 1366 3467
2889 3470 3471
3469 2886 3472
3473 2900 3469
2904 3473 3470
3472 4097 3471
3477 2901 3483
3476 2376 3478
2381 3475 3482
2903 3474 3479
1382 3479 3475
1825 3477 3478
3481 2381 3482
4096 2904 3480
3476 3483 3480
3482 3474 4099
3486 2384 3485
2905 4101 3484
2383 3484 3487
4100 2901 3486
2910 3489 3492
3488 2907 3490
3489 2390 3491
2422 3492 3490
3491 2433 3488
4122 2402 3494
2924 3495 3493
3494 2922 4202
4127 2916 3499
1839 4126 3498
3501 2948 3497
2913 3500 3496
3499 2915 3501
2946 3498 3500
2782 4129 4135
2314 3504 4139
3503 2309 3505
4136 4727 3504
3507 2921 4706
3508 4143 3506
3509 3507 4707
4723 3508 4754
3511 2400 3512
4148 3515 3510
2957 3513 3510
3512 2963 4151
3517 2920 3515
3511 3516 3514
4149 4730 3515
2921 3514 4729
2791 3519 4157
3518 2792 3520
2926 4155 3519
2404 3522 5129
2929 4162 3521
3525 1851 3524
2931 3528 3523
1848 3523 3526
3527 1846 3525
3528 2406 3526
3524 3534 3527
3530 1858 3531
3534 2931 3529
3529 2424 3532
1396 3533 3531
2405 3534 3532
3528 3530 3533
2419 4164 3536
4170 4172 3535
4166 3538 4169
3537 4752 4168
4178 4702 4111
2933 4182 3541
3542 1856 3540
4186 2935 3541
4763 4113 3544
2911 3545 3543
2935 4188 3544
2424 3549 3547
3551 2937 3546
2953 3550 3549
3546 2423 3548
2434 3551 3548
2936 3547 3550
3553 2399 3554
3556 2967 3552
2917 3555 3552
2972 3556 3554
2965 3553 3555
4147 3560 4145
2917 4146 3559
3561 2968 3558
3557 2932 3561
2969 3559 3560
3564 1530 3563
2975 4191 3562
4192 2478 3562
2496 3568 3566
3567 2988 3565
2994 3566 3569
3570 3569 3565
3568 2997 3567
3571 3568 3572
2999 3570 4606
2985 4604 3570
2005 3575 3574
3577 3000 3573
3573 1594 4200
2499 3577 4201
3001 3574 3576
3579 2501 3580
3583 3003 3578
2057 3581 3578
2505 3582 3580
3581 2504 3583
3002 3579 3582
3589 3027 3586
3586 3005 3587
3011 3585 3584
2524 3588 3585
3604 3589 3587
3588 3033 3584
2622 3591 3592
3598 3595 3590
3724 3590 3593
3594 2613 3592
2116 3593 3595
3591 3021 3594
3024 3597 3598
3596 3025 3600
3599 3591 3596
3020 3598 3600
3597 4209 3599
3603 3030 4205
4210 3023 3603
3028 3601 3602
3608 3588 3606
3606 1716 3607
3604 2523 3605
2522 3608 3605
3031 3604 3607
3610 3187 4782
4211 2521 3609
3614 4215 4214
4783 3035 3613
3612 2533 3614
3040 3611 3613
3616 3042 4216
3041 3615 3617
2060 3616 3618
4217 2535 3617
-1 4226 5075
4229 3051 4266
3060 4232 3623
2549 3623 4234
3622 2546 3621
2555 3626 3625
5271 3066 3624
3624 3072 4241
4249 -1 3628
2553 3631 3627
3631 3069 3630
4239 4250 3629
4252 3628 3629
3082 4254 3634
4258 3081 3635
3635 2082 3632
2088 3634 3633
2302 4264 3637
3639 3089 3636
3091 3639 4260
3642 3637 3638
4268 3077 3641
3080 4259 3640
3644 3639 3643
4799 4256 3642
3089 3642 3645
3646 3086 3644
4255 3083 3645
3105 4272 3648
3647 3650 4276
-1 4278 3650
3648 4270 3649
3652 3099 3654
3098 3651 3653
3655 3103 3652
4802 3655 3651
-1 3653 3654
4273 3104 3657
3137 3658 3656
3657 3131 3659
3658 2587 3660
3659 -1 4271
3663 4286 3662
3120 3665 3661
3115 3661 3664
3665 -1 3663
3662 3118 3664
3670 4283 3669
4280 3109 3668
2541 3669 3667
2580 3666 3668
4285 3666 3672
3672 2684 4289
3670 2579 3671
3125 3677 3674
3675 -1 3673
3676 3116 3674
2578 3675 3677
3673 3123 3676
3679 3125 3681
3124 3678 3680
2586 3679 3682
3678 -1 3682
2098 3680 3681
3146 3685 -1
-1 3685 4291
3684 3683 3686
3685 3147 3688
2105 4293 3688
3686 2595 3687
3691 -1 3690
3149 3693 3689
2267 3689 3692
3693 2755 3691
3690 3148 3692
4352 3697 3698
3157 3700 3696
3697 2614 3695
3694 3151 3696
2603 3694 3699
3700 2107 3698
3695 3158 3699
3703 2611 3702
3163 3705 3701
3704 2618 3701
2616 3703 3705
3702 3165 3704
3738 4294 4809
3709 3739 4295
4297 4351 3709
3166 3707 3708
4340 3949 3714
3167 3713 4376
3714 3950 5378
3711 3170 3714
3710 3712 3713
3716 2629 3717
3719 3184 3715
3251 3718 3715
3717 2679 3719
3182 3716 3718
3725 3190 3721
3720 3189 3722
3013 3723 3721
3722 2622 3724
3723 3592 3725
3191 3720 3724
3727 1679 3729
3728 3193 3726
3852 3727 3731
2623 3730 3726
3736 3732 3729
2625 3728 3732
3730 3199 3731
3192 3734 3735
3200 3736 3733
3736 2624 3733
3734 3730 3735
3202 4819 4327
3742 3706 3739
3707 3740 3738
3739 3166 3741
3203 3743 3740
3738 3743 4822
3742 3741 3746
3745 2647 4300
3746 3204 3744
4298 3743 3745
3748 4831 4846
3239 3747 4311
4307 -1 5497
3753 3205 3751
3750 2648 3752
2650 3754 3751
3207 3750 3826
3228 3827 3752
4814 4435 4317
3209 4318 4434
4437 4813 3758
4818 3762 3757
3224 3760 3761
3759 3811 4436
3221 3759 3762
3758 3201 3761
2647 4325 4321
4333 4336 4863
3170 3766 4341
3769 4368 3765
3768 4356 3774
3212 3767 4344
4346 3766 3771
2114 4348 3771
3769 3169 3770
4349 3211 4358
4345 3774 4369
3773 3767 3775
3774 4871 3776
6057 4363 3775
3778 -1 3887
4500 3777 3780
3781 3954 4499
3778 3886 3781
3299 3779 3780
3783 3214 4375
3213 3782 4378
3914 4526 4891
3786 4304 4383
4836 3785 4902
3238 4454 4391
5394 4835 4903
4394 4408 3790
4366 4908 3789
4873 5274 4827
5370 4874 4395
3211 6010 4359
4904 6047 4403
3796 3948 4343
3797 3795 4410
4573 3796 4922
4424 4533 4940
3800 3219 3809
3217 3799 3801
3802 2161 3800
4438 2145 3801
2653 3806 3804
3807 3223 3803
2648 4432 3806
3803 2650 3805
3810 3804 4433
3814 3224 4440
4439 3799 3813
3815 3807 3811
3760 3814 3810
3219 3817 3813
3814 3809 3812
3808 3813 3811
3223 3810 3816
3817 3244 3815
3243 3816 3812
3822 3226 3819
3818 2651 3820
3235 3821 3819
3820 4464 3822
3227 3818 3821
4954 3207 3825
3827 3840 5740
5742 3823 3826
3753 3827 3825
3826 3754 3824
4542 3830 3832
3230 3833 4452
4453 3828 4450
3834 4544 3832
3828 3833 3831
3832 3829 3835
2664 3831 3835
3833 3229 3834
4313 4991 4465
4462 4469 4461
4460 3841 4982
3840 3228 4984
3824 3839 3841
3838 4858 3840
3843 3283 3923
2258 3842 3844
3845 2656 3843
3921 3231 3844
3848 2661 3847
3237 4850 3846
4848 2657 3846
3854 3258 3850
3849 2681 3851
3193 3852 3850
3851 3728 3853
3852 2625 3854
3259 3849 3853
3421 3856 4474
3855 3423 4477
3860 3864 3861
2709 3859 3862
3858 2711 3860
3270 3857 3859
3857 2780 3863
3863 2777 3858
2776 3862 3861
3857 5066 3866
4262 3866 4479
3865 2780 3864
3868 3870 4490
3273 3867 3869
4488 3872 3868
3867 3871 5017
3870 3272 5910
3869 5002 3874
-1 3874 4999
3873 3271 3872
3404 3877 -1
3877 3407 -1
3875 4018 3876
-1 5142 3879
4633 3880 3878
3879 3883 -1
3404 -1 3882
3883 4634 3881
3880 3882 -1
-1 4501 3904
4505 3298 3886
3780 3887 3885
3777 3888 3886
3887 -1 3889
3276 4506 3888
4512 4510 -1
3892 -1 5042
2771 3891 3896
3339 3895 3899
3896 5043 3900
3893 2770 3896
3892 3894 3895
3898 3334 3899
3333 3897 5046
3893 3900 3897
3899 3894 5045
4503 3902 3904
3901 4522 4511
-1 3904 4513
3903 3884 3901
4518 3929 5047
3908 4524 4523
4887 -1 3909
3910 3906 4938
3907 3910 3911
3909 4525 3908
3912 4889 3909
4936 4536 3911
4527 3282 5518
3915 3784 4540
3282 3914 3916
4538 2726 3915
3919 4546 3920
4429 3919 3922
3918 4423 3917
3234 3921 3917
3845 3923 3920
4427 3918 3923
3921 3842 3922
4971 4543 4448
3930 3286 3926
3925 2727 3927
2769 3928 3926
3927 3333 3929
3905 3930 3928
3288 3925 3929
3933 -1 3932
3937 5054 3931
4548 2732 3931
5056 3937 4558
3936 2266 4557
-1 3935 3937
3934 3932 3936
3939 3102 4551
3940 2569 3938
5059 3291 3939
3320 3942 4553
3941 3315 -1
3944 2731 4560
4569 3338 3943
2770 3946 3947
3339 4570 3945
4566 2772 3945
3795 4571 3949
3950 3710 3948
3712 3949 4574
-1 4579 4576
3953 3300 4379
3299 3952 3956
3779 3956 3955
4578 4498 3954
3953 3957 3954
3956 4380 4581
3960 2781 3959
3357 5523 3958
3964 3958 4585
3962 -1 4588
3963 -1 3961
3054 3962 3964
3965 3960 3963
4589 3358 3964
5528 3359 5546
3969 5539 5083
5085 3970 3969
5090 3967 3968
3968 3362 4593
4093 4596 4595
3973 -1 5107
-1 3972 4690
3985 4602 4608
4603 3379 3976
3979 -1 3975
3978 4001 -1
3389 3977 3981
-1 3976 3980
3989 3981 3979
3978 -1 3980
3377 3983 3984
3982 3379 3985
3985 2786 3982
3983 3974 3984
3990 3378 3987
3986 2789 3988
3389 3989 3987
3988 3980 3990
3379 3986 3989
4605 2987 3992
2792 3993 3991
3380 4607 3992
2786 4609 3995
4611 3369 3994
3395 3999 3997
4001 3388 3996
3999 -1 4000
3402 3998 3996
-1 4001 3998
3977 3997 4000
4003 3391 4158
3398 4002 5583
4011 3403 4614
4626 -1 5564
4007 2800 4619
4621 3400 4006
4009 2803 -1
-1 3401 4008
4011 4616 -1
4004 4010 -1
4628 -1 4013
3405 4014 4012
4013 3408 5133
4021 2810 4017
4018 3404 4635
3409 4018 4015
3877 4016 4017
2808 4021 4020
4631 4027 4019
4015 4636 4019
4026 4632 5140
5611 2332 4024
3410 4639 4023
4026 4638 4641
4022 4025 4027
4020 4026 4028
4640 3411 4027
3412 4031 4032
4031 5150 4643
2832 4030 4029
4029 4642 -1
5152 2826 5607
4664 2843 4035
3414 5165 4034
3415 4040 4037
4038 3416 4036
4043 4037 4039
4040 2834 4038
4036 4667 4039
2838 4042 4043
3443 4045 4041
4044 4038 4041
3418 4043 4045
4042 3419 4044
4049 2841 4047
3419 4048 4046
3443 4051 4047
2842 4046 4050
4051 2848 4049
4048 4088 4050
4662 -1 4652
4074 4054 -1
4053 2854 -1
3438 4656 4056
4080 4081 4055
4669 3414 4668
4692 4070 4061
4060 4691 4061
5113 4059 4675
4058 4062 4059
4061 4671 4673
4064 3421 5177
4674 3424 4063
2847 4066 -1
4065 3423 4067
3425 -1 4066
4070 4696 4069
2853 4074 4068
4071 4058 4068
4672 4070 4072
3432 4071 4073
-1 4072 4074
4069 4053 4073
4076 5112 4676
3434 4075 4077
4078 2710 4076
5175 4486 4077
4080 4654 -1
4056 4079 4677
4056 4678 4680
4600 4683 -1
4684 3436 4084
2352 4085 4083
4084 1806 4086
4685 4085 5184
4089 3440 4088
4051 4091 4087
3441 4087 4090
3437 4089 4091
4088 3442 4090
3449 4094 -1
4094 3971 -1
4092 3451 4093
3454 4695 5120
3481 4099 4097
3473 4096 4098
4101 2906 4097
4096 3483 4100
3487 4101 4099
4100 3485 4098
4107 4110 4700
4106 2928 4109
2912 4105 4108
4115 4107 4104
4107 4117 4103
4102 4106 4105
4109 4124 4104
2403 4108 4103
4102 4115 4111
4112 3539 4110
4762 4111 4113
3543 4112 4114
4115 2911 4113
4110 4105 4114
4734 2928 4117
4106 4118 4116
4117 4701 4121
4121 4766 5622
4735 4121 4704
4120 4118 4119
3493 4125 4124
4126 1840 4124
4108 4122 4123
4122 4203 4127
4127 3497 4123
3496 4126 4125
4138 4129 5650
4128 3502 4131
4131 3361 5211
3360 4130 4129
4133 5208 5218
4137 4132 4728
2305 4135 4136
3502 4138 4134
4137 3505 4134
4138 4133 4136
4135 4128 4137
3503 4724 4141
4726 1445 4141
1898 4139 4140
4146 2918 4143
3507 4144 4142
4143 4722 4145
3557 4146 4144
4145 3558 4142
4165 3557 4720
3511 4151 4149
5224 3516 4148
4151 2449 4152
4148 3513 4150
4150 2452 4153
2397 5223 4152
3399 4156 4155
4157 3520 4154
5128 4158 4154
3518 4155 4158
4156 4002 4157
5636 5592 4741
4162 2930 4733
5593 4162 4742
4161 3522 4160
2932 4165 4164
4166 3535 4163
4147 4167 4163
3537 4164 4167
4165 4750 4166
3538 4181 4748
4170 3537 4749
3536 4169 4173
4183 4745 5235
3536 4173 4175
4170 4174 4172
4173 4747 4185
4176 2419 4172
4184 2934 4175
4178 5227 4774
3539 4177 4179
4772 4764 4178
4181 4759 4776
4746 4168 4180
4190 3540 4184
4185 4171 4189
4176 4185 4182
4184 4174 4183
3542 4190 4188
5233 4188 4189
4187 3545 4186
4190 4183 4187
4182 4189 4186
4192 3563 4194
3564 4191 4197
1954 4195 4194
4191 2976 4193
4193 1953 4196
2977 4198 4195
2477 4192 4198
4196 2978 4197
2916 4203 4200
4201 3575 4199
3576 4200 4202
4203 3495 4201
4125 4202 4199
4205 2642 4206
4210 3601 4204
3178 4207 4204
4206 3179 4208
4207 3171 4209
3600 4210 4208
3602 4205 4209
3610 4780 4212
3016 4211 4213
4214 3042 4212
4784 3611 4213
3611 4218 4216
4217 3615 4215
3618 4216 4220
4215 3040 4219
4218 2069 4220
2534 4217 4219
5074 4230 4223
3358 5073 4224
4796 4224 4221
4223 3090 4222
4226 -1 4227
4230 3619 4225
-1 4228 4225
4227 3070 4229
3620 4231 4228
4221 4226 4231
4229 4794 4230
4235 3621 4788
4236 2075 4234
3622 4235 4233
4232 4237 4234
3066 4233 4238
4235 4792 4239
4239 2555 4236
4237 3630 4238
2554 4785 4241
5272 3626 4240
4247 4790 4243
4244 2591 4242
4245 3140 4243
3139 4244 4246
4789 3059 4245
4251 4242 4248
4247 2103 4249
3627 4253 4248
4252 3630 4793
4247 4253 4791
3631 4250 4253
4251 4249 4252
4258 3632 4255
3646 4256 4254
4255 3643 4257
4265 4259 4256
3633 4254 4259
4257 3641 4258
3638 4264 4261
4262 2300 4260
4263 3865 4261
2779 4262 4264
4260 3636 4263
4268 4257 4797
4795 3620 4267
3079 4268 4266
3640 4265 4267
-1 4270 4271
3650 4272 4269
4273 3660 4269
4270 3647 4273
3656 4271 4272
4804 2570 4275
2572 4276 4274
3648 4278 4275
4278 -1 4800
4276 3649 4277
3107 4280 4281
3667 4283 4279
4282 2585 4279
4283 3121 4281
4280 3666 4282
3122 4285 4287
3670 4289 4284
3661 4287 4288
4286 3117 4284
2577 4286 4289
4285 3671 4288
4292 3149 4291
3684 4293 4290
3148 4290 4293
4291 3687 4292
5323 3706 4820
4297 3707 4810
4805 3211 4297
3708 4295 4296
3746 4301 4825
4320 4303 4300
4301 3744 4299
4302 4298 4300
4826 4301 6250
4322 6251 4299
3785 4834 4833
4841 5278 4837
4843 -1 6228
3749 4308 4845
4307 5842 4310
4472 5709 4310
4312 4308 4309
3748 4312 5291
4847 4310 4311
4314 3836 4315
5710 4471 4313
4466 4316 4313
4315 3236 4849
3755 4318 4852
4317 3756 4963
4321 4328 4330
4322 4299 4321
3763 4319 4320
4323 4303 4320
4331 4865 4322
4325 2146 4326
4328 3763 4324
2632 4327 4324
3737 4855 4326
4319 4325 5303
4864 4331 6020
4331 4319 5305
4323 4330 4329
-1 5317 5837
-1 3764 4335
4335 4338 -1
5321 4334 4333
4862 3764 -1
4339 -1 4338
4334 4867 4337
4337 4868 -1
4343 3710 4341
3765 4371 4340
4405 4343 4370
4342 3795 4340
3768 4345 4347
4344 3773 4346
3769 4348 4345
3210 4344 4348
4346 3770 4347
3772 4355 4351
4352 2603 4351
3708 4349 4350
4353 3694 4350
3150 4352 4354
4355 3212 4353
4349 4357 4354
3767 4357 4869
4355 4358 4356
4357 3772 4359
3793 4360 4358
4359 5275 4870
4407 4362 4881
4393 5354 4361
4373 3776 4364
5366 4367 4363
4366 4406 4372
4367 3790 4365
4364 4882 4366
4371 3766 4369
3773 4373 4368
4342 4371 4372
4370 4341 4368
4373 4365 4370
4363 4372 4369
2277 4376 4375
4885 3782 4374
3711 4377 4374
4376 5377 4884
3783 4883 4379
4380 3952 4378
3957 4379 5519
4888 4531 -1
3240 4384 4383
4385 3785 4382
4382 5296 4385
4899 4383 4384
4388 4455 4897
5484 4898 4457
4391 4386 4389
5392 4390 4388
4389 5395 4901
3787 4388 4392
4900 5295 4391
4877 4362 4394
3789 4906 4393
3792 4396 5368
4395 4828 4398
5369 4398 4909
4397 4396 5282
4413 4879 4917
4919 4414 4918
-1 6045 4924
-1 4875 4403
3794 4928 4402
4409 4405 4407
4404 4342 4406
4365 4408 4405
4408 4361 4404
3789 4407 4406
4410 4404 4411
3796 4409 4412
4880 4413 4409
4414 4923 4410
4399 4414 4411
4413 4400 4412
-1 6252 5416
5424 4420 5397
4572 4418 4419
4417 4920 4420
5413 5790 4417
4416 5414 4418
4422 4430 4950
4423 4421 5427
3919 4422 5435
3798 4425 4426
4424 4944 4428
3285 4424 4427
4429 3922 4426
4431 4430 4425
4430 3918 4427
4428 4421 4429
4951 4428 5798
4433 3805 4434
3807 4432 4436
3756 4435 4432
4434 3755 4437
4437 3760 4433
3757 4436 4435
3802 4439 4441
3809 4440 4438
4439 3808 4442
4442 2643 4438
4440 3222 4441
4956 5743 4444
4959 4443 4952
4964 3208 4446
5454 4967 4445
4933 4974 4448
3924 5430 4447
4456 4450 4970
4449 3830 4972
5476 5470 5411
3829 4453 4454
3830 4456 4452
4455 3787 4452
4457 4386 4454
4453 4449 4457
4387 4455 4456
-1 4980 4988
4461 4468 4981
5839 3838 4461
3837 4459 4460
4463 3837 4983
4465 4993 4462
3821 4467 4985
3836 4463 4466
4467 4315 4465
3235 4466 4464
4459 4469 4989
4468 3837 4994
5498 4992 4471
4314 4472 4470
4471 4309 5844
5005 -1 4997
3855 5849 5178
4476 -1 5006
4477 2847 4475
5850 3856 4476
5855 3357 4479
3865 5016 4478
5034 5019 5913
4489 4483 5003
5500 5001 4483
4481 4487 4482
4487 4493 4485
4484 3274 4486
4078 5010 4485
4483 4484 5008
3869 4490 4489
4493 4481 4488
4488 3867 4491
5020 4492 4490
3275 4493 4491
4484 4489 4492
-1 5024 4496
5014 5505 5025
5504 -1 4494
5912 5026 5035
3955 -1 4499
4500 3779 4498
3778 4499 -1
3884 5039 4503
4521 4503 5516
4502 3901 4501
3302 4505 4507
3885 4506 4504
4505 3889 4508
4508 3316 4504
4506 3277 4507
-1 4510 5041
4509 3890 5048
4513 3902 4516
4515 3890 4513
3903 4511 4512
4520 5044 4516
4512 4516 5049
4515 4511 4514
4519 3279 4518
3905 4520 4517
3280 4517 4521
4518 4514 4522
4522 4502 4519
3902 4521 4520
3906 -1 5440
-1 3906 4525
3910 -1 4524
4531 3784 4527
3913 4528 4526
4527 5513 4529
2649 4530 4528
-1 4531 4529
4381 4526 4530
4536 4937 4533
3798 4534 4532
3285 4539 4533
4890 4536 4541
3912 4532 4535
4539 3284 4538
3916 4540 4537
4541 4534 4537
4538 3914 4541
4535 4539 4540
4543 3828 4544
4547 3924 4542
3831 4545 4542
4544 3234 4546
3917 4547 4545
5434 4543 4546
3933 5055 4550
3098 4550 4551
2733 4548 4549
5057 3938 4549
4553 -1 4554
3941 4552 4555
3328 4556 4552
2756 4553 4556
4554 3326 4555
4558 3935 4563
3934 4557 4559
3289 4558 4560
4564 3943 4559
-1 4567 4562
4563 2266 4561
4564 4557 4562
4560 4563 4568
-1 4566 4567
3947 4570 4565
4568 4561 4565
4564 4567 4569
3944 4568 4570
4566 3946 4569
4574 3948 4573
4573 4417 5384
3797 4572 4571
3950 4571 5381
6081 -1 4576
3951 5522 4575
4579 -1 4578
3955 4581 4577
4580 3951 4577
5521 4579 4581
4578 3957 4580
5022 5031 4583
5065 3270 4582
5069 -1 4586
3960 5524 4587
-1 4587 4584
4586 3054 4585
4589 3961 4590
3965 4588 5072
-1 5077 4588
3361 5086 5547
2337 5103 4593
4594 3970 4592
5089 4593 5098
3971 5890 -1
5891 3971 4597
4596 3450 4598
3384 5126 4597
3386 5105 -1
4688 4082 -1
5576 4602 -1
4601 3974 4603
3975 -1 4602
4606 3572 4605
3991 4607 4604
3571 4604 5114
4605 3993 5117
3974 5577 4609
5122 3994 4608
3370 4611 5886
3995 5123 4610
3393 5585 4613
4614 2804 4612
4615 4004 4613
4617 4614 5897
4010 4617 6126
4616 4615 6354
5552 5560 -1
4620 4006 -1
4624 4619 -1
4007 4624 4623
5561 4623 4626
4622 5095 4621
4621 4620 4625
4624 -1 4626
4625 4005 4622
-1 4628 4629
4012 5132 4627
-1 4627 4630
5131 2073 4629
4020 4636 4632
4022 4631 4633
4634 3879 4632
3882 4633 4635
4636 4016 4634
4631 4021 4635
5136 5613 4638
4025 5141 4637
5917 4024 4640
4028 4641 4639
4640 4025 5612
-1 4032 4647
4647 4030 5603
4645 -1 4646
5155 4644 5604
-1 4647 4644
4646 4642 4643
5617 5147 4649
5143 4650 4648
4649 -1 5160
-1 4653 4652
4655 4052 4651
4651 -1 4654
4079 4656 4653
4660 4652 4656
4654 4055 4655
2844 4658 4659
4665 4660 4657
4660 3437 4657
4658 4655 4659
-1 4662 4663
4052 4665 4661
4664 5164 4661
4034 4663 4665
4662 4658 4664
4667 3415 -1
4040 4666 4668
-1 4057 4667
4057 -1 5166
3424 4671 5172
4062 4672 4670
4671 4071 5167
4675 4062 4674
4064 5173 4673
4060 4673 4676
5176 4075 4675
4080 5180 4678
5190 4081 4677
5185 1806 4681
4081 5183 4682
3441 4682 4679
4681 3438 4680
5186 4082 5182
4083 4685 4686
4086 4687 4684
5109 4684 4690
4685 5181 4688
4600 4689 4687
4688 -1 4690
4689 3973 4686
4059 5118 4693
4696 4058 4693
4691 4694 4692
4693 5121 4695
4694 4095 4697
4068 4692 4698
4695 3456 4699
4699 2853 4696
4697 3446 4698
4701 4102 4702
4118 4700 5250
3539 5246 4700
4737 4704 5927
4120 5619 4703
5655 5201 5942
4707 3506 4731
3508 4706 4757
5207 4710 5209
4716 5652 5079
4708 4717 4711
5971 4710 4712
4714 5213 4711
4719 5953 4714
4712 4717 4713
5078 4718 4716
4717 4709 4715
4714 4710 4716
4719 4715 5976
4713 4718 5672
4721 4147 4722
4751 4720 4723
4144 4723 4720
3509 4721 4722
4726 4139 5216
5222 2398 4726
4140 4724 4725
5217 3505 4728
4133 5219 4727
3517 4730 5225
4729 3516 5221
4732 4706 5226
4758 4731 6000
4740 4160 4734
4116 4735 4733
4734 4120 4737
4738 4743 4739
4735 4703 4738
5926 4736 4737
4740 4736 6384
4733 4739 4742
6385 4159 4742
4161 4740 4741
4736 5925 6382
5231 4745 4778
4744 4171 4747
4181 4779 4748
4174 4749 4745
4168 4746 4749
4747 4169 4748
4167 4751 4752
4750 4721 4755
4753 3538 4750
4756 4760 4752
4755 3509 4757
4756 4751 4754
4753 4755 4761
4707 4758 4754
4757 4732 6205
4180 4760 5197
4753 4761 4759
4756 6206 4760
5228 4112 4763
3543 5234 4762
4179 4765 5247
4773 4771 4764
4119 5251 4767
5252 5620 4766
4769 5237 5256
4771 6008 4768
5248 4771 5255
4770 4765 4769
4179 4774 4773
5685 4765 4772
4772 4177 5240
5932 5683 5259
5691 4180 5195
5242 5230 4778
4744 4779 4777
4778 4746 5689
4784 4211 4782
3034 4783 4782
4780 3609 4781
3612 4784 4781
4214 4780 4783
4787 4240 -1
2076 5267 5264
4785 5265 5270
4792 4232 4789
4246 4790 4788
4789 4242 4791
4251 4793 4790
4237 4788 4793
4791 4250 4792
4231 4795 4796
4266 4797 4794
4798 4223 4794
4795 4265 4799
3091 4796 4799
4797 3643 4798
4804 4277 4801
-1 4802 4800
4801 3654 4803
3099 4804 4802
4274 4800 4803
4296 4810 4806
4807 6012 4805
4808 5754 4806
5324 4807 4809
3706 4808 4810
4805 4295 4809
4851 4812 4816
4857 5299 4811
3757 4814 4818
4813 3755 4816
4817 4854 4819
4811 4817 4814
4816 5298 4815
4819 3758 4813
4815 3737 4818
4821 4294 4822
5341 4820 5768
3742 4823 4820
4824 5769 4822
5331 4823 4825
4298 4826 4824
4825 4302 5330
4828 3791 5276
4396 4827 4839
4830 5284 4838
4829 5277 5706
3747 4832 -1
4831 3240 4833
4304 -1 4832
-1 4304 4836
3788 -1 4836
4834 3786 4835
4305 5279 4838
4839 4829 4837
4828 4838 5283
6018 -1 4841
4840 4305 5285
5287 4860 -1
4306 5698 5290
-1 4845 4846
4307 4847 4844
4847 3747 4844
4845 4312 4846
3848 4850 4849
5711 4316 4848
4848 3847 5293
4853 4811 4852
4317 4965 4851
4966 4856 4851
4815 5297 4855
5304 4327 4854
4853 5728 4857
6029 4812 4856
3841 4859 5314
5838 5318 4858
4842 5328 4861
4862 -1 4860
4336 4861 5326
3764 5327 5319
4865 4329 6022
4323 4864 6334
4867 5320 5339
5337 4338 4866
5335 4339 5338
4356 4870 4871
4869 4360 4873
3775 4869 4872
4874 5371 4871
3791 4874 4870
4873 3792 4872
4402 5347 4876
4877 4905 4875
4393 4876 5348
5344 5352 -1
4399 4880 5343
4879 4411 4881
4361 5353 4880
4367 5367 6049
5060 4378 4885
4885 4377 5379
4375 4884 4883
4888 -1 4887
4886 3907 4889
4381 4886 4891
3911 4890 4887
4889 4535 4891
3784 4888 4890
5375 6086 5376
-1 5360 6068
4977 -1 5387
5389 5391 4897
4976 5388 4898
4386 4898 4895
4897 4387 4896
4902 4385 4900
4392 4901 4899
4900 4390 4903
3786 4899 4903
4901 3788 4902
4907 3794 4905
4876 4906 4904
4905 4394 4908
6048 4904 4908
4906 3790 4907
4397 4912 6061
-1 6060 4911
4912 -1 4910
5703 4911 4909
4915 5346 -1
5342 4915 4917
4914 4913 4916
-1 5407 4915
4918 4399 4914
4400 4917 5405
4921 4400 5404
4418 4922 5398
4919 5399 4923
4920 3797 4923
4412 4921 4922
-1 4401 4925
5770 4926 4924
4925 5359 -1
6046 -1 4928
-1 4403 4927
4931 4930 5449
4929 -1 5805
4929 5453 -1
4933 5432 5812
4447 4932 5466
5429 4935 5433
4934 5437 5813
3912 4938 4937
4532 4936 4940
4936 3908 4939
5438 4941 4938
4941 3798 4937
4939 4945 4940
-1 4943 5442
4942 4949 4946
4425 4945 5799
4941 4947 4944
4947 4943 5802
5439 4946 4945
5421 4949 -1
4943 -1 4948
4421 4951 5446
4431 5448 4950
4444 5749 -1
4955 4962 5456
3823 4956 4955
5462 4953 4954
4954 4443 5463
5828 4958 -1
4957 5823 5459
5464 4444 -1
5465 5458 4961
5818 4962 4960
4961 4953 5461
4965 4318 4964
4445 4967 4963
4966 4852 4963
4853 4965 5311
4964 4446 5309
5409 5481 4969
4968 5486 5477
4449 5480 5485
4972 3924 4974
4973 4450 4971
5479 4972 4975
4447 4975 4971
4974 5472 4973
4977 4896 5483
4979 4894 4976
5482 5408 4979
-1 4977 4978
4458 5487 4981
5835 4459 4980
3838 4984 4983
4985 4462 4982
4982 3839 4985
4464 4983 4984
5493 4990 4995
-1 4988 5492
4987 4458 4989
4468 5494 4988
4986 4994 4992
4993 3836 4992
4470 4990 4991
4463 4991 4994
4990 4469 4993
5490 4986 5499
-1 4998 4997
5000 4473 4996
4996 -1 4999
3873 5002 4998
5007 4997 5001
5003 4482 5000
4999 3872 5003
4481 5001 5002
-1 5005 5006
4473 5007 5004
5851 4475 5004
5005 5000 5501
4487 5010 5846
5174 5848 5010
5008 4486 5009
5015 5509 5506
-1 5503 5512
5854 5016 5014
5015 4495 5013
5064 5011 5014
5013 4479 5067
3870 5018 5020
5600 5019 5017
5018 4480 5022
5021 4491 5017
2712 5020 5022
5019 4582 5021
5024 -1 5071
5025 4494 5023
4495 5024 5856
5029 4497 -1
-1 5510 5028
5029 -1 5027
5026 5028 5033
5063 5031 5032
5030 4582 5034
5033 5507 5030
5029 5032 5035
5031 4480 5035
4497 5033 5034
5038 -1 5037
2649 5514 5036
-1 5036 5039
5515 4501 5038
-1 5041 5042
4509 5050 5040
5043 3891 5040
3894 5042 5051
5053 4514 5047
5046 3900 5052
3898 5045 5047
5044 3905 5046
5050 4510 5049
4515 5053 5048
5051 5041 5048
5043 5050 5052
5053 5045 5051
5044 5052 5049
5055 3932 5056
5057 4548 5054
5054 3934 5058
4551 5055 5059
3289 5059 5056
3940 5057 5058
4883 5061 5520
5060 5380 6087
5508 5064 5063
5065 5030 5062
5015 5067 5062
4583 5063 5066
5067 3864 5065
5064 5016 5066
-1 5069 5070
4584 5525 5068
-1 5068 5071
5857 5023 5070
4589 5077 5073
5074 4222 5072
4221 5073 5075
3619 5074 5076
5077 -1 5075
5072 4590 5076
5204 4715 5079
4709 5663 5078
5082 5868 5081
5533 6262 5080
-1 5080 6259
3967 5084 5085
5543 5086 5083
5088 3968 5083
5084 4591 5087
5086 3360 5088
3362 5085 5087
5090 4594 5549
3969 5089 5874
5559 5878 5101
5102 5096 5562
2816 5094 5104
5093 2817 5566
4623 5096 5097
5092 5570 5095
3400 5095 5568
4594 5103 5099
5101 5548 5098
5104 5569 5102
5102 5091 5099
5092 5101 5100
5098 4592 5104
5093 5100 5103
5106 4599 5111
-1 5105 5107
3972 5106 5109
3436 5109 5110
5108 4686 5107
5111 2852 5108
5105 3385 5110
4075 5116 5113
5573 4060 5112
4606 5571 5115
2984 5114 5116
5112 3434 5115
5572 4607 5119
5121 4691 5574
5117 3381 5120
4095 5121 5119
4694 5118 5120
4609 5125 5123
5580 4611 5122
5125 -1 5579
5575 5124 5122
5892 4598 5127
5126 3383 5887
5584 4156 5589
3521 5594 5587
5134 2074 5131
4630 5132 5130
5131 4628 5133
5132 4014 5135
5135 3056 5130
3055 5134 5133
4637 5139 5137
5146 5136 5144
5145 5139 -1
5138 5136 5597
5141 4022 5142
5598 4638 5140
3878 5599 5140
-1 4649 5144
5137 5145 5143
5144 5138 -1
5614 5137 5147
4648 5920 5146
5608 5602 5152
5150 2837 5151
4030 5149 5601
2836 5152 5149
4033 5148 5151
5606 5609 5616
5155 5157 -1
-1 4645 5154
5162 -1 5157
5154 5158 5156
5157 5605 5163
-1 5161 5160
5618 4650 5159
-1 5162 5159
5156 5163 5161
5162 5158 5615
4663 5165 -1
5164 4035 5166
4669 -1 5165
5172 4672 5169
5169 -1 5170
5167 3433 5168
-1 5171 5168
5170 3420 5172
4670 5167 5171
5176 4674 5177
5178 5009 5175
4078 5176 5174
4676 5173 5175
5173 4063 5178
4474 5174 5177
5187 5180 -1
5179 4677 -1
4687 5184 5182
5192 4683 5181
5185 4680 5191
5181 4086 5185
4679 5183 5184
4683 5189 -1
5190 5179 5188
-1 5189 5187
5188 5186 5192
4678 5187 5191
5192 5183 5190
5182 5191 5189
5943 5200 5656
5936 5195 5199
5194 4776 5197
6209 5200 5198
4759 5198 5195
5197 6202 5196
5200 6189 5194
5196 5193 5199
5202 4705 5628
5624 5201 5203
5632 5963 5202
5078 5205 5977
5204 5661 5634
5207 5220 5208
4708 5206 5653
4132 5651 5206
6199 4708 5973
3359 5658 5211
5212 4130 5210
5664 5649 5211
4712 5954 5670
5630 5668 6165
5217 5680 5674
5678 4724 5217
4727 5215 5216
5219 4132 5220
5681 4728 5218
5206 6321 5218
5677 4730 5224
4725 5679 5223
5224 4153 5222
4149 5223 5221
4729 5676 5226
5998 4731 5225
4177 5228 5229
4762 5232 5227
5230 5238 5227
4777 5229 5231
5232 4744 5230
5228 5236 5231
5234 4187 5235
5236 4763 5233
4171 5236 5233
5232 5234 5235
4768 6219 6178
5229 5244 5240
5245 5687 5241
5241 4774 5238
5684 5240 5239
4777 5243 5244
5242 5690 5261
5245 5238 5242
5239 5244 5262
5250 4702 5247
4764 5248 5246
5247 4770 5249
5253 5251 5248
4701 5246 5251
5249 4766 5250
4767 5253 5254
5252 5249 5255
5257 5928 5252
4770 5256 5253
5255 4768 5257
5967 5254 5256
5686 5262 5259
5260 4775 5258
5263 5259 5261
5262 5243 5260
5245 5261 5258
5933 5260 5688
4786 5265 -1
5264 4787 -1
3062 5268 5267
5270 4786 5266
5266 3065 5269
3067 5271 5268
4787 5267 5272
3625 5272 5269
4241 5270 5271
5694 5277 5275
3791 5275 5276
4360 5273 5274
5277 4827 5274
5273 4830 5276
5281 4305 -1
5283 4837 5281
5281 -1 5700
5278 5280 5279
5701 4398 5283
4839 5279 5282
4829 5704 5285
6019 4841 5284
5750 5287 5288
4842 5289 5286
5290 5697 5286
5287 -1 5290
4843 5288 5289
4311 5707 5292
5296 3239 5291
5708 4850 5294
5293 3238 5295
4392 5296 5294
4384 5292 5295
5300 4854 5298
4817 5299 5297
5298 4812 5713
5301 5297 5712
5304 5300 5302
5717 5306 5301
4328 5304 5305
4855 5301 5303
5306 4330 5303
5302 5307 5305
5306 5716 6021
-1 5719 5730
5311 4967 5727
5724 5312 5311
4966 5309 5310
5310 6034 5729
6036 5715 -1
4858 5316 5741
5317 -1 5745
5746 5314 5318
5318 4332 5315
5316 4859 5317
4863 5325 5321
4866 5321 5322
5320 4335 5319
5323 5340 5320
4294 5322 5324
5325 4808 5323
5319 5755 5324
4862 5328 5327
5756 4863 5326
5326 4860 5751
5759 6339 5760
5331 4826 5757
4824 5330 5767
-1 5333 5761
5332 -1 5336
-1 5335 5336
4868 5764 5334
6041 5333 5334
4867 5339 5338
5766 4868 5337
5337 4866 5340
5322 5341 5339
5340 4821 5765
5346 4914 5343
4879 5356 5342
5355 4878 5345
-1 5346 5344
5345 4913 5342
5350 4875 -1
4877 5350 5357
5350 -1 5351
5347 5349 5348
-1 5352 5349
5351 4878 5358
5356 4881 5354
5353 4362 5357
5344 5356 5358
5355 5343 5353
5348 5358 5354
5357 5352 5355
4926 5364 5385
5361 4893 5386
5780 5360 5363
6052 5365 5363
5361 5364 5362
5363 5359 5771
5362 5367 5772
5367 4364 6058
5365 4882 5366
4395 5369 5370
5368 4397 5774
5372 3792 5368
4872 5372 6056
5370 5373 5371
5372 5775 5773
-1 5786 5783
4892 5792 6071
5383 4892 5380
4377 5378 5379
5377 3712 5382
5380 4884 5377
5061 5379 5376
4574 5384 5382
5383 5378 5381
5376 5382 5793
5381 4572 5791
5359 5386 -1
5385 5360 -1
4894 -1 5388
5389 4896 5387
4895 5388 -1
-1 5393 5392
4895 -1 5392
5390 4389 5391
5390 -1 5395
3788 5395 -1
4390 5393 5394
-1 5397 5400
5396 4416 5398
4920 5399 5397
5398 4921 5401
5401 -1 5396
5399 5403 5400
-1 5403 5406
5401 5404 5402
5403 4919 5405
4918 5407 5404
5407 -1 5402
5405 4916 5406
4978 5409 -1
5408 4968 5410
5794 -1 5409
5796 4451 -1
5414 5423 5420
4419 5414 5418
5413 4420 5412
5419 -1 5416
5415 4415 5417
5789 5418 5416
5413 5420 5417
-1 5415 5420
5418 5412 5419
5803 4948 5422
5451 5421 -1
5412 5424 -1
4416 -1 5423
-1 5426 5814
5425 5808 5809
5428 4422 5447
5429 5431 5427
4934 5428 5445
5432 4448 5434
5428 5433 5435
4932 5430 5433
5431 4934 5432
5430 4547 5435
4423 5431 5434
5444 6099 5437
5816 4935 5436
5439 4939 5440
5442 4947 5438
4523 5441 5438
5440 -1 5442
4942 5439 5441
5446 5450 5806
5807 5436 5445
5429 5447 5444
4950 5443 5447
5445 5427 5446
5450 4951 5800
5453 4929 5450
5443 5448 5449
5422 5452 5801
5451 -1 5453
5452 4931 5449
5825 4446 5455
3206 5456 5454
4953 5819 5455
5763 6338 -1
4960 -1 5820
-1 4958 5460
5817 -1 5459
5829 4962 5462
4955 5463 5461
5462 4956 5464
4959 5831 5463
4960 5830 -1
4933 5469 5467
5468 5473 5466
5832 5467 6102
5810 6100 5466
4451 5471 -1
5474 5833 5470
4975 5473 5475
5467 5474 5472
5473 5471 5476
5476 5478 5472
4451 5475 5474
4969 5480 5795
5475 5797 5479
5480 4973 5478
5477 4970 5479
5486 4968 5482
4978 5483 5481
5482 4976 5484
5483 4387 5485
4970 5486 5484
5485 4969 5481
5834 4980 -1
5491 5490 -1
5490 5495 -1
4995 5489 5488
5493 5488 5492
4987 5494 5491
4986 5491 5494
5492 4989 5493
5489 5840 5496
-1 5495 5497
5843 3749 5496
4470 5845 5499
5841 4995 5498
5501 4482 5847
5852 5007 5500
5503 -1 5504
5506 5012 5502
4496 5505 5502
5504 4495 5506
5011 5503 5505
5032 5510 5508
5509 5062 5507
5512 5011 5508
5507 5027 5511
5510 -1 5512
5012 5509 5511
4528 5518 5514
5515 5037 5513
5039 5514 5516
4502 5515 5517
5518 3280 5516
5513 3913 5517
4380 5520 5521
5060 6083 5519
5522 4580 5519
6082 4576 5521
5524 3959 5853
5525 4585 5523
5858 5069 5524
-1 5527 5860
5526 5984 5982
3966 5530 5529
5908 5657 5528
5531 5528 5535
5906 5530 5863
5533 5536 5534
5081 5532 5542
5867 5535 5532
5534 5530 5545
5532 5869 5537
-1 5866 5536
5554 -1 6113
5540 3967 5873
6110 5544 5539
5544 6263 5542
5533 5545 5541
5547 5084 5544
5540 5541 5543
5542 5535 5546
5545 3966 5547
4591 5543 5546
5099 5879 5549
5550 5089 5548
5875 5549 5551
5880 5557 5550
5876 4618 6117
5555 5556 -1
-1 5538 5555
5870 5553 5554
5553 5558 6118
5551 6115 5558
5556 5872 5557
5091 5562 5560
5563 4618 5559
5562 4622 5564
5559 5092 5561
-1 5560 5564
4005 5563 5561
2850 5567 5566
5569 5094 5565
5565 2851 5568
5097 5570 5567
5100 5566 5570
5568 5096 5569
5573 5114 5572
5117 5574 5571
5113 5571 5574
5572 5118 5573
-1 5125 5577
5577 4601 -1
5575 4608 5576
-1 5883 5579
5580 5124 5578
5123 5579 5885
-1 5582 5881
5581 -1 5888
4003 5584 5585
5128 5895 5583
5898 4612 5583
6128 -1 5899
5129 5902 5590
5894 5589 5901
5588 5128 5591
5591 2404 5587
5589 3399 5590
4159 5904 5593
5594 4161 5592
6134 5129 5593
5907 5865 5596
-1 5861 5595
-1 5139 5598
5141 5599 5597
5598 5142 -1
5914 5018 5911
5150 5602 5603
5601 5148 5606
5604 4643 5601
4645 5603 5605
5158 5604 5606
5602 5153 5605
5608 4033 5610
5609 5148 5607
5916 5153 5608
2827 5611 5607
4023 5915 5610
5918 4641 5613
4637 5614 5612
5146 5919 5613
5618 5163 5616
5153 5924 5615
4648 5618 5923
5160 5615 5617
6147 4704 5623
4767 6152 5622
6148 5623 6153
5623 4119 5620
5621 5619 5622
5940 5202 5625
6392 6184 5624
-1 5950 5945
5964 6145 5965
5632 5201 5629
5654 5974 5628
5970 5214 5631
5962 5632 5630
5203 5628 5631
6195 -1 5975
6198 5205 5635
5665 5979 5634
4159 6383 5637
5642 5903 5636
5640 5645 -1
5640 -1 5987
5638 5639 5993
5642 6290 5647
5637 5641 5643
5990 5905 5642
5646 6159 -1
5638 5648 5646
6289 5644 5645
5648 5641 6288
5994 5647 5645
5212 5652 5650
4128 5649 5651
5653 5208 5650
5649 4709 5653
5207 5651 5652
5995 5629 5655
5654 4705 5656
5193 6208 5655
5529 5659 5658
5662 5210 5657
5657 6106 5660
5980 5666 5659
5205 5663 5665
5658 5666 5664
5661 5079 5664
5212 5662 5663
5666 5635 5661
5662 5660 5665
5670 5960 5996
5997 5214 5669
5668 5972 5670
5213 5667 5669
5956 5673 6317
4719 6318 5673
5671 5952 5672
5678 5215 5675
5682 5676 5674
5675 5225 5677
5221 5679 5676
5216 5674 5679
5677 5222 5678
5215 5681 6419
5219 6323 5680
5999 5675 6420
4775 6313 6216
5685 5241 6001
4773 5684 6009
5687 5258 6004
5239 5686 6003
5935 5263 5690
5690 4779 5691
5243 5689 5688
4776 5934 5689
6015 6229 5693
5705 5694 5692
5693 5273 6011
5699 6014 5696
5695 5752 5697
5288 5698 5696
5697 4843 5699
6230 5695 5698
5701 5280 5702
5282 5700 5703
-1 5703 5700
5702 4912 5701
6016 5284 5706
5706 5693 6231
4830 5705 5704
5708 5291 5709
5293 5707 5711
5707 4309 5710
4314 5711 5709
4849 5708 5710
5300 5713 5714
5712 5299 5721
5715 5718 5712
5313 5714 5723
5739 5307 5717
5716 5302 5718
5714 5738 5717
5308 5720 6026
-1 5722 5719
5723 5713 6030
5720 -1 5723
5715 5721 5722
5310 5727 6031
5822 6243 5726
5727 5824 5725
5724 5309 5726
6028 4856 5729
5312 5732 5728
5733 5308 5731
6027 5732 5730
5731 5729 5735
-1 5730 5736
-1 5737 6032
5736 5732 6035
5733 5735 5737
5734 -1 5736
5739 5718 6037
5716 5738 6233
5742 3824 5741
5314 5744 5740
3825 5740 5743
5744 4443 5742
5741 5747 5743
5746 5315 5748
5316 5745 5747
5744 5746 5749
-1 5749 5745
5748 4952 5747
5751 5286 5752
5756 5328 5750
5696 5753 5750
5752 6013 5754
4807 5755 5753
5325 5756 5754
5327 5751 5755
5758 5330 6342
6040 5757 5759
6341 5329 5758
5329 5763 6042
5332 6043 5762
5763 -1 5761
5457 5762 5760
6039 5335 5766
5766 5341 5768
5338 5765 5764
5331 6038 5769
4821 5769 5765
5768 4823 5767
5771 4925 6044
6053 5364 5770
5365 6054 5781
6055 5373 5779
5775 5369 6062
5373 5774 5776
6059 5778 5775
6070 6064 -1
5776 6066 5779
5781 5773 5778
6065 5361 5781
5772 5779 5780
6075 -1 5783
5374 5784 5782
5783 6084 6072
5786 -1 5787
6085 5374 5785
-1 6079 5785
6256 -1 6077
5790 5417 6091
4419 5789 5791
5793 5384 5790
6092 5375 5793
5383 5791 5792
6093 5410 5795
5477 5797 5794
5411 6094 5797
5795 5478 5796
5800 4431 5799
4944 5802 5798
5801 5448 5798
5451 5800 5803
5799 4946 5803
5421 5801 5802
-1 6096 5805
4930 5804 5806
5807 5443 5805
5444 5806 6097
6101 5426 -1
5426 5810 5811
5809 5469 5812
5813 5815 5809
5810 4932 5813
4935 5811 5812
6103 5425 5815
5811 5816 5814
5437 6105 5815
5821 5460 5826
5819 4961 5820
5827 5456 5818
5458 5821 5818
5820 -1 5817
5823 5725 5824
4958 5822 5826
5726 5825 5822
5454 5827 5824
5827 5817 5823
5819 5826 5825
6244 4957 -1
5461 5831 5830
-1 5465 5829
5829 5464 -1
5833 5468 -1
-1 5471 5832
5487 5836 5835
4981 5834 5839
5834 -1 5837
4332 5838 5836
5837 4859 5839
4460 5835 5838
5843 5495 5841
5499 5845 5840
4308 5843 5844
5497 5840 5842
5845 4472 5842
5841 5498 5844
5008 5848 5847
5852 5500 5846
5846 5009 5849
5848 4474 5850
4477 5851 5849
5006 5852 5850
5501 5847 5851
5858 5523 5855
5855 5013 5856
4478 5854 5853
5025 5857 5854
5071 5858 5856
5525 5853 5857
5861 -1 5860
5526 5862 5859
5909 5596 5859
5860 5981 6107
5531 5867 5865
5866 -1 5865
5595 5863 5864
5537 5864 5867
5863 5534 5866
5869 5080 -1
-1 5536 5868
5872 5555 5871
6111 5873 5870
5558 5870 5875
5871 5539 5874
5090 5875 5873
5874 5550 5872
5552 5877 5878
5876 6114 5880
5091 5876 5879
5880 5548 5878
5551 5879 5877
5581 5884 5882
5883 -1 5881
5885 5578 5882
5881 5893 5887
5580 5883 5886
4610 5885 5887
5884 5127 5886
5893 5582 5889
-1 5890 5888
5889 4595 5891
4596 5892 5890
5126 5893 5891
5884 5888 5892
5895 5588 5896
5898 5584 5894
6123 6121 5894
4615 5898 6120
5585 5895 5897
5900 5586 6272
6136 5899 6268
5588 5902 6124
5901 5587 6135
5637 5905 5904
6133 5592 5903
5643 6368 5903
5908 5531 5907
5595 5909 5906
5529 5906 6108
5861 6109 5907
5911 3871 -1
-1 5600 5910
-1 4497 5913
4480 5914 5912
5600 -1 5913
5916 5611 5917
5609 5915 5921
4639 5918 5915
5612 5922 5917
5922 5614 5920
5919 5147 5923
5916 5922 5924
5921 5918 5919
5617 5924 5920
5923 5616 5921
5948 4743 5926
5925 4738 5927
4703 6144 5926
5254 6181 5929
6143 6150 5928
6155 -1 6451
6156 6149 6154
4775 5933 6311
5263 5938 5932
5935 5691 5936
5688 5934 5938
5934 5194 5937
6188 5939 5936
5939 5933 5935
6309 5938 5937
5624 5941 5942
5940 5969 5944
4705 5940 5943
5944 5193 5942
5941 6190 5943
5626 5947 6175
5948 6146 6176
5945 6460 5948
5925 5946 5947
5950 -1 6158
6461 5626 5949
5952 5957 5959
5673 5951 5953
4713 5952 5954
5961 5213 5953
-1 5958 5957
5957 5671 -1
5951 5956 5955
5955 6162 5959
5961 5951 5958
5667 5961 6160
5954 5959 5960
6168 5631 6166
5203 6169 6393
5627 -1 6177
-1 5627 6284
-1 6373 6304
6182 5257 6179
6391 6387 6183
5941 6185 6187
5630 5974 5972
5973 4711 5972
5669 5970 5971
5974 5209 5971
5970 5629 5973
5978 5633 6192
6319 4718 5977
5204 5978 5976
6197 5975 5977
5986 5635 5980
5979 5660 5981
5862 5982 5980
5981 5527 5985
5984 -1 6193
5527 5983 5985
5986 5982 5984
5979 5985 6196
5992 5639 5988
-1 6275 5987
6277 5990 5991
5643 5994 5989
5992 6276 5989
5987 5991 5993
5640 5992 5994
5990 5648 5993
5654 6207 6200
5997 5667 6293
5668 5996 6297
5226 5999 6000
5682 6211 5998
4732 5998 6203
6002 5684 6003
6007 6001 6423
5687 6421 6001
6422 5686 6217
6330 6006 6424
6005 6223 6007
6009 6002 6006
4769 6009 6222
5685 6007 6008
6011 3793 6012
6015 5694 6010
4806 6013 6010
5753 6014 6012
5695 6015 6013
5692 6011 6014
5704 6232 6019
6226 -1 6018
4840 6019 6017
5285 6016 6018
4329 6021 6024
5307 6234 6020
6023 4864 6024
6238 6248 6022
6020 6025 6022
6024 6235 6236
5719 6030 6027
6028 5731 6026
5728 6027 6029
4857 6028 6030
6026 5721 6029
5724 6242 6034
5734 6035 6033
6246 -1 6032
6035 5312 6031
6032 5735 6034
5313 -1 6037
6331 5738 6036
6039 5767 6040
5764 6038 6041
6038 5758 6042
5336 6039 6043
5760 6043 6040
6042 5761 6041
6051 5770 6045
4401 6046 6044
6045 4927 6047
6046 3794 6050
6050 4907 6049
4882 6052 6048
6051 6047 6048
6044 6050 6053
5362 6053 6049
5771 6051 6052
6055 5772 6058
5773 6054 6056
5371 6055 6057
6058 3776 6056
6054 5366 6057
5776 6062 6064
6061 4910 6063
4909 6060 6062
6059 5774 6061
6060 -1 6064
5777 6059 6063
5780 6066 6068
6065 5778 6070
6069 -1 6068
4893 6065 6067
6070 -1 6067
5777 6069 6066
5375 6073 6072
6076 5784 6071
6090 6078 6071
-1 6075 6077
5782 6076 6074
6072 6078 6075
6078 5788 6074
6076 6073 6077
6089 5787 6080
6079 -1 6081
4575 6082 6080
5522 6083 6081
6082 5520 6088
5784 6085 6086
5786 6089 6084
4892 6084 6087
6088 5061 6086
6089 6083 6087
6079 6088 6085
6254 6073 6092
6092 5789 6253
5792 6091 6090
5794 6094 -1
6093 5796 -1
6096 -1 6098
6097 5804 6095
5807 6096 6099
6104 6099 6095
6098 5436 6097
6102 5469 6101
5808 -1 6100
5468 6100 -1
5814 6105 -1
6105 6098 -1
6103 5816 6104
5659 6108 6107
6109 5862 6106
5908 6109 6106
6108 5909 6107
5540 6111 6261
6110 5871 6113
-1 6258 6113
5538 6112 6111
5877 6265 6115
6116 5557 6114
6264 6119 6115
6266 5552 -1
5556 6119 -1
6116 -1 6118
5897 6121 6355
6120 5896 6270
6269 6123 6140
6122 5896 6124
5901 6125 6123
6124 6132 6141
4616 6353 -1
-1 6271 6347
5586 6138 6129
6130 -1 6128
6274 6129 6131
6139 6358 6130
6125 6135 6278
5904 6370 6134
5594 6133 6135
6132 5902 6134
6138 5900 6140
6279 6139 6141
6139 6128 6136
6131 6138 6137
6122 6141 6136
6140 6125 6137
6143 6180 6374
5929 6142 6280
6146 5927 6281
5627 6146 6283
5946 6144 6145
5619 6148 6282
6147 5621 6149
5931 6452 6148
5929 6151 6152
6379 6154 6150
6153 5620 6150
5621 6152 6154
6151 5931 6153
5930 6156 6285
5931 6378 6155
-1 6159 6158
6458 5949 6157
6157 5644 6287
5960 6162 6294
-1 6296 6162
6160 5958 6161
6170 6292 -1
6167 6166 6173
5214 6298 6166
6164 5962 6165
6168 6164 6471
5962 6167 6169
6397 5963 6168
6172 6163 6171
-1 6402 6170
6173 6300 6170
6164 6172 6401
6177 -1 6175
5945 6176 6174
6175 5946 6177
5964 6174 6176
5237 6324 6179
6303 5967 6178
6142 6181 6305
6180 5928 6182
5967 6480 6181
5968 6308 6184
6185 5625 6183
6186 5969 6184
6526 6185 6307
5969 6494 6190
6310 5937 6189
5199 6190 6188
5944 6187 6189
-1 6315 6192
6320 5975 6191
6196 5983 6194
-1 6195 6193
5633 6197 6194
5986 6193 6198
6195 5978 6198
5634 6196 6197
5209 6200 6322
5995 6414 6199
6204 6210 6202
5198 6206 6201
6000 6204 6205
6203 6212 6201
6206 4758 6203
6202 4761 6205
6416 5995 6208
6207 5656 6209
6208 5196 6210
6201 6213 6209
6212 5999 6415
6204 6211 6213
6417 6210 6212
6215 6407 -1
6314 6214 6216
5683 6215 6217
6425 6004 6216
6329 6221 6223
6220 5237 6222
6221 6325 6219
6225 6220 6218
6008 6223 6219
6222 6006 6218
6327 -1 6404
6405 6221 6328
6017 6232 6227
-1 6226 6228
6230 4306 6227
5692 6230 6231
6229 5699 6228
6232 5705 6229
6226 6016 6231
5739 6434 6234
6235 6021 6233
6025 6234 6241
6238 6025 6237
6332 6240 6236
6023 6236 6239
6247 6238 6240
6237 -1 6239
6235 6436 6333
6246 6031 6243
6242 5725 6244
5828 6245 6243
6244 -1 6246
6033 6242 6245
6249 6239 -1
6023 6249 6335
6247 6336 6248
4302 6251 6343
6250 4303 6437
4415 6255 6253
6254 6091 6252
6090 6253 6256
-1 6256 6252
5788 6254 6255
6258 -1 6260
6261 6112 6257
6260 5082 6262
-1 6259 6257
6110 6258 6263
5081 6263 6259
5541 6261 6262
6116 6265 -1
6264 6114 6266
6117 -1 6265
6351 6270 6345
5900 6346 6269
6270 6122 6268
6267 6121 6269
6127 -1 6350
6349 5899 -1
-1 6274 6363
6273 6130 6356
6276 5988 6362
5991 6275 6277
6366 5989 6276
6132 6371 6279
6359 6137 6278
6143 6372 6380
6283 6144 6282
6147 6453 6281
6145 6281 6284
6381 5965 6283
6155 6286 -1
6285 6375 -1
6457 6159 6289
6289 5647 6290
5646 6288 6287
5641 6455 6288
6299 6293 6292
6295 6163 6291
6291 5996 6294
6160 6296 6293
-1 6292 6296
6294 6161 6295
5997 6299 6298
6300 6165 6297
6297 6291 6300
6172 6298 6299
-1 6465 6400
6303 6483 6485
6179 6302 6479
6476 5966 6305
6180 6481 6304
6388 6516 6308
6186 6308 6528
6307 6183 6306
6411 5939 6310
6188 6495 6309
5932 6412 6313
6409 6408 6314
6314 5683 6311
6312 6215 6313
6320 6191 6316
6315 -1 6317
5671 6318 6316
6317 5672 6319
5976 6320 6318
6192 6315 6319
6323 5220 6322
6199 6413 6321
6418 5681 6321
6484 6178 6325
6220 6326 6324
6403 6482 6325
6224 6328 6429
6327 6225 6329
6328 6218 6330
6005 6430 6329
6037 -1 6435
-1 6237 6333
6241 -1 6332
4865 6335 6438
6248 6439 6334
6442 6249 -1
-1 6340 6498
5457 6339 6445
6338 5329 6447
6337 6446 6448
5759 6342 6449
6341 5757 6343
6250 6501 6342
6443 -1 6500
6267 6346 6347
6345 6268 6349
6348 6127 6345
6349 -1 6347
6272 6348 6346
6271 6352 6351
6355 6267 6350
6350 -1 6353
6352 6126 6354
6353 4617 6355
6120 6351 6354
6357 6274 6358
6364 6356 6360
6131 6359 6356
6279 6360 6358
6359 6369 6357
6362 -1 6363
6365 6275 6361
6273 6364 6361
6363 6357 6365
6367 6362 6364
6277 6367 6368
6366 6365 6369
6370 5905 6366
6360 6371 6367
6371 6133 6368
6369 6278 6370
6510 6280 6374
5966 6508 6374
6372 6142 6373
6286 6378 6376
6377 -1 6375
6509 6376 6380
6375 6156 6379
6378 6151 6380
6280 6377 6379
6284 6454 -1
4743 6459 6384
6456 5636 6385
6385 4739 6382
4741 6384 6383
6394 6389 6387
6388 5968 6386
6463 6306 6387
6386 6466 6464
6398 6396 6393
6395 5968 6392
6391 5625 6393
5963 6390 6392
6514 6386 6395
6391 6396 6394
6395 6390 6470
6169 6472 6398
6399 6390 6397
6469 6398 6400
6475 6301 6399
6173 6402 6473
6401 6171 -1
-1 6326 6405
6405 6224 -1
6225 6404 6403
6489 -1 6407
6214 6408 6406
6312 6491 6407
6312 6412 6410
6497 6492 6409
6309 6496 6412
6409 6311 6411
6418 6322 6414
6413 6200 6416
6417 6211 6420
6207 6417 6414
6213 6415 6416
6323 6413 6419
5680 6418 6420
6415 5682 6419
6423 6003 6422
6004 6427 6421
6002 6421 6424
6432 6005 6423
6217 6426 6427
-1 6431 6425
6433 6422 6425
6431 -1 6429
6327 6430 6428
6429 6330 6432
6433 6426 6428
6424 6433 6430
6427 6431 6432
6436 6233 6435
6331 -1 6434
-1 6241 6434
6502 6251 6438
6334 6439 6437
6438 6335 6440
6444 6504 6439
6442 -1 6443
6336 6441 6444
6344 6444 6441
6443 6440 6442
6338 6446 -1
6445 6340 -1
6448 6339 6449
6340 6447 6506
6341 6503 6447
-1 6454 6451
6452 5930 6450
6453 6149 6451
6454 6282 6452
6450 6381 6453
6457 6290 6456
6383 6459 6455
6287 6455 6458
6158 6457 6461
6456 6382 6460
5947 6461 6459
5950 6458 6460
-1 6518 6463
6388 6464 6462
6463 6389 -1
6301 -1 6468
6389 6513 -1
6468 -1 6511
6465 6467 6469
6470 6399 6468
6515 6396 6469
6472 6167 6473
6475 6397 6471
6401 6474 6471
6473 -1 6475
6400 6472 6474
6304 6477 -1
6478 -1 6476
6487 6477 6481
6303 6486 6480
6481 6182 6479
6478 6305 6480
6484 6326 -1
6302 6484 -1
6324 6482 6483
6486 6302 -1
6487 6479 6485
6478 6486 -1
-1 6489 6541
6406 6491 6488
6492 6493 6519
6489 6408 6492
6410 6490 6491
6490 6497 6523
6495 6187 6527
6496 6310 6494
6497 6411 6495
6410 6496 6493
6499 6337 6507
-1 6498 6500
6505 6344 6499
6503 6343 6502
6437 6504 6501
6506 6449 6501
6502 6440 6505
6500 6507 6504
6448 6503 6507
6505 6498 6506
6510 6373 -1
-1 6377 6510
6372 6508 6509
6515 6467 6512
-1 6513 6511
6512 6466 6514
6394 6515 6513
6470 6511 6514
6531 6306 6518
-1 6536 6518
6462 6517 6516
6542 6490 6520
6525 6521 6519
6520 6530 6522
6533 6521 6532
6493 6527 6525
6529 6525 6526
6524 6520 6523
6527 6186 6524
6523 6494 6526
6307 6531 6529
6530 6524 6528
6521 6529 6537
6516 6534 6528
-1 6522 6539
6522 -1 6540
6537 6531 6536
6536 -1 6538
6534 6517 6535
6530 6534 6539
-1 6539 6535
6538 6532 6537
6533 -1 6542
6488 6542 -1
6519 6540 6541
