-4 -6
-4 -5.25
-4 -4.5
-4 -3.75
-4 -3
-4 -2.25
-4 -1.5
-4 -0.75
-4 0
-4 0.75
-4 1.5
-4 2.25
-4 3
-4 3.75
-4 4.5
-4 5.25
-4 6
-3.4507 -0.77123
-3.4375 -6
-3.4375 6
-3.4352 -4.3334
-3.3796 0.77199
-3.3695 4.3716
-3.349 1.5938
-3.3403 -1.5826
-3.2992 -3.0256
-3.2766 -5.1097
-3.252 5.1464
-3.2155 -0.023044
-3.1961 3.0078
-3.1685 -3.805
-3.15 2.1904
-3.1355 -2.2219
-3.1286 3.8399
-2.9175 1.201
-2.8987 0.37958
-2.875 -6
-2.875 6
-2.8609 -0.48516
-2.8543 -1.0631
-2.747 -4.434
-2.725 0.77892
-2.6935 -0.01536
-2.6712 1.6974
-2.6166 -1.7022
-2.5615 5.3866
-2.5313 3.6354
-2.5273 2.3769
-2.5005 4.5236
-2.4768 0.37781
-2.4754 -0.33262
-2.4694 -0.7132
-2.4689 1.1684
-2.4561 -5.2524
-2.4171 -3.5972
-2.4144 -2.5645
-2.3832 -1.1444
-2.3125 -6
-2.3125 6
-2.2417 -0.010658
-2.2357 0.76199
-2.2269 3.0297
-2.1842 1.4631
-2.1352 -0.43825
-2.1301 -1.4463
-2.1093 1.9083
-2.1051 -0.83345
-2.0911 1.1233
-2.088 -1.1317
-2.0861 0.37498
-2.0414 -1.9233
-1.9502 1.3256
-1.931 -0.61572
-1.924 -0.16316
-1.9083 0.62394
-1.9072 0.11752
-1.9034 0.89652
-1.8968 -1.2569
-1.8855 -1.0154
-1.8459 5.3791
-1.8346 -0.79823
-1.831 2.4359
-1.799 -0.41368
-1.788 1.1713
-1.7809 -4.5018
-1.7794 -3.7614
-1.7751 1.5446
-1.751 0.38179
-1.75 -6
-1.75 6
-1.7458 -0.62323
-1.7434 -5.4718
-1.7428 0.57574
-1.7353 -0.029386
-1.7256 -1.5302
-1.721 -0.20963
-1.7195 -2.3878
-1.706 -0.93859
-1.7024 0.15246
-1.7005 0.74799
-1.6994 0.95771
-1.679 -1.1615
-1.6725 3.7736
-1.6699 1.9484
-1.6534 -3.1194
-1.6343 4.6599
-1.6275 -0.76425
-1.6177 -1.9341
-1.6026 0.56708
-1.6009 2.9965
-1.5795 1.0864
-1.5792 0.049486
-1.5755 -0.31545
-1.5648 -0.12019
-1.5601 -0.53882
-1.5495 1.7121
-1.542 1.2956
-1.5318 0.41961
-1.5235 0.22725
-1.5227 0.71024
-1.5171 -1.7038
-1.5169 0.89742
-1.5125 -0.96325
-1.5031 -1.1355
-1.4919 -1.3074
-1.4158 -0.39414
-1.4103 1.5418
-1.4021 -0.73176
-1.3948 0.015682
-1.3945 0.76612
-1.392 2.1982
-1.3903 -0.21717
-1.3874 -1.5434
-1.3851 0.3639
-1.3785 0.57074
-1.3569 1.1042
-1.3543 -0.53608
-1.3429 1.329
-1.3426 0.90375
-1.3417 -2.1864
-1.3396 1.8505
-1.3327 -0.91339
-1.3227 -1.1239
-1.3166 0.21285
-1.314 -1.8433
-1.3082 -1.3413
-1.2892 2.605
-1.2232 -2.6177
-1.2225 -0.79241
-1.2216 0.76885
-1.2089 0.95799
-1.2001 -3.8098
-1.2001 -0.62166
-1.1999 1.2551
-1.1973 -0.11839
-1.1956 -0.37637
-1.1942 -1.4626
-1.1904 0.082867
-1.1883 0.385
-1.1875 -6
-1.1875 6
-1.1848 1.4359
-1.1821 0.22549
-1.1765 0.58741
-1.1673 -0.94913
-1.1613 1.6514
-1.1555 -1.6463
-1.1509 2.0429
-1.1277 -1.1048
-1.1254 -1.2846
-1.1211 -2.0362
-1.1187 1.1046
-1.0688 1.85
-1.0648 4.3969
-1.0552 -1.8424
-1.0464 2.2904
-1.0453 0.20755
-1.0386 0.69304
-1.0342 0.52088
-1.0261 0.90385
-1.0236 -0.53631
-1.0131 -0.76875
-1.0081 1.2997
-1.0079 -0.0017395
-1.0055 -0.20884
-1.0003 -2.2866
-0.99218 -1.4917
-0.99171 -1.1608
-0.99055 -0.99685
-0.98833 5.1845
-0.9882 1.5259
-0.98571 0.37405
-0.98397 3.128
-0.98213 -5.2341
-0.98004 -0.37767
-0.97587 1.6996
-0.97009 -1.6854
-0.92629 -4.4542
-0.92607 1.1001
-0.92411 0.60842
-0.9217 -1.2962
-0.91086 2.03
-0.90334 -0.10204
-0.89986 -0.4748
-0.89924 0.48893
-0.89793 -0.2882
-0.89617 0.26584
-0.89341 0.13176
-0.88615 -2.025
-0.87873 1.8297
-0.87697 2.5952
-0.86659 -1.8215
-0.85706 -0.19568
-0.8544 -0.60015
-0.85159 0.37977
-0.84969 -0.37923
-0.84397 0.74982
-0.83929 -0.90526
-0.82777 1.2438
-0.82643 3.8218
-0.82466 0.94496
-0.81998 0.00084174
-0.81533 0.5853
-0.81266 1.4184
-0.81064 -0.11174
-0.81012 -3.139
-0.80606 -1.1164
-0.80476 -0.75147
-0.79998 0.20764
-0.79824 0.29967
-0.79469 -0.28271
-0.79453 -2.593
-0.7939 -0.4737
-0.78977 0.1152
-0.78925 -1.4187
-0.78897 -1.2743
-0.78809 1.6512
-0.78728 0.4736
-0.77631 -1.6412
-0.74195 1.1012
-0.74186 0.8492
-0.74131 0.37642
-0.73892 -0.3755
-0.73859 -0.080281
-0.73734 -0.17769
-0.73698 -0.84131
-0.73361 -0.54868
-0.72956 0.54618
-0.71538 0.16643
-0.71509 0.64482
-0.71371 -0.64937
-0.71311 0.072304
-0.70597 0.2716
-0.70317 -0.012652
-0.69099 -0.28023
-0.68873 -0.46507
-0.6865 0.46658
-0.67472 1.8997
-0.67056 2.2507
-0.66119 -0.93859
-0.65933 0.77319
-0.65806 -0.77256
-0.65069 -1.899
-0.64596 1.2751
-0.64527 0.94305
-0.64462 0.20825
-0.64394 -1.2799
-0.64265 -0.20094
-0.64144 0.55913
-0.63099 0.12877
-0.62708 -0.091752
-0.625 -6
-0.625 6
-0.62311 0.032406
-0.62121 1.4904
-0.62062 -2.2493
-0.61784 -0.55598
-0.61774 0.36906
-0.61617 0.27256
-0.61576 -0.46419
-0.61537 -0.37254
-0.61499 -0.66863
-0.61178 -1.4846
-0.60737 -0.27021
-0.60398 -1.1004
-0.60168 0.6544
-0.59822 0.47896
-0.58172 1.0971
-0.56949 1.6806
-0.55433 0.20639
-0.5509 -0.84298
-0.54984 0.29554
-0.54559 0.84593
-0.54519 -1.6749
-0.54457 -0.19736
-0.541 -0.46279
-0.54072 -0.2949
-0.53968 -0.72919
-0.53847 0.099275
-0.53845 -0.63315
-0.53653 0.73506
-0.52768 -0.0024075
-0.52384 0.65311
-0.52322 0.43752
-0.52038 0.56094
-0.51939 0.35422
-0.49997 -0.095393
-0.49689 -0.36897
-0.49512 -0.5543
-0.48971 1.369
-0.48062 -1.3635
-0.46801 2.0227
-0.4563 0.16388
-0.45509 -1.1961
-0.45168 0.38443
-0.45039 -0.26508
-0.44982 1.1975
-0.44918 0.28279
-0.44828 -0.97439
-0.4471 1.8209
-0.44647 -0.80082
-0.44518 0.80203
-0.44307 -0.16342
-0.44223 0.67284
-0.43966 -0.025968
-0.43911 0.065352
-0.43813 -2.0359
-0.43791 0.97336
-0.433 0.4695
-0.43258 1.6811
-0.42981 -0.65843
-0.42717 -1.5157
-0.4231 2.6849
-0.41894 -0.092771
-0.41811 1.535
-0.41732 -0.46049
-0.41415 -0.55894
-0.41259 -0.35023
-0.41129 -1.8316
-0.39735 0.56448
-0.39048 0.12901
-0.3842 -0.13588
-0.38249 -0.04697
-0.37402 -1.6675
-0.36714 0.19864
-0.36659 0.010929
-0.36231 -3.9228
-0.36132 0.74586
-0.36011 -0.75215
-0.35881 -0.090241
-0.35839 -0.19386
-0.35644 0.080271
-0.3547 -0.28701
-0.34923 0.38059
-0.34845 0.48492
-0.34675 -0.85148
-0.34648 0.84538
-0.34573 0.27794
-0.34051 -0.13184
-0.33715 -0.37338
-0.33435 0.13489
-0.33313 -0.043284
-0.32154 -0.56204
-0.31974 -0.67824
-0.31779 0.64808
-0.31506 0.045737
-0.31465 -0.45313
-0.31342 1.3423
-0.31239 0.55047
-0.30813 2.221
-0.30813 -2.6678
-0.30626 -0.14809
-0.30302 0.00041209
-0.29968 0.17149
-0.29757 -0.092327
-0.29729 -4.7835
-0.29715 1.6935
-0.2964 -0.23628
-0.29552 0.22848
-0.29442 0.093873
-0.29405 -1.1194
-0.29362 0.13372
-0.29346 -5.4422
-0.29156 -0.18496
-0.29114 -0.041483
-0.28522 5.371
-0.27236 -0.30465
-0.26828 0.29895
-0.26653 -1.5578
-0.26576 -1.347
-0.26023 -0.056184
-0.25734 -0.015006
-0.25697 0.19008
-0.2563 0.042516
-0.25543 -0.38978
-0.25452 -2.2245
-0.25355 0.76959
-0.25321 -0.77472
-0.25233 1.1273
-0.25228 0.088901
-0.25007 0.13474
-0.25003 -0.20228
-0.24982 -0.24817
-0.24932 4.4904
-0.24835 0.47282
-0.24819 0.37434
-0.2478 -0.14092
-0.24616 0.57762
-0.24533 1.9143
-0.24428 -0.08717
-0.24241 0.92835
-0.23654 0.23312
-0.23632 -1.9591
-0.23401 -0.47605
-0.23258 -0.65189
-0.23054 -0.94699
-0.2192 0.003147
-0.21579 -0.22607
-0.21542 -0.044347
-0.21245 -1.735
-0.21163 -0.2706
-0.21148 1.5139
-0.2095 0.084416
-0.20809 0.65784
-0.20468 -0.55998
-0.20444 0.18174
-0.20289 0.2719
-0.20192 -0.095567
-0.20168 -0.33052
-0.20165 0.037664
-0.2007 0.32729
-0.19786 -0.18269
-0.19701 3.4174
-0.19412 0.13098
-0.19344 -0.13634
-0.19103 0.22781
-0.17452 -0.23156
-0.17418 0.3935
-0.17064 -0.403
-0.16733 -0.0019688
-0.16524 1.023
-0.1635 0.29376
-0.16008 0.053387
-0.16007 -0.15269
-0.15978 -0.059495
-0.15959 -0.28213
-0.15682 0.10199
-0.15572 0.25189
-0.15561 0.73375
-0.15511 0.55805
-0.15367 -0.11021
-0.15278 0.20387
-0.15037 0.15161
-0.15026 0.46545
-0.14983 -0.71544
-0.14716 0.33287
-0.14406 -0.19106
-0.14383 -0.62239
-0.14182 0.82977
-0.14026 -0.33585
-0.13775 -0.49076
-0.13388 0.024974
-0.13361 -0.029893
-0.13332 -0.55835
-0.13274 0.12163
-0.13177 0.075666
-0.13091 -0.081336
-0.12977 -0.82844
-0.1241 -0.23807
-0.12287 -3.2424
-0.12091 0.050275
-0.11687 -0.055969
-0.11661 -0.0031872
-0.11639 0.65832
-0.11601 -0.14498
-0.11552 0.23124
-0.11523 0.10008
-0.11405 -0.37624
-0.1139 -0.1037
-0.11368 0.36612
-0.1128 0.32762
-0.11152 0.28596
-0.11057 0.41843
-0.1081 0.13462
-0.10804 -0.079536
-0.10791 -0.42444
-0.10747 -0.030664
-0.10613 -0.28866
-0.10577 0.071925
-0.10499 0.026275
-0.10073 0.18152
-0.093726 -0.19333
-0.092173 -0.067558
-0.090344 0.04996
-0.09003 0.94785
-0.088459 -0.33719
-0.087829 -0.046179
-0.087733 -0.090051
-0.08773 -0.11789
-0.087589 0.11166
-0.087133 0.086867
-0.086979 0.068689
-0.085602 0.0073487
-0.084578 -1.54
-0.084019 -0.019297
-0.082376 0.028519
-0.078913 0.33176
-0.07843 -1.1354
-0.076322 -1.8631
-0.075863 1.0952
-0.075339 -0.66461
-0.072775 1.8789
-0.072471 1.3158
-0.070541 1.6936
-0.068497 1.5052
-0.067438 0.13791
-0.066914 -0.24321
-0.066636 0.06742
-0.064745 0.04033
-0.064296 0.017888
-0.064225 -0.037913
-0.063747 -0.94617
-0.063589 -0.068188
-0.063356 -0.020748
-0.0625 -6
-0.0625 6
-0.062472 -0.10427
-0.061254 0.099371
-0.061175 -0.0038994
-0.060405 0.29158
-0.060244 -0.38734
-0.059029 0.23507
-0.058824 0.48271
-0.05867 0.38918
-0.05862 -0.14762
-0.05709 -0.29748
-0.056727 -0.74845
-0.054349 0.59359
-0.053885 2.0631
-0.053648 -0.56724
-0.053528 -0.4618
-0.053295 0.74736
-0.052219 0.66701
-0.051908 0.17818
-0.051527 0.85202
-0.049693 -0.19613
-0.048142 0.0096901
-0.04692 -0.33983
-0.044525 -0.022258
-0.044096 0.026927
-0.042978 -1.3472
-0.042925 0.050229
-0.042308 -0.04603
-0.041496 0.11751
-0.039321 0.098351
-0.038737 -0.0029259
-0.03803 -0.11482
-0.037918 -0.088231
-0.03652 0.077775
-0.035143 -0.065757
-0.034289 -1.7186
-0.033727 0.012088
-0.0337 -0.012982
-0.02824 0.022712
-0.027266 0.035978
-0.02693 -0.032842
-0.026677 -0.019325
-0.025247 0.32954
-0.024807 0.0032066
-0.024494 -0.0076986
-0.023046 0.27819
-0.021772 -0.839
-0.020848 0.1439
-0.02042 -0.22305
-0.019397 -0.050449
-0.018863 0.013996
-0.01883 0.053931
-0.018049 -0.0012584
-0.018039 0.10326
-0.017524 0.025578
-0.01658 -0.26683
-0.016544 -0.024263
-0.015813 -0.014527
-0.015182 0.0049449
-0.014934 -0.1017
-0.014669 0.42286
-0.014617 -0.3136
-0.014535 -2.0558
-0.014427 -0.0065433
-0.014209 -0.13259
-0.013458 -0.074385
-0.01258 0.036055
-0.012488 -0.034547
-0.011706 0.019543
-0.011419 -0.00056512
-0.010593 -0.36008
-0.010511 -0.019311
-0.010497 0.1946
-0.010352 0.0096722
-0.01002 0.014554
-0.0094696 0.076104
-0.0094311 -0.010177
-0.0093438 2.38
-0.00883 -0.014721
-0.0087748 0.37639
-0.0078079 0.0045222
-0.0075683 -0.0050812
-0.0072446 0.025329
-0.0067404 -0.024918
-0.0063648 -0.17764
-0.0058697 0.0082884
-0.005608 -0.0085641
-0.0053653 -0.00019506
-0.0053053 0.01801
-0.0047236 -0.017973
-0.0045986 0.012229
-0.0041967 -0.012344
-0.0038916 -0.0063313
-0.0038589 0.0061286
-0.0037333 -0.042822
-0.0030596 0.043966
-0.0026865 0.021532
-0.0025656 -0.0087593
-0.0025585 0.0086347
-0.0025311 -0.0034477
-0.0024448 0.0032776
-0.0022511 -0.021466
-0.0021606 -0.056626
-0.0019296 -0.032139
-0.001893 0.032415
-0.0016635 0.01528
-0.0013575 -0.015311
-0.0012062 -0.0063204
-0.00072829 0.0061412
-0.00072367 0.012887
-0.00067657 0.01065
-0.00063242 -0.010641
-0.00048679 -0.012892
-0.00021085 0.058627
0 0
7.944e-05 -0.0084207
0.00023974 -0.0021766
0.00033568 0.0083778
0.00033938 0.002196
0.00045444 -0.0041259
0.00062679 0.018504
0.00063397 0.0041021
0.0006686 0.02463
0.0009267 -0.018544
0.0010833 -0.02464
0.0012177 0.0056155
0.0012318 0.24276
0.0013893 -0.0069049
0.0014497 0.011993
0.0015162 -0.0098084
0.0015424 0.014549
0.0016892 0.0068378
0.0017124 -0.014636
0.0018672 -0.011842
0.0019043 0.0099738
0.0020233 -0.0081422
0.0023675 0.0080303
0.0026259 -0.0093183
0.0028484 0.01624
0.0029631 -0.41286
0.0029814 -0.016346
0.0030299 0.0091948
0.0030361 0.011263
0.0033654 -0.010417
0.0034577 -0.013054
0.0034816 0.012673
0.0038166 0.01026
0.0039388 0.029251
0.0041049 -0.011515
0.0042689 -0.029637
0.0045107 0.017388
0.0046033 0.011325
0.0046098 0.020756
0.0046241 -0.014779
0.0046592 0.01459
0.0046804 -0.017487
0.0049487 -0.012538
0.0050833 -0.020783
0.0053777 0.092357
0.0054909 0.01231
0.0057926 -0.01356
0.0059969 -0.036432
0.0061978 0.014514
0.0063785 0.013294
0.0065255 0.024782
0.0066246 -0.016175
0.0066474 0.015837
0.0067268 -0.014521
0.0069762 0.035833
0.0071753 0.018361
0.0072818 -0.046878
0.0073566 0.014217
0.0075045 -0.088688
0.0075388 -0.018279
0.0075519 -0.11265
0.0076664 -0.015488
0.0076732 -0.068999
0.0077092 -0.025019
0.007879 0.021137
0.0079427 0.029133
0.0081425 0.016598
0.0082438 0.047778
0.0083347 0.015139
0.0084654 -0.020911
0.0086911 -0.016408
0.0087673 -0.030346
0.0090674 0.019317
0.0091804 0.017642
0.0093956 0.016011
0.0094754 -0.018969
0.0094946 0.023008
0.0097101 -0.017322
0.010101 -0.02237
0.010136 -0.056465
0.010224 0.0208
0.010456 0.016882
0.010777 0.018736
0.010811 -0.0182
0.010864 -0.020172
0.010942 0.025985
0.011209 0.030516
0.011328 -0.024143
0.011594 0.017711
0.011736 0.058038
0.011809 0.022537
0.011874 1.0104
0.011911 -0.019077
0.012135 0.11814
0.012222 0.020205
0.012259 -0.021853
0.012289 0.072631
0.012496 -0.027568
0.012732 0.01854
0.012758 -0.033207
0.013041 -0.019888
0.013818 0.021367
0.013942 0.019331
0.013986 -0.023836
0.014123 0.02404
0.01426 -0.020764
0.014301 0.033682
0.014339 -0.040252
0.014815 0.65964
0.015152 0.020122
0.015292 0.04069
0.015486 0.02825
0.015671 0.022064
0.016055 -0.030209
0.016325 0.020818
0.016747 -0.022391
0.016853 -0.026343
0.01706 0.024237
0.017412 0.031573
0.017708 0.021639
0.018153 0.8202
0.018294 -0.061692
0.018419 0.90923
0.018814 -0.034408
0.019049 0.026464
0.019205 -0.049934
0.01928 0.050589
0.019367 -0.023963
0.019378 -0.029657
0.01951 -0.33197
0.019914 0.034914
0.019945 -0.026806
0.019982 0.029884
0.02019 0.061564
0.020368 -0.67241
0.020394 0.023096
0.021825 -0.040874
0.022114 -0.025487
0.022142 -0.031652
0.022303 -0.028485
0.022419 0.026976
0.02275 0.02951
0.022907 0.031926
0.023205 0.024499
0.023366 0.041709
0.024246 0.29353
0.024983 -0.026967
0.025113 -0.035148
0.025165 -0.045412
0.025212 -0.030434
0.025324 -0.13784
0.025655 0.029675
0.0261 -0.2908
0.026136 0.025851
0.026271 -0.058536
0.026332 0.035083
0.026433 -0.76498
0.026981 -0.073515
0.02737 0.056893
0.02797 -0.028405
0.02808 0.34975
0.028603 -0.032032
0.028724 -0.041055
0.029011 0.04835
0.029182 0.027158
0.029288 0.091663
0.029882 0.031273
0.030207 0.4004
0.030392 0.069038
0.030397 -0.035733
0.030526 -0.049434
0.030633 0.040776
0.030854 0.15917
0.03107 -0.029804
0.031271 -0.10191
0.031828 -0.032729
0.032116 0.035395
0.03234 0.02842
0.03271 0.4615
0.033265 -0.038636
0.03369 0.03192
0.034009 -0.23012
0.034281 -0.031167
0.034314 -1.0143
0.034338 -0.042889
0.034798 -0.034947
0.035183 -0.059303
0.035608 0.029642
0.035703 0.034565
0.035897 0.21052
0.036358 0.045578
0.036691 0.032225
0.036701 0.038572
0.036792 -0.046883
0.037025 -0.36843
0.03712 0.055631
0.0376 -0.032495
0.038028 -0.038775
0.038035 -0.051748
0.038162 -0.035213
0.038604 -0.48781
0.038968 -0.043314
0.038982 0.030824
0.039235 0.034309
0.039875 -0.036323
0.040039 -0.17585
0.041024 -0.033791
0.04136 0.037458
0.041425 0.041953
0.041764 0.55507
0.042105 -0.037395
0.042165 0.25139
0.042388 -0.04733
0.042459 0.031969
0.042654 0.034563
0.042813 -0.041546
0.042857 0.07808
0.043172 0.065553
0.043329 0.048197
0.043378 -0.067041
0.0443 0.039157
0.044381 0.036241
0.044552 -0.035055
0.044666 -0.91181
0.044786 -0.055439
0.045809 -0.041375
0.045884 -0.038767
0.046038 0.033078
0.046046 -0.082104
0.046189 0.11947
0.046528 -0.044117
0.04679 0.042489
0.047142 0.037359
0.04818 -0.036289
0.04842 -0.041318
0.04871 -0.048657
0.049033 0.047713
0.049279 -0.038838
0.049431 -0.11968
0.049717 0.034153
0.049817 0.055817
0.050892 -0.044167
0.051058 -0.5785
0.051117 0.043843
0.051136 0.039188
0.051831 -0.040527
0.051908 -0.037494
0.0525 -0.053334
0.053115 -0.061026
0.053494 0.035195
0.054096 -0.071173
0.054194 0.047793
0.054384 0.042525
0.054742 -0.04274
0.055084 -0.047781
0.055305 0.038898
0.05564 0.07041
0.055734 -0.038671
0.056006 0.092362
0.056091 -0.098558
0.056772 0.052578
0.057104 -0.041214
0.05714 0.041337
0.057367 0.036204
0.057391 0.044401
0.058071 -0.043948
0.058324 0.039057
0.05936 -0.32564
0.05949 0.058603
0.059655 -0.039821
0.059902 -0.047672
0.05997 0.74615
0.06033 0.042054
0.060683 -0.054038
0.060822 0.048006
0.061092 0.053121
0.061336 0.037181
0.061843 -0.04428
0.062297 -0.82762
0.062974 -0.065419
0.063612 0.040625
0.063672 -0.040944
0.063753 0.043904
0.063765 -0.048283
0.064323 -0.080162
0.065398 0.038128
0.06596 -0.044966
0.066442 0.053899
0.066579 -0.047768
0.066782 0.04685
0.067257 0.37513
0.06728 0.041986
0.067449 0.064164
0.067783 -0.042041
0.067961 -0.050782
0.067987 0.27818
0.068647 -0.11439
0.068851 -0.047036
0.068971 0.11295
0.069174 -0.41074
0.069226 -0.044492
0.069553 0.039045
0.069894 -0.057948
0.070135 -0.14322
0.070518 0.041276
0.070872 0.078077
0.071091 0.049228
0.071397 0.044127
0.071431 -0.04843
0.071565 0.053195
0.07158 0.18665
0.071655 -0.045604
0.071987 -0.043113
0.073316 0.057791
0.073546 2.7988
0.073799 0.039932
0.074135 -0.043636
0.074193 -0.051332
0.0742 -0.046748
0.074547 -0.28
0.074909 0.046578
0.075169 -0.068219
0.075343 0.042715
0.075658 0.051688
0.075804 1.5006
0.075968 0.040361
0.076283 -0.044159
0.076365 0.42123
0.077167 -0.0954
0.07734 -0.047125
0.078022 0.04408
0.078062 -0.080177
0.078102 -0.057686
0.078112 0.047721
0.078137 0.04079
0.078327 0.095897
0.078477 -0.04467
0.079073 0.066036
0.079131 0.32706
0.079486 -0.1905
0.079525 0.056757
0.0803 -0.050317
0.080351 0.041205
0.08064 0.050767
0.08067 -0.045181
0.081289 0.045499
0.08173 0.14266
0.081888 -0.36211
0.082564 0.04162
0.082666 1.8708
0.082909 -0.04568
0.083245 0.23396
0.084286 -0.055184
0.084314 0.060207
0.084597 -0.062838
0.084613 -0.049811
0.084673 0.054241
0.08469 0.044443
0.084725 0.048688
0.084823 0.04202
0.085148 -0.046179
0.085996 0.11441
0.087081 0.042421
0.087337 -0.084869
0.087428 -0.046665
0.087473 -0.048823
0.087658 -0.073096
0.087776 0.045969
0.087974 -0.052464
0.088223 -0.11469
0.088809 0.079395
0.089378 0.06563
0.089384 0.042808
0.089496 0.051139
0.08957 0.057817
0.089715 -0.047153
0.090181 -0.049962
0.090208 -0.057745
0.090512 -1.6325
0.090538 -1.2568
0.091364 -0.053098
0.091567 0.046167
0.091687 0.043195
0.091935 -0.064853
0.092047 -0.047628
0.092816 -0.050436
0.093529 -0.052586
0.094034 0.043568
0.094101 1.1275
0.09413 0.049892
0.094349 -0.055132
0.094372 -0.048103
0.094523 0.054929
0.095021 0.060981
0.095054 0.046357
0.095394 -2.3658
0.09561 -0.051526
0.095914 -0.080505
0.09629 -0.23529
0.096381 0.043941
0.096745 -0.048566
0.096969 0.048535
0.097105 -0.060396
0.097342 -0.094191
0.098003 0.046076
0.098131 0.05188
0.098371 -0.054805
0.098771 0.0443
0.098901 -0.051164
0.099003 0.099368
0.099118 -0.049029
0.099818 0.068527
0.09991 -0.070023
0.09998 0.048366
0.10116 0.044659
0.1012 0.057743
0.10139 -0.13231
0.10153 -0.049481
0.10218 -0.052941
0.10224 -0.05751
0.10226 0.051432
0.10227 0.12153
0.10272 -0.062472
0.10321 0.04747
0.1036 0.045005
0.10395 -0.049932
0.10514 0.053846
0.10514 -0.052402
0.10519 -0.055164
0.10527 0.081987
0.10603 0.045351
0.10604 -0.081261
0.10636 0.04953
0.10641 -0.050372
0.10687 -0.065625
0.10714 0.057246
0.10772 0.84839
0.10773 0.062753
0.10808 -0.059086
0.10815 -0.053469
0.10851 0.045683
0.10887 -0.050812
0.10891 0.97219
0.10912 0.053379
0.1092 -0.15966
0.10975 0.28161
0.1103 0.049382
0.11048 -0.071781
0.11099 0.046015
0.11138 -0.051241
0.11138 0.070926
0.11203 -0.054873
0.11227 0.057722
0.11258 -0.091671
0.11289 -0.064487
0.11294 -0.1101
0.11296 0.052705
0.11351 0.046334
0.11364 -0.32225
0.11386 0.04887
0.11388 -0.051669
0.11419 0.092942
0.11441 -0.058912
0.11447 0.063654
0.11582 0.05506
0.11603 0.046653
0.11625 -0.054791
0.11634 0.051667
0.11643 -0.052086
0.11686 0.04895
0.11792 -0.069252
0.11818 -0.057885
0.11836 0.10967
0.11856 0.059033
0.11859 0.046958
0.1186 -0.079458
0.11867 0.080761
0.1188 0.38721
0.11885 -0.062276
0.11898 -0.052503
0.119 0.054021
0.11945 0.56029
0.11945 -0.27419
0.11948 0.05016
0.11978 -0.055272
0.12116 0.047263
0.12146 -0.058144
0.12157 -0.052909
0.12171 0.055852
0.12199 0.47827
0.12204 -1.8342
0.12206 0.052499
0.12229 0.049697
0.1223 0.067713
0.12237 -0.065874
0.12242 -0.055352
0.12376 0.047555
0.12416 -0.053314
0.12418 0.18949
0.12418 0.059115
0.12421 0.13807
0.12445 -0.061377
0.12449 -0.071258
0.12477 0.054478
0.12491 -0.056697
0.125 0.050704
0.12637 0.047848
0.12641 -0.38042
0.12641 -0.065777
0.12644 -0.19755
0.12672 -0.13344
0.1268 -0.053708
0.12731 0.052754
0.12733 -0.058789
0.12748 -0.092713
0.12756 -0.63056
0.12768 -0.056143
0.12809 0.056044
0.12819 -0.53394
0.12826 0.050116
0.12833 -0.75268
0.12902 0.048126
0.12924 -0.86839
0.12932 0.078205
0.12935 0.061401
0.12939 0.24267
0.12943 -0.054102
0.12953 0.093141
0.12954 -0.062098
0.12983 0.64976
0.12994 -0.44866
0.13 -0.057381
0.13028 0.05247
0.13044 -0.068689
0.13066 -0.96827
0.13075 -0.077991
0.13167 0.048405
0.13211 -0.054485
0.13244 0.068554
0.13247 0.05609
0.13355 -0.058551
0.13377 0.051478
0.13436 0.048671
0.13443 -0.064104
0.13479 -0.054868
0.13598 -0.057196
0.13619 -0.085378
0.1364 -1.4461
0.13646 -0.070488
0.13653 0.060968
0.13676 0.054278
0.13684 -0.1109
0.13706 0.075066
0.13706 0.048936
0.13735 0.32625
0.13751 -0.055239
0.13805 -0.059643
0.13819 0.083795
0.13873 -0.065142
0.13925 0.11305
0.13979 0.049188
0.13994 0.051921
0.14023 -0.055611
0.14054 0.068502
0.14076 0.056357
0.14165 -1.1036
0.14176 -0.05863
0.14179 -0.078057
0.1422 -0.062621
0.14253 0.049441
0.14254 -0.068685
0.14276 0.053192
0.143 -0.05597
0.14347 0.061692
0.14487 -0.092299
0.14513 -0.23985
0.14518 0.056176
0.14524 0.077366
0.1453 0.04968
0.14531 -0.059283
0.14549 0.052101
0.14572 0.75727
0.14576 -0.05633
0.14665 -0.064371
0.14808 0.049919
0.14827 0.068236
0.14857 -0.056679
0.14905 0.053831
0.14925 -0.071007
0.14925 -0.060288
0.14953 -0.12827
0.14969 0.059934
0.14971 0.092416
0.1509 0.050144
0.15129 -0.15819
0.15138 -0.057027
0.15141 -0.064179
0.152 -0.080466
0.15203 0.055811
0.15209 0.052754
0.15216 0.13195
0.15226 0.15722
0.15243 -0.060109
0.15372 0.05037
0.15423 -0.057364
0.15488 0.058525
0.1549 0.053861
0.15525 -0.067488
0.15529 0.065209
0.15538 -0.073488
0.1557 -0.061644
0.15578 0.07652
0.15659 0.050582
0.15708 -0.057702
0.15759 0.055983
0.15772 0.053043
0.15819 1.6766
0.15842 0.27948
0.15913 -0.060152
0.15939 -0.089417
0.15945 0.050795
0.15961 -0.070415
0.15975 -0.10759
0.15979 -0.058007
0.16023 0.059715
0.16027 0.054293
0.16041 -0.064408
0.16046 0.085698
0.16145 -0.077449
0.16235 0.050994
0.16287 -0.058353
0.16294 0.11306
0.16328 0.068067
0.16381 0.055241
0.16398 1.319
0.16484 -0.069348
0.16526 0.051193
0.16527 -0.34238
0.16542 -0.063326
0.1669 0.060465
0.16726 -0.2887
0.16753 -0.083679
0.16787 0.051358
0.16809 0.054685
0.16821 0.094871
0.16874 -0.058981
0.16935 0.079088
0.17038 -0.065598
0.17114 -0.074829
0.17115 0.051565
0.17142 -0.093641
0.172 0.41932
0.1724 0.23126
0.17265 0.066958
0.17285 -0.13057
0.17368 0.057866
0.1747 -0.059587
0.17514 -0.083433
0.17574 0.36465
0.1771 -0.067377
0.17713 0.05191
0.17817 -0.20129
0.17931 0.18302
0.1798 0.056541
0.1803 0.062714
0.18074 -0.06017
0.18133 -0.076589
0.18182 0.088227
0.18276 0.073082
0.18277 0.31795
0.18296 -0.089045
0.18319 0.052228
0.18332 0.13859
0.18357 -0.10658
0.18419 -0.067456
0.18442 0.10768
0.18518 0.057595
0.18596 -0.24539
0.18687 -0.060729
0.18794 0.06365
0.18827 -0.072964
0.1892 0.55491
0.18934 0.05252
0.19034 -0.080727
0.1906 0.057586
0.1908 -0.066943
0.19308 -0.061265
0.19346 0.080654
0.19396 0.069503
0.19413 0.093739
0.19481 -0.073087
0.19488 0.061124
0.1951 -0.091918
0.19557 0.052785
0.19593 -0.12582
0.19623 -0.82549
0.19673 0.81898
0.19717 -0.15553
0.19743 -0.39435
0.19762 -0.066229
0.19806 0.11997
0.19938 -0.061779
0.1995 -0.080342
0.19977 0.058027
0.20115 0.06445
0.20189 0.053023
0.20221 -0.07124
0.20335 0.073643
0.20477 0.91209
0.20507 0.086256
0.20526 -0.57627
0.20531 0.058762
0.20576 -0.062269
0.20618 0.1041
0.20709 -0.087932
0.20716 -0.10581
0.20744 -0.076623
0.2079 1.0265
0.20813 -0.068746
0.20828 0.053234
0.2089 2.0883
0.20924 0.065349
0.21106 0.058455
0.21223 -0.062735
0.21331 -0.070854
0.21434 -0.90846
0.21463 -0.080261
0.21476 0.053418
0.21633 0.090748
0.21674 0.075156
0.21736 0.061555
0.21869 0.12601
0.21874 -0.073316
0.21876 -0.09156
0.21878 -0.063179
0.21927 -0.12923
0.21934 -0.32541
0.21984 0.27812
0.2201 -0.27104
0.2205 -0.48379
0.22055 0.39621
0.22067 -0.18706
0.22117 -0.22538
0.22133 0.053575
0.22137 0.16393
0.22165 0.21424
0.22216 0.34073
0.22284 -0.080351
0.22371 0.065835
0.22415 0.46835
0.22422 -0.07116
0.22423 0.059154
0.22439 -1.0033
0.22471 0.10289
0.22542 -0.063599
0.22798 0.053705
0.22842 0.085339
0.22945 -0.069373
0.22957 0.07191
0.23 -0.076801
0.23034 -0.087934
0.23053 0.061515
0.23056 -0.10567
0.23213 -0.063995
0.23243 0.62874
0.23381 -0.76128
0.23461 -0.66836
0.23471 0.053808
0.23509 -0.071233
0.23545 0.72886
0.23612 0.066659
0.23699 0.059786
0.2377 -0.080222
0.23875 0.11369
0.23894 -0.064368
0.24003 0.094892
0.24147 0.076242
0.24152 0.053884
0.2421 0.063716
0.24216 -0.091696
0.24224 -0.072237
0.24246 -0.12546
0.24278 -0.15532
0.24582 -0.064717
0.24651 -0.080568
0.24675 0.059516
0.24841 0.053933
0.24895 0.066537
0.24933 -0.071922
0.25259 0.086348
0.25261 0.059847
0.25279 -0.065042
0.25306 0.074314
0.25379 0.10491
0.25391 -0.088463
0.25397 -0.10592
0.25405 -0.077887
0.25494 -0.070686
0.25539 0.053954
0.2559 0.13409
0.2565 -0.24694
0.25719 0.066238
0.25809 -0.36415
0.25858 0.059184
0.25911 -0.073755
0.25941 -0.41588
0.25984 -0.065344
0.26018 -0.32762
0.26122 -0.081325
0.26244 0.053948
0.26367 0.092056
0.2644 -0.20219
0.26441 -2.0698
0.26443 0.075948
0.26472 0.41842
0.26492 -0.073343
0.26501 0.062192
0.26556 -0.092225
0.26574 0.3688
0.26593 -0.12962
0.26674 0.3174
0.26697 -0.065622
0.26721 0.28017
0.26779 0.24222
0.26803 -0.2909
0.26958 0.053914
0.26971 -0.081223
0.26971 0.18441
0.27082 0.066777
0.27087 0.10651
0.27173 -0.072604
0.27177 0.059839
0.27419 -0.065876
0.27571 0.086937
0.27665 0.072865
0.2768 0.053854
0.27685 0.063263
0.27721 -0.088966
0.27733 -0.078186
0.27734 -0.10632
0.27755 -0.07114
0.278 -1.2598
0.28148 -0.066107
0.28197 0.059876
0.28238 -0.83614
0.28283 0.066954
0.2831 -0.073203
0.28356 1.8298
0.2841 0.053766
0.28466 -0.081991
0.28534 0.83849
0.2859 0.12093
0.28763 0.097692
0.28777 0.14821
0.28877 0.062282
0.28879 0.076848
0.28882 -0.092874
0.28886 -0.066313
0.28891 -0.075471
0.28934 -0.12619
0.28997 -0.15684
0.29062 -1.6402
0.29148 0.05365
0.29231 0.54849
0.29309 -0.082348
0.29483 -0.07366
0.2954 0.059042
0.29632 -0.066496
0.29665 0.066364
0.29669 -0.33241
0.29826 1.6692
0.29894 0.053508
0.30032 -0.08992
0.30066 -0.10672
0.30067 -0.079305
0.30077 -0.072086
0.30079 0.074575
0.301 0.087435
0.30128 0.059715
0.30249 -4.4038
0.30249 -0.24699
0.30308 1.4976
0.30366 0.10681
0.30385 -0.066655
0.3043 1.3208
0.30486 0.066403
0.3062 0.060078
0.30647 0.053338
0.30706 0.45827
0.30739 -0.083624
0.30775 -0.074645
0.30818 0.39725
0.30847 -0.45465
0.30862 1.1543
0.30923 0.13058
0.30991 -1.0825
0.31074 0.34558
0.31147 -0.06679
0.31169 0.061885
0.31195 -0.093277
0.31196 -0.3838
0.31267 0.075866
0.31299 -0.13007
0.31366 0.093105
0.31395 0.21911
0.31409 0.053141
0.31446 -0.072746
0.31476 0.28255
0.31478 -0.56319
0.31535 -0.29378
0.31558 -0.081234
0.31669 0.65465
0.3167 -0.19714
0.31833 0.058827
0.31868 0.065733
0.31873 -0.65473
0.31916 -0.066901
0.31946 -0.074551
0.31986 0.1654
0.3204 0.96639
0.32178 0.052916
0.32301 -0.94522
0.32351 -0.089884
0.32404 -0.10686
0.32405 -0.73772
0.32411 -0.079548
0.32436 -0.072431
0.32467 0.10829
0.32534 0.071671
0.32553 0.060691
0.3256 0.086383
0.32693 -0.066989
0.32955 0.052665
0.33051 -1.4436
0.33078 -0.083773
0.33114 -0.074889
0.33229 0.058056
0.33291 0.065235
0.33374 0.13278
0.33478 -0.067053
0.33534 -0.093397
0.33646 -0.12625
0.33696 0.076326
0.33699 0.059712
0.33739 0.052386
0.33774 -0.15595
0.33793 -0.072966
0.33855 -1.8555
0.33907 -0.081438
0.33942 0.093413
0.34073 0.065074
0.34182 0.057851
0.34261 0.75164
0.34271 -0.067093
0.34304 -0.074766
0.34336 -0.2286
0.34531 0.05208
0.34706 -0.090147
0.34719 0.37532
0.34753 0.11337
0.34755 0.070822
0.34756 0.081793
0.3476 -0.10698
0.34777 -0.079849
0.34809 -0.072673
0.34815 0.060384
0.35071 -0.067109
0.35161 -0.26984
0.35289 -0.41425
0.3533 0.051748
0.35336 0.24195
0.3535 -2.8452
0.35373 0.42152
0.35379 0.065927
0.35446 -0.084267
0.35459 -0.37609
0.35475 0.059531
0.3552 0.093546
0.35526 -0.07538
0.35652 -0.33145
0.35878 -0.067102
0.35893 0.075475
0.3591 -0.093766
0.35913 0.056695
0.35948 0.19629
0.36001 0.063496
0.36019 -0.12996
0.36112 0.33192
0.36136 0.051389
0.36275 -0.082764
0.36329 -0.19415
0.36432 -0.073954
0.36527 0.14311
0.36583 0.05788
0.36693 -0.067072
0.36701 0.066452
0.3674 0.10876
0.3695 0.051003
0.36972 0.087821
0.37075 0.074737
0.3711 -0.072185
0.37115 -0.079334
0.37117 -0.090042
0.37136 -0.10709
0.37146 0.061099
0.37235 0.055737
0.37514 -0.067018
0.37535 0.066934
0.37704 0.059008
0.37765 0.28058
0.37771 0.05059
0.37797 -0.073961
0.37802 0.58822
0.37962 -0.082896
0.38229 0.056409
0.38263 0.064054
0.38281 0.077327
0.38319 -0.094081
0.38333 0.097427
0.38343 -0.066941
0.38361 -0.12622
0.38455 0.11804
0.38467 -0.15552
0.38493 -0.23483
0.38599 0.050152
0.38738 -0.075528
0.388 -0.084664
0.38801 0.058759
0.39018 0.066919
0.3913 -0.46322
0.39179 -0.066841
0.39244 0.055024
0.39434 0.049687
0.39449 0.060737
0.39473 0.07485
0.39496 -0.091176
0.39497 -0.10721
0.39522 -0.080558
0.39536 -0.83121
0.39562 -0.072965
0.39583 0.08705
0.39589 -0.38562
0.39609 0.48465
0.39811 0.38788
0.39845 0.067091
0.39936 0.056127
0.39947 0.061465
0.4 0.10555
0.40022 -0.066717
0.40114 0.23045
0.40116 -0.28199
0.40208 -0.084644
0.40275 0.049197
0.40344 -0.075439
0.40348 -0.6574
0.40355 0.17557
0.40502 0.063008
0.40618 0.13222
0.40651 -0.093992
0.40667 0.075889
0.40688 0.055244
0.40709 -0.12972
0.40871 -1.0206
0.40872 -0.066572
0.40874 0.091863
0.40878 -0.74362
0.40962 -0.19548
0.4099 0.85237
0.41003 -0.082798
0.41058 0.059809
0.41123 0.04868
0.41146 0.76189
0.41217 -0.073891
0.41252 0.055217
0.41293 0.065999
0.41433 0.94724
0.41461 1.0342
0.41619 0.059672
0.41659 0.67849
0.41728 -0.066403
0.4173 -0.072874
0.41749 -0.0792
0.4177 0.053862
0.41776 0.32096
0.41789 -0.089622
0.41798 0.073106
0.41823 -0.10665
0.41978 0.048138
0.41997 0.084949
0.42069 0.27331
0.42085 0.10587
0.42095 -0.33135
0.42122 0.065031
0.42174 0.058385
0.42233 -0.073414
0.42418 0.053496
0.42514 -0.081825
0.42591 -0.066212
0.42596 -0.92943
0.42839 0.047571
0.42893 0.053544
0.42922 0.073523
0.42929 0.060033
0.4293 0.12518
0.42951 -0.073885
0.42966 -0.092572
0.43012 -0.12562
0.43109 -0.15499
0.43228 2.428
0.43378 0.053098
0.43383 -0.081649
0.4346 -0.065999
0.4351 -0.2382
0.43552 0.090146
0.43583 -0.07408
0.43706 0.046979
0.43718 -0.54792
0.43725 0.058037
0.43815 0.065503
0.4389 1.6919
0.4405 -0.07097
0.44051 1.317
0.44103 0.052634
0.4413 -0.077984
0.44138 -0.088622
0.44141 -0.41387
0.44142 -0.10599
0.44259 0.14958
0.44283 0.076025
0.44335 -0.065764
0.44414 0.059059
0.44424 -0.36959
0.44579 0.046363
0.4466 0.066454
0.44673 0.19994
0.44678 -0.071362
0.44703 0.24384
0.44744 0.11203
0.44775 -0.065635
0.44829 0.052348
0.44871 -1.3348
0.44891 -0.080623
0.45019 0.046042
0.45216 -0.065507
0.4529 -0.12879
0.45307 -0.091786
0.4532 0.087946
0.45349 -0.0726
0.4538 0.059615
0.45458 0.045722
0.45471 4.552
0.45476 0.072324
0.4549 0.36259
0.4549 0.050398
0.45497 0.41948
0.45587 -0.28662
0.45609 0.32458
0.45659 -0.065368
0.45741 -0.080459
0.45798 -0.19399
0.45901 0.045389
0.45948 -0.071869
0.46102 -0.065228
0.46343 0.045057
0.46352 0.052019
0.46358 0.28659
0.46415 -0.070038
0.46446 -0.10557
0.4646 0.064633
0.46462 -0.076896
0.46468 -0.087945
0.46549 -0.065079
0.4671 -5.2914
0.46727 0.078592
0.46788 0.044712
0.46876 0.57895
0.46968 -0.070601
0.46995 -0.064929
0.47107 -0.33476
0.47165 0.097877
0.47209 3.9114
0.47209 0.049062
0.47213 -0.080013
0.47233 0.044368
0.47247 0.057226
0.47444 -0.064768
0.47494 -0.15312
0.47526 -0.12476
0.47579 0.067813
0.47625 -0.091501
0.47666 -0.071872
0.47681 0.044012
0.4771 0.1277
0.47893 -0.064608
0.47909 0.75963
0.47941 0.050824
0.48029 0.059159
0.48076 -0.08019
0.48129 0.043656
0.48344 -0.064437
0.48375 0.080427
0.48399 -0.070579
0.48503 -1.1458
0.48508 -0.45924
0.48579 0.043288
0.48596 0.047658
0.48648 0.16999
0.48678 0.054992
0.48703 0.065647
0.48729 -0.10553
0.48789 -0.087999
0.48796 -0.064266
0.48802 -0.077858
0.4889 5.274
0.4903 0.042921
0.49063 -0.38537
0.49156 0.3293
0.49205 -0.070333
0.49206 0.049127
0.4925 -0.064085
0.49483 0.042542
0.49488 0.058128
0.49529 -0.07992
0.4969 -0.12875
0.49704 -0.063904
0.49731 -0.1846
0.49935 0.042163
0.4994 -0.091368
0.49941 0.072516
0.49943 -0.071207
0.49945 0.04855
0.49984 0.2311
0.49986 -0.23594
0.5 -6
0.5 6
0.50123 -0.87424
0.50126 0.099493
0.5016 -0.063713
0.50256 -1.7473
0.50319 1.9679
0.50338 -0.98733
0.50391 0.041773
0.50397 -0.079404
0.50415 -0.74411
0.50431 0.057858
0.50574 -0.2978
0.50617 -0.063522
0.50653 -0.069431
0.50671 0.048285
0.50817 -3.6283
0.50846 0.041383
0.51029 0.28752
0.5103 -0.106
0.51056 0.95638
0.5107 -0.61461
0.51076 -0.063321
0.51118 -0.34109
0.51122 -0.08751
0.51156 0.046174
0.51163 -0.075857
0.51216 0.065872
0.51217 -0.068471
0.51218 0.38692
0.51246 0.079681
0.5125 -0.15309
0.51303 0.040982
0.51317 0.13562
0.51318 0.053704
0.51369 0.47682
0.51399 -1.5181
0.51439 -1.981
0.51534 -0.06312
0.5164 0.8412
0.51657 0.046256
0.51694 -0.07016
0.51761 0.040581
0.5188 1.1301
0.51886 -0.079304
0.51971 0.059858
0.51986 -0.12712
0.51995 -0.06291
0.52067 -0.52729
0.5211 0.67175
0.52125 0.051513
0.52212 0.044438
0.5222 0.04017
0.5228 -0.091481
0.52293 -0.070558
0.52456 -0.062699
0.52467 0.07069
0.5255 0.089685
0.5268 0.039758
0.52711 0.11082
0.52739 -0.079035
0.52762 0.057543
0.52831 0.047149
0.52919 -0.062479
0.52975 -0.068656
0.53141 0.039336
0.53231 -2.3158
0.53382 -0.062258
0.53391 1.4961
0.53394 -0.10757
0.53417 0.044796
0.5347 -0.087671
0.53485 0.052493
0.53498 -0.075399
0.53538 -0.067611
0.53603 0.038914
0.53604 0.063503
0.53666 -0.41322
0.53847 -0.062029
0.53939 0.077945
0.53951 0.17421
0.5402 -0.069431
0.54029 0.045998
0.5404 -0.18497
0.54066 0.038482
0.54231 -0.079089
0.54277 0.055705
0.54307 -0.3657
0.54312 -0.061799
0.54463 -0.13825
0.5453 0.03805
0.54606 0.042357
0.54617 0.32569
0.54631 -0.069947
0.5465 -0.091908
0.54683 -0.31948
0.54715 0.066113
0.54753 0.049121
0.54777 0.098596
0.54779 -0.06156
0.54781 0.12928
0.54918 -0.27266
0.54995 0.037607
0.55101 -0.079109
0.55114 0.05675
0.55129 0.26546
0.55245 -0.061321
0.55249 0.043786
0.55326 0.050211
0.55339 -0.068187
0.5546 0.037165
0.55473 0.2197
0.55548 0.078183
0.55628 -0.22823
0.55714 -0.061073
0.55736 0.047671
0.55823 -0.10812
0.5583 0.064017
0.55854 0.054184
0.5586 -0.088331
0.55874 0.042419
0.5589 -0.076254
0.55927 0.036713
0.56014 -0.067645
0.56117 3.0905
0.56177 0.42195
0.56182 -0.060825
0.56325 0.048415
0.56394 0.036261
0.5644 -0.072669
0.56458 0.37399
0.56544 0.041167
0.56556 -0.066563
0.56636 -0.080664
0.56652 -0.060569
0.5669 0.057333
0.56862 0.0358
0.56964 0.090421
0.56967 0.11228
0.57021 -0.065169
0.57053 -0.092742
0.5708 -0.07221
0.57082 -0.12844
0.57086 0.07118
0.57122 -0.060312
0.57167 0.040254
0.57248 0.047731
0.57331 0.035338
0.57521 -0.081126
0.57591 -0.463
0.57593 -0.060046
0.57601 -0.15598
0.57634 -0.065659
0.5775 -0.073377
0.57801 0.034867
0.57824 0.058327
0.5785 0.040199
0.58043 -0.34403
0.58064 -0.059781
0.5811 0.76726
0.5821 -0.069825
0.5823 -0.10754
0.58235 -0.064318
0.58249 -0.089551
0.5827 0.034397
0.58325 0.081112
0.58346 -0.077728
0.5836 0.048401
0.58397 -0.82773
0.58451 0.068248
0.58453 0.19005
0.58537 -0.059507
0.5862 -0.071991
0.58682 0.58035
0.58741 0.033917
0.58743 -0.066375
0.58778 0.039534
0.58866 -0.39012
0.58973 -0.30165
0.58991 -0.083328
0.59007 0.14191
0.59009 -0.059233
0.5914 -0.074218
0.59192 0.057772
0.59211 0.033438
0.5924 0.099908
0.59295 0.046718
0.59355 -0.13076
0.5941 -0.065792
0.59425 -0.093484
0.59483 -0.058951
0.59527 -0.924
0.59549 -0.19717
0.59588 -0.25196
0.59616 0.29251
0.59683 0.032949
0.59724 0.038853
0.59725 -0.55335
0.59792 -1.033
0.59823 -0.081749
0.59866 0.073933
0.59956 -0.058669
0.59957 0.87655
0.59967 -0.072142
0.59976 0.34453
0.6012 -0.063869
0.60155 0.032461
0.60159 0.23498
0.60253 -0.6533
0.60263 0.060545
0.60427 0.048896
0.60431 -0.058379
0.60447 0.94935
0.60521 0.037414
0.60527 0.67816
0.60602 -0.10794
0.60628 0.031964
0.6064 -0.069583
0.60662 -0.089596
0.60672 -0.077584
0.60727 0.39691
0.60905 -0.058089
0.60931 1.0248
0.60943 -0.06322
0.61063 -0.15449
0.61101 0.031468
0.61126 0.040254
0.6138 -0.057792
0.61486 0.06243
0.61501 -0.071061
0.61534 -0.081799
0.61555 0.11282
0.61574 0.030963
0.61605 -0.12807
0.61623 -0.062947
0.61751 0.036408
0.61805 0.46865
0.61807 0.046765
0.61856 -0.057494
0.61991 0.085629
0.62023 -0.093768
0.62048 0.030458
0.62308 0.034581
0.62317 0.039871
0.62331 -0.057189
0.62424 -0.0641
0.62522 0.029946
0.62603 -1.318
0.62659 0.054328
0.62666 -0.078064
0.6269 -0.3419
0.62807 -0.056883
0.62867 -0.11085
0.62874 0.044703
0.6288 0.035943
0.62914 -0.74848
0.62987 -0.42099
0.62995 0.029433
0.6324 0.066215
0.63254 -0.38235
0.63278 -0.060889
0.63283 -0.056571
0.63322 -0.068179
0.63337 1.3072
0.63386 0.18162
0.6347 0.028913
0.63505 0.032943
0.63638 0.039829
0.6364 -0.28422
0.63653 -0.092122
0.63677 0.13392
0.63759 -0.056258
0.63898 0.051073
0.63916 0.31584
0.63944 0.028393
0.6402 0.10324
0.64024 0.26901
0.64066 -0.062324
0.64088 -0.13592
0.64115 0.033768
0.64147 -0.17548
0.64158 -0.075142
0.64236 -0.055938
0.64419 0.027866
0.64471 0.080435
0.64607 0.040269
0.64661 0.032806
0.64683 -0.22799
0.64693 0.3635
0.64712 -0.055619
0.64893 0.027339
0.64895 0.062995
0.6498 -0.064287
0.65038 -0.10767
0.65061 0.22656
0.65102 -0.086686
0.65189 -0.055292
0.65264 0.034135
0.65268 -0.074323
0.65341 0.040725
0.65368 0.026805
0.654 0.04902
0.65482 0.41261
0.65665 -0.054966
0.65689 -0.060027
0.65756 -0.067537
0.65842 0.026271
0.65905 0.030944
0.6606 0.039331
0.66122 0.058811
0.6613 0.11653
0.66131 -0.12514
0.66141 -0.054633
0.66149 -1.6516
0.66202 -0.094376
0.66273 0.07238
0.66316 0.02573
0.66344 0.092195
0.66369 -0.077401
0.66383 0.73197
0.66393 -0.062825
0.66529 0.032012
0.66617 -0.054299
0.66791 0.02519
0.66855 1.6961
0.66862 0.049363
0.66959 -0.47447
0.66977 -0.059398
0.67016 0.038392
0.67083 0.031882
0.67093 -0.05396
0.67192 -0.066907
0.6725 -0.089621
0.67261 0.062203
0.67265 0.024643
0.67306 -0.10908
0.67376 0.29242
0.67433 0.028393
0.67569 -0.053621
0.67595 -0.058844
0.67652 0.03426
0.67731 -0.077461
0.67739 0.024096
0.67802 -0.19131
0.67878 -0.14595
0.67881 0.042628
0.67901 -0.38345
0.67902 -0.26726
0.67908 -0.31506
0.67923 0.14452
0.68002 0.028905
0.68044 -0.053275
0.68077 -0.066026
0.6808 0.8187
0.68208 -0.058428
0.6821 0.023546
0.68272 0.054806
0.6829 0.3318
0.6838 0.64843
0.68491 0.10685
0.68494 0.034434
0.6851 0.25305
0.68511 0.02778
0.6852 -0.05293
0.68533 -0.091336
0.68541 -0.67628
0.68581 0.075951
0.68685 0.022991
0.68796 -0.060852
0.68938 -0.074165
0.68994 -0.052578
0.68998 0.043741
0.69105 0.027832
0.69159 0.022432
0.69262 -0.84504
0.6931 0.035141
0.69314 -0.05761
0.69353 -0.97549
0.69363 0.19971
0.69468 -0.052227
0.69531 -0.064566
0.69622 -0.58417
0.6963 0.021876
0.69762 -1.8321
0.69824 0.94717
0.69835 -0.11099
0.69842 -0.057789
0.69929 -0.08651
0.69936 0.029312
0.69942 -0.05187
0.69975 -0.072962
0.70011 0.38265
0.70013 -0.2283
0.70018 0.054884
0.70019 0.039996
0.70102 0.021313
0.70175 0.44967
0.70335 -0.064419
0.70415 -0.051513
0.70419 -0.056222
0.70533 0.54254
0.70554 -1.1253
0.70573 0.02075
0.70634 0.025455
0.70751 0.033264
0.7084 0.1213
0.70888 -0.051151
0.70935 0.093463
0.70998 0.071266
0.71043 0.020182
0.71101 -0.059778
0.71103 0.043208
0.71164 -0.075514
0.71176 -0.094676
0.7136 -0.050789
0.71383 0.026759
0.71435 -0.13775
0.71437 1.1191
0.71493 -0.74422
0.71514 0.019614
0.71517 0.034667
0.71669 -0.056347
0.71722 1.4742
0.71812 0.29359
0.71831 -0.050422
0.71892 -0.064188
0.71982 0.019042
0.71998 -0.33594
0.7205 0.023379
0.72099 -0.17926
0.72137 0.054998
0.72157 0.030491
0.72197 0.040182
0.7221 -0.056642
0.72301 -0.050055
0.72316 0.33949
0.72451 0.01847
0.72461 -0.088257
0.72506 -0.073629
0.72612 -0.11119
0.72737 -0.063354
0.72771 -0.049684
0.72781 0.024659
0.72805 -0.055517
0.72918 0.017894
0.72929 0.033463
0.72965 -0.4249
0.72998 0.24149
0.7307 1.9084
0.73127 -0.27977
0.7324 -0.049312
0.73248 0.043225
0.73279 0.077335
0.73333 -0.080757
0.73337 -0.053253
0.73356 0.109
0.73385 0.017318
0.7341 0.021216
0.7343 0.15205
0.73481 -0.0601
0.73528 0.0274
0.73549 -0.070127
0.73626 -1.4879
0.73707 -0.048936
0.73707 0.034558
0.73774 -0.37474
0.7385 0.016739
0.73982 0.021996
0.73988 -0.054678
0.74004 -0.059592
0.74036 -0.064169
0.74064 0.054753
0.74088 -0.09309
0.74142 0.20022
0.74174 -0.04856
0.74193 -0.078889
0.74315 0.01616
0.74333 0.028676
0.7438 -0.22423
0.7439 0.040152
0.74485 0.021094
0.74519 -0.06022
0.74639 0.41296
0.74639 -0.04818
0.74643 -0.069512
0.74666 0.36905
0.74685 -0.052975
0.74707 -0.11236
0.74778 0.015577
0.74797 -0.14071
0.74977 0.022708
0.75041 -0.057548
0.75055 2.1549
0.75064 -2.0553
0.75104 -0.0478
0.75124 -0.063104
0.75213 0.03239
0.75241 0.014995
0.75283 -0.081388
0.75314 -0.052902
0.75566 -0.047417
0.75591 -0.058859
0.75638 0.04625
0.75649 0.066539
0.7566 0.7361
0.75701 0.01441
0.75735 0.023116
0.75757 0.092045
0.75814 -0.068157
0.75874 0.12043
0.75882 -0.052687
0.76029 -0.047033
0.76112 0.27391
0.76162 0.013824
0.76164 -0.098274
0.76178 0.033138
0.76314 -0.11982
0.76316 -0.058455
0.76366 0.018543
0.76457 0.025436
0.76471 -0.051094
0.76489 -0.046645
0.76619 0.013237
0.76758 0.32529
0.76769 -0.079604
0.76906 0.016915
0.76948 -0.046258
0.76949 0.055386
0.76983 0.022146
0.76995 0.04137
0.77004 -0.065504
0.77029 0.030135
0.77077 0.01265
0.77082 -0.33208
0.77137 -0.053965
0.77259 0.18052
0.77274 -0.84637
0.77287 -0.57619
0.77405 -0.045868
0.77474 0.016876
0.77522 -0.28887
0.77531 0.012062
0.77563 -0.49144
0.77674 0.024418
0.77721 0.84638
0.77836 -0.11056
0.77862 -0.045478
0.77869 -0.050568
0.77895 0.62443
0.7791 0.034313
0.77951 -0.05964
0.77986 0.011472
0.78056 -0.072558
0.78086 -0.24977
0.78115 0.22783
0.78121 -0.91457
0.78167 0.017592
0.7818 0.10592
0.78187 0.073934
0.78286 0.049184
0.78305 -0.13562
0.78311 -0.66455
0.78316 -0.045085
0.7836 -0.09092
0.78402 -0.77915
0.78404 -0.1861
0.7842 -0.39971
0.78438 0.010881
0.78522 0.025531
0.78554 -0.052211
0.78622 0.1422
0.78769 -0.044692
0.78889 0.010291
0.78936 0.01645
0.78956 0.54875
0.79003 0.47188
0.79005 0.035538
0.79094 -0.062483
0.79189 0.38669
0.79219 1.0152
0.79219 -0.044297
0.79234 -1.0129
0.79295 -0.076681
0.79312 -0.050462
0.79337 0.0097001
0.79497 0.025137
0.79527 0.058894
0.79582 0.045546
0.79669 -0.043902
0.79738 0.016008
0.79785 0.009109
0.79906 -0.048843
0.80008 -0.11107
0.80021 -0.056204
0.80116 -0.043505
0.8014 0.09255
0.80229 0.0085177
0.80376 0.03526
0.80439 0.013395
0.80446 -0.049414
0.80448 -0.087833
0.80468 0.02242
0.8048 -0.068796
0.80534 0.92806
0.80562 -0.043108
0.80641 0.11579
0.80673 0.0079264
0.80696 0.28097
0.80846 0.051194
0.80891 -0.056546
0.81004 -0.042709
0.81006 0.011655
0.8104 0.071806
0.81083 -0.047866
0.81113 0.0073354
0.81194 0.01742
0.81446 -0.042311
0.81553 0.0067443
0.81571 0.18403
0.81599 0.011282
0.81619 0.027667
0.8163 -0.046768
0.81632 -0.053161
0.81665 0.040631
0.81686 -0.063129
0.81835 -0.29267
0.81884 -0.041911
0.81934 -0.077587
0.81989 0.006154
0.82053 0.017784
0.82123 -0.048018
0.82289 0.010999
0.8232 -0.13985
0.82321 -0.041511
0.82384 -0.055898
0.82416 0.33427
0.82424 0.0055638
0.82542 -0.35387
0.8262 -0.10041
0.82645 0.098078
0.82707 0.054248
0.82784 -0.39319
0.82795 -0.06596
0.82806 -0.048387
0.82818 0.024191
0.82826 0.03654
0.82832 0.015477
0.82843 -0.433
0.8285 0.0094937
0.82916 -0.23425
0.83187 -0.040711
0.83221 0.41974
0.83246 -0.056114
0.83274 0.074183
0.83286 0.004386
0.83415 0.01156
0.83424 0.13702
0.83573 -0.04783
0.83592 0.018792
0.83593 -0.078375
0.83846 0.37607
0.83889 0.0081632
0.83933 0.23421
0.83934 -0.063929
0.84022 -0.054212
0.84032 0.029352
0.84043 -0.039909
0.84045 0.044027
0.84059 0.013372
0.84114 -0.56754
0.84137 0.0032121
0.8416 -0.04752
0.84401 0.78318
0.84424 0.019281
0.84456 -0.84597
0.84469 -0.18508
0.84563 -0.051118
0.84565 0.013865
0.84586 0.0087572
0.84682 -0.045297
0.84765 -0.058096
0.84816 0.086435
0.84888 -0.039108
0.84978 0.0020432
0.85013 -0.11567
0.85104 -0.091193
0.8514 0.014652
0.85156 -0.050596
0.85162 0.1085
0.85196 -0.0704
0.85205 0.024654
0.85266 -0.044188
0.85338 0.061611
0.85348 0.0072039
0.85365 0.03837
0.85602 -1.2951
0.85698 -0.057334
0.85722 -0.038308
0.85796 -1.6684
0.85807 0.0008807
0.8582 0.006066
0.85853 0.010827
0.85898 -0.047684
0.85966 0.018293
0.86238 0.6902
0.86294 0.0058734
0.86332 0.028205
0.86377 -0.26945
0.86414 -0.042894
0.86459 -0.047505
0.86543 -0.037511
0.86562 0.012189
0.86564 -0.064193
0.86624 -0.00027424
0.86653 -0.052989
0.86702 0.2905
0.86747 -0.079278
0.86762 0.019453
0.86945 -0.046083
0.8696 -0.040992
0.87021 0.0056854
0.87135 -0.39388
0.87163 -2.2707
0.87238 0.042332
0.87286 -2.601
0.87347 0.34871
0.87352 -0.036717
0.87404 -0.057761
0.87427 1.5702
0.87429 -0.0014203
0.87455 1.3111
0.8748 0.12756
0.8748 0.089806
0.87483 0.025779
0.87495 -0.10226
0.87501 0.013372
0.87524 0.39818
0.87528 -0.042158
0.87607 -0.14368
0.87622 -0.049515
0.87625 0.45754
0.87713 1.7831
0.87723 0.0044224
0.87724 -0.067288
0.87746 -0.32311
0.87809 0.062435
0.87828 1.0982
0.87871 0.18168
0.8795 0.55989
0.87966 0.86925
0.88019 -0.4766
0.88115 -0.18191
0.88147 -0.035927
0.88151 -0.043573
0.8822 -0.002556
0.88249 -0.048665
0.88272 1.9727
0.88349 0.97478
0.88373 -0.22293
0.88423 -0.080003
0.88444 0.0070468
0.88467 -0.7433
0.88506 -0.055373
0.88512 0.018996
0.88547 -0.6422
0.88571 0.031905
0.88607 0.23958
0.88646 -0.040187
0.88685 0.00082223
0.88753 -0.045917
0.88761 -1.0949
0.88853 -0.066602
0.88928 -0.035143
0.88996 -3.0715
0.88997 -0.0036801
0.89165 0.0025693
0.8918 -0.94786
0.89268 -0.040433
0.89303 0.011416
0.89478 0.071556
0.89632 0.10926
0.89649 -1.8808
0.89674 -0.047529
0.89694 -0.034366
0.89732 -0.1143
0.89758 0.024227
0.89759 -0.004791
0.8976 0.0044358
0.89765 0.047206
0.89773 -0.059106
0.89918 -0.09092
0.89937 -0.039496
0.89957 -0.072838
0.90112 0.088573
0.90193 0.011096
0.90352 0.0017918
0.90444 -0.033596
0.90505 -0.0058871
0.90605 -0.041087
0.90836 -0.063508
0.90887 -0.051461
0.9091 -0.00065082
0.90951 0.0068341
0.90977 0.017695
0.9098 0.030891
0.90981 -1.4819
0.91013 -0.27464
0.91149 0.37242
0.91178 -0.032835
0.91234 -0.0069671
0.91443 0.13483
0.91462 -0.041618
0.91464 0.27118
0.91496 0.0014218
0.91683 -0.0362
0.91685 -0.059457
0.91754 0.010232
0.91855 0.10142
0.91857 -0.07471
0.91888 -0.0027967
0.91894 -0.032085
0.91903 0.41661
0.91947 -0.0080291
0.91967 -0.17779
0.91979 -0.132
0.92006 -0.10108
0.92067 0.070734
0.92185 0.042093
0.92204 -0.049037
0.92207 0.022897
0.92209 0.0029103
0.92248 -0.038391
0.92361 -0.36279
0.92424 0.32398
0.92484 -0.0031064
0.92593 -0.031347
0.92593 -0.059724
0.92641 -0.0090716
0.92656 0.010516
0.92686 -0.41786
0.92756 -0.31634
0.92889 0.0025579
0.92925 -0.042473
0.92935 -0.036034
0.93194 0.17176
0.93227 -0.0034484
0.93272 -0.030621
0.93317 -0.010093
0.93349 0.22217
0.93378 0.0017308
0.93399 2.5369
0.93423 0.0074697
0.93436 -0.56368
0.93436 0.031043
0.93442 0.017684
0.93495 -0.066077
0.93613 -0.050659
0.93625 -0.037891
0.93674 -0.84112
0.93808 0.090567
0.93907 -0.23137
0.93908 0.0012997
0.93924 -0.006374
0.93932 -0.02991
0.93972 0.11256
0.93973 -0.011091
0.94133 0.77568
0.94213 0.010405
0.94276 -0.083408
0.94298 -0.034547
0.94298 -0.11134
0.94399 -0.041226
0.94506 -0.0036441
0.9457 -0.029215
0.94578 0.003257
0.94608 -0.012064
0.94609 0.048472
0.94645 0.073885
0.94713 0.023731
0.94725 -0.048653
0.94906 -0.060591
0.94955 -0.0071677
0.94963 -0.034622
0.95062 -0.00080318
0.95181 -0.041691
0.95188 -0.028537
0.95212 0.0088754
0.95222 -0.013011
0.95318 0.85234
0.95416 -0.0062801
0.95495 -0.031232
0.95519 -0.02817
0.95549 -0.013518
0.95571 -0.048703
0.95602 -0.036058
0.95646 -0.010612
0.95702 6.9601e-05
0.95783 -0.027878
0.95813 -0.013929
0.95839 -0.041364
0.95876 0.017932
0.95884 -0.0063676
0.95905 -0.031569
0.95987 -0.010888
0.96028 0.13635
0.96069 -0.027559
0.96072 0.27598
0.96086 -0.33793
0.96086 0.46636
0.96097 -0.014372
0.96105 0.38306
0.9613 -0.056058
0.96172 -0.14023
0.96206 0.031102
0.96215 -0.036024
0.96247 -0.011949
0.96259 -0.030705
0.96261 -0.0082751
0.96293 -0.0024357
0.96355 -0.027239
0.96359 0.007125
0.96376 0.066468
0.96382 -0.014816
0.96453 0.094238
0.96487 -0.070794
0.96509 -0.011371
0.96523 -0.029483
0.96525 -0.032481
0.96571 -0.044505
0.96628 -0.026931
0.96652 -0.006803
0.96654 -0.015243
0.96779 -0.035599
0.9682 -0.030269
0.96836 -0.011322
0.96838 0.92355
0.96854 -0.09899
0.96902 -0.026623
0.9692 -0.00070614
0.96926 -0.01567
0.96964 -0.28583
0.96983 0.018477
0.9711 -0.0069982
0.97126 0.65965
0.97127 -0.055364
0.97163 -0.026327
0.97165 -0.028501
0.97175 -0.012003
0.97185 -0.01608
0.97188 0.047512
0.97198 -0.032267
0.97298 -0.037876
0.97299 -0.19102
0.97355 1.0216
0.97407 0.18247
0.97424 -0.026031
0.97445 -0.01649
0.97474 -0.02892
0.97484 -0.013279
0.97529 -0.0088166
0.97557 0.0070934
0.9757 -0.045317
0.97581 -0.0026272
0.97632 -0.032441
0.97672 -0.025748
0.97692 -0.016881
0.97746 -0.014889
0.97751 -0.028498
0.97827 -0.38757
0.97846 -0.011502
0.97851 -0.76317
0.9786 0.029724
0.9792 -0.025464
0.97938 -0.017272
0.97994 -0.052461
0.98011 -0.4701
0.98014 -0.0067165
0.98016 -0.063136
0.98019 -0.037217
0.98037 -0.029873
0.98071 -0.014546
0.98079 -0.078189
0.98082 0.01715
0.9814 -0.66586
0.98155 -0.025194
0.98171 -0.017644
0.98179 0.32518
0.9825 -0.23528
0.98272 -0.010897
0.98336 -0.02809
0.98389 -0.024925
0.98404 -0.018016
0.98408 3.0774e-05
0.98419 -0.045129
0.98444 -0.032252
0.98473 -0.01512
0.98508 -0.0066968
0.98605 0.0096393
0.9861 -0.024669
0.98623 -0.018367
0.98655 -0.028262
0.98659 0.067955
0.98732 -0.037812
0.98766 -0.010879
0.98799 0.1138
0.9883 -0.024414
0.98842 -0.018718
0.98851 -0.054346
0.98892 -0.032403
0.98923 0.23085
0.98932 -0.026418
0.98995 -0.029188
0.9902 -0.015694
0.99135 -0.0053955
0.99163 -0.11794
0.9921 0.091052
0.99228 -0.91117
0.99234 -0.011226
0.99242 -0.023934
0.99247 -0.02771
0.99252 -0.019377
0.9926 -0.03115
0.99291 -0.035916
0.99317 0.04188
0.99351 -0.044226
0.99387 0.020438
0.99449 -0.017451
0.99509 0.0045472
0.99513 -0.029262
0.99534 -0.090822
0.99543 -0.01435
0.99549 -0.067565
0.99553 -0.026364
0.99623 -0.023487
0.99631 -0.01999
0.99646 -0.032511
0.99722 -0.009763
0.99788 -0.053806
0.99803 -0.017749
0.99829 -0.025178
0.99848 -0.0039243
0.99873 -0.028618
0.99901 -0.037627
0.99976 -0.021815
1.0005 -0.014294
1.0007 -0.032592
1.0007 -2.0611
1.0013 -0.025435
1.0017 -0.018593
1.0026 -0.33531
1.0038 -0.028971
1.0042 0.0002543
1.0049 -0.016157
1.0051 0.55729
1.0051 -0.04551
1.0056 -0.0090026
1.0056 -0.035306
1.0058 -0.022505
1.0072 -0.0587
1.0074 0.078181
1.0078 0.010473
1.0081 0.14218
1.01 -1.0119
1.0107 -0.029357
1.0109 -0.01655
1.0121 0.056222
1.0136 -0.022961
1.0138 -0.0010611
1.0147 -0.038043
1.0148 0.10203
1.0148 0.41445
1.0152 -0.01032
1.0154 0.029364
1.0155 0.36185
1.0161 -0.25764
1.0168 -0.10761
1.0174 0.32361
1.0176 -0.15157
1.0184 -0.051662
1.0187 -0.29841
1.0189 -0.074839
1.019 -0.2106
1.0203 -0.01788
1.0205 -0.028143
1.0211 0.1902
1.0213 0.28163
1.0239 0.0088173
1.0255 -0.0070191
1.0262 -0.41875
1.0267 0.84839
1.0275 -0.37152
1.0282 -0.03879
1.0284 1.8955
1.0294 0.074863
1.0294 1.4749
1.0307 0.23212
1.0319 2.1301
1.0338 -0.83154
1.0344 1.1392
1.0353 -0.021762
1.0357 -0.055291
1.0362 -0.56171
1.0368 0.11992
1.0372 -0.09389
1.0372 0.021783
1.0394 0.046533
1.0405 0.094922
1.0419 -0.11787
1.0441 0.00047852
1.0445 -0.03838
1.0453 -0.074399
1.049 -1.5789
1.0497 -0.28102
1.0503 -1.9091
1.0512 -1.7662
1.0519 0.33039
1.0528 0.74364
1.0569 -1.3854
1.0582 -0.23991
1.0591 -0.054244
1.0603 -0.32865
1.0604 0.073069
1.0605 0.04792
1.061 0.10781
1.0614 0.15032
1.0615 -0.074404
1.0625 0.24992
1.0625 -6
1.0625 6
1.0627 0.024187
1.063 -0.73903
1.0631 0.00086208
1.0638 -0.022349
1.064 -0.096028
1.065 0.20637
1.0654 -0.1898
1.0676 0.38697
1.0682 -1.1733
1.0697 0.47298
1.0704 -0.39186
1.0725 -0.13739
1.0772 -0.070979
1.0781 0.28884
1.0784 -0.46578
1.0787 0.55099
1.0804 0.049214
1.0808 0.093031
1.0813 1.6889
1.083 0.0018739
1.0846 0.63182
1.0852 0.11753
1.0859 -0.04662
1.0878 -0.64657
1.0881 -0.087979
1.0884 2.9965
1.0886 -0.10915
1.0903 -0.2775
1.0904 -0.91694
1.0908 0.072745
1.0935 0.97028
1.0957 0.02635
1.096 -0.020821
1.101 0.18178
1.1016 -0.069389
1.104 0.33754
1.1063 0.096974
1.1068 -0.22807
1.1093 -0.094888
1.1095 0.074786
1.1105 0.37656
1.1113 0.053252
1.1116 -0.35966
1.1117 -0.31467
1.1122 -0.12542
1.1133 0.13745
1.1134 0.41405
1.1135 0.238
1.1148 0.0016606
1.1149 -0.019588
1.1175 -0.041619
1.1175 -0.40974
1.1176 1.313
1.1186 -0.17105
1.1199 0.29206
1.1251 0.027626
1.1304 0.077881
1.1317 -0.073407
1.133 4.4566
1.1334 -0.018519
1.1341 0.10637
1.1342 -1.0222
1.1346 -0.10312
1.1359 0.82916
1.1361 3.564
1.1384 -0.81338
1.1478 0.32126
1.1481 -0.33223
1.1491 0.049457
1.1502 -0.13263
1.1507 0.17833
1.1517 -0.2766
1.1538 -0.71215
1.154 0.54725
1.1546 0.0071425
1.1546 -4.4138
1.1549 0.13123
1.1552 -0.55797
1.1553 0.37311
1.1556 0.71902
1.1558 -0.6395
1.157 -0.21326
1.1584 -0.041037
1.1603 0.27757
1.163 -0.38015
1.1631 -0.45052
1.1644 0.45008
1.167 -0.16946
1.1688 0.090862
1.169 -0.090897
1.1727 0.22964
1.1755 0.63454
1.1925 -0.24008
1.1927 -1.4896
1.1935 -0.012128
1.1966 0.19121
1.1971 -0.32851
1.1973 0.32123
1.1991 -0.13412
1.1994 -2.2868
1.2038 0.042531
1.2046 0.13883
1.2062 -0.094863
1.2071 1.4983
1.2076 -0.05644
1.2079 -0.19322
1.2084 0.090796
1.2086 0.26653
1.2099 -0.27866
1.2139 0.22459
1.2209 -1.669
1.2247 -0.6513
1.2268 -0.49059
1.227 -1.928
1.2372 -0.91342
1.2376 -0.2412
1.2399 0.78346
1.2407 -0.40066
1.2414 -0.012043
1.244 0.49996
1.2442 -0.053761
1.2443 0.68538
1.2453 0.19254
1.2462 1.9346
1.2469 0.24349
1.247 0.91144
1.2471 0.5925
1.2473 -0.15497
1.2476 -0.096396
1.2486 0.39169
1.2532 -0.76361
1.2541 0.0907
1.2547 -0.1994
1.2594 0.036343
1.2599 0.14415
1.265 0.29819
1.265 -1.3129
1.2668 -1.0919
1.2682 -0.56707
1.2687 -0.30345
1.2712 1.1213
1.28 -0.049353
1.2848 -0.13176
1.2911 -0.23145
1.2921 -0.17605
1.2961 0.23364
1.2974 1.3401
1.2986 0.057359
1.2993 0.12373
1.2996 0.090568
1.2996 0.17333
1.3005 0.0033928
1.3031 0.34155
1.3063 -0.092719
1.3109 -0.47775
1.3131 1.6809
1.3156 0.46094
1.3176 0.64297
1.3287 0.73
1.3291 -3.4862
1.33 -0.14088
1.3311 -0.046594
1.3323 0.82846
1.3351 0.03843
1.3377 0.14566
1.3398 -0.83436
1.3415 -0.75369
1.3417 0.55331
1.3419 2.6903
1.3423 -0.19835
1.3439 -0.66294
1.3457 0.089882
1.3458 0.38864
1.347 2.2976
1.35 -0.27021
1.3519 -0.55508
1.3549 -0.37464
1.3567 -0.0018003
1.3595 -1.5144
1.3602 0.29491
1.3612 5.3222
1.3614 0.20028
1.3629 -0.094032
1.3634 -5.3293
1.3781 0.042922
1.3815 -0.045907
1.3842 -2.777
1.3855 0.13908
1.3909 -0.15292
1.4001 -0.21929
1.4001 0.46607
1.404 1.4914
1.4082 0.23882
1.4119 0.65819
1.414 -2.0769
1.4158 -0.00065555
1.4169 0.92933
1.4169 -0.48535
1.4192 -1.9113
1.4211 -0.58414
1.4225 0.78165
1.4288 -0.77131
1.431 0.080305
1.4356 0.37731
1.4384 -1.7355
1.4386 -0.94786
1.4387 -0.082251
1.445 -0.29343
1.4481 0.17981
1.4492 -1.1787
1.4518 -0.39236
1.452 0.553
1.4571 -1.3618
1.4607 -0.65872
1.4653 1.8289
1.4689 0.28158
1.4699 2.0373
1.4719 -0.18291
1.483 1.0841
1.4855 1.2832
1.4902 1.6475
1.5009 0.0013276
1.5012 0.46294
1.5033 0.62683
1.5056 -0.45385
1.5128 0.71802
1.521 -0.55962
1.5232 0.82809
1.5286 -0.64313
1.5333 -0.71833
1.5346 -0.81977
1.5356 0.37048
1.5382 0.21356
1.5428 0.1091
1.5431 -0.36213
1.5438 -0.25198
1.5474 -0.10049
1.5483 -0.17853
1.5528 0.55255
1.5559 0.29206
1.5629 -1.5148
1.5677 3.1131
1.5897 0.64767
1.5929 -0.46173
1.5992 -0.64563
1.6019 -1.9341
1.6092 0.175
1.6183 -2.2761
1.6208 0.25035
1.6227 -1.0705
1.6233 0.76203
1.625 -6
1.625 6
1.6251 0.34029
1.6257 -0.092141
1.6262 -0.2961
1.6269 1.1465
1.628 -0.90161
1.6301 -0.18165
1.6302 0.45776
1.6304 0.0018374
1.6354 1.7379
1.6361 -0.38395
1.64 0.94824
1.6405 0.57059
1.6412 1.5045
1.6416 -1.2938
1.6418 -0.55181
1.6435 0.11122
1.6464 -0.75784
1.6487 1.9376
1.6671 -1.6932
1.6721 2.1872
1.6835 1.2935
1.6909 0.28697
1.6986 -0.25404
1.6991 -0.093573
1.6994 0.65233
1.7014 0.19456
1.7055 -0.45339
1.7057 -0.64141
1.7136 -0.34184
1.717 0.3699
1.7255 -0.84009
1.7269 0.5421
1.7302 0.087892
1.7307 -0.54839
1.742 0.45301
1.742 -0.18072
1.7538 2.5875
1.755 -0.0099047
1.7702 1.6601
1.7704 -1.1504
1.7739 0.77725
1.78 0.28339
1.7836 -0.27298
1.7961 -0.099505
1.7967 -0.49789
1.806 -1.4922
1.8063 -0.7456
1.8076 -1.6615
1.8076 0.50141
1.8103 -0.59745
1.8115 -1.8148
1.8152 1.8256
1.8157 0.060932
1.8168 -0.95836
1.8209 -2.0256
1.8222 -1.2918
1.8256 -0.38817
1.8345 0.39792
1.8356 1.5419
1.8358 1.1366
1.8362 1.3774
1.8367 0.16561
1.8398 -0.19002
1.841 2.0197
1.8417 0.92119
1.8418 0.61497
1.8511 -2.602
1.8594 -0.019526
1.8806 -0.28352
1.8907 -0.10712
1.8957 0.28415
1.8962 0.49461
1.9038 -0.50933
1.9097 0.071578
1.9212 -0.64415
1.9214 -3.0978
1.9414 1.6833
1.9462 -1.6664
1.9502 -1.1613
1.9552 -1.3452
1.956 -0.19557
1.9622 4.7916
1.9706 -5.4962
1.984 0.98019
1.9895 0.5695
1.9904 5.4624
1.9945 -0.36066
1.9947 2.2332
1.9951 -0.036197
1.9981 1.4975
1.9994 -4.8446
2.0005 0.76993
2.0037 0.39953
2.0052 -0.7977
2.0061 3.7994
2.0123 -0.98883
2.0185 -1.8802
2.019 1.3016
2.0248 0.1728
2.0354 -1.4908
2.0498 -2.2217
2.0602 1.9092
2.063 1.1227
2.0759 -0.57121
2.08 3.0342
2.1025 -3.9149
2.1172 -0.1952
2.1266 -1.1069
2.1345 -1.2937
2.1554 1.6509
2.1558 -1.6609
2.1694 0.95903
2.18 0.16698
2.182 -0.93945
2.1875 -6
2.1875 6
2.1897 1.4304
2.1899 0.31531
2.197 0.56195
2.1977 1.2396
2.2035 0.0098344
2.2042 -0.38687
2.2053 1.1045
2.2093 -1.4735
2.2108 0.77685
2.2221 -0.74169
2.2812 -2.636
2.2845 -0.56402
2.2959 2.5715
2.3184 -1.3531
2.3213 -1.8969
2.3243 1.8215
2.3267 0.17799
2.3353 -1.1335
2.348 1.3298
2.3526 -0.20693
2.3529 0.70801
2.3567 2.1247
2.3628 0.87816
2.3701 1.1096
2.3752 -0.88844
2.3975 -1.5645
2.4059 -0.42853
2.4092 0.38029
2.4124 -0.69637
2.4234 1.5602
2.4248 0.57658
2.4293 0.0074277
2.4315 -0.56385
2.4336 -2.243
2.5028 -1.3257
2.5129 -1.1627
2.5176 0.95696
2.5233 0.18346
2.5294 -1.0157
2.5362 -1.7371
2.543 -0.13805
2.5513 1.3022
2.5649 0.74713
2.5692 -0.81483
2.5745 -0.32197
2.5768 -3.1743
2.5915 1.106
2.5949 0.51109
2.5952 4.4598
2.6002 -0.57338
2.616 0.33577
2.6308 1.8641
2.6381 0.013753
2.6433 -5.4197
2.6733 -1.9752
2.6883 -1.1825
2.6973 -0.9571
2.7008 0.95662
2.7239 5.308
2.7334 -0.1761
2.7363 0.19337
2.7443 0.61101
2.75 -6
2.75 6
2.7505 -1.5488
2.7559 -4.5879
2.763 3.1119
2.7647 1.5188
2.7836 -0.58952
2.8033 -0.77157
2.8098 1.1884
2.8199 0.41422
2.824 -0.41258
2.8251 0.78257
2.8252 3.8759
2.8384 2.3393
2.8514 -2.4921
2.8723 0.0052745
2.8912 -1.0212
2.9002 0.96462
2.9133 -1.2699
2.9383 0.60721
2.9514 -0.60831
2.9612 0.21109
2.9632 -0.20555
2.9779 -3.8139
3.0602 1.0926
3.074 1.8158
3.0965 1.3812
3.1104 -1.9257
3.1135 -1.1408
3.1178 0.81225
3.1394 -0.83657
3.1604 0.43511
3.1653 -1.458
3.1699 2.6614
3.1729 -0.44122
3.2241 -0.00053417
3.3125 -6
3.3125 6
3.3281 -3.1148
3.3587 3.6072
3.3587 1.1107
3.3989 -4.375
3.432 -1.171
3.4685 4.4452
3.4775 -5.1575
3.4894 0.30368
3.5027 -0.31239
3.5041 1.5427
3.526 5.3585
3.5365 3.004
3.56 -2.4112
3.5816 0.70199
3.6064 2.246
3.621 -0.72557
3.6652 -1.7022
3.6892 -0.0030034
3.7355 -3.7794
3.7743 1.1347
3.8608 0.36492
3.875 -6
3.875 6
3.879 -0.3735
3.8825 -1.1878
4.0593 -4.5009
4.1102 1.5661
4.1252 3.5568
4.1554 2.8127
4.1714 -2.2035
4.192 -0.0022011
4.2376 5.1182
4.2723 -3.0496
4.3003 -5.2336
4.3147 0.75201
4.3428 -1.5927
4.3551 4.2708
4.3586 -0.76509
4.4087 -3.9116
4.4375 -6
4.4375 6
4.459 2.2188
5 -6
5 -5.25
5 -4.5
5 -3.75
5 -3
5 -2.25
5 -1.5
5 -0.75
5 0
5 0.75
5 1.5
5 2.25
5 3
5 3.75
5 4.5
5 5.25
5 6
