1811 3076 1518
385 272 189
57 88 91
20 2 26
382 271 524
1872 1811 524
524 1811 382
91 88 159
375 1811 1518
382 1811 375
151 197 346
346 225 151
469 225 346
346 375 1518
197 375 346
91 159 193
382 375 193
193 375 197
193 159 271
193 271 382
55 32 25
4 25 5
5 25 32
24 6 5
5 32 24
17 28 8
38 28 17
17 6 24
3 2 20
3 25 4
84 197 151
151 85 84
91 193 84
84 193 197
3076 3359 3160
3187 3160 3329
3329 3160 3359
94 107 120
3503 3514 3495
3491 3503 3476
3476 3503 3495
3455 3488 3470
3455 3359 3435
3495 3514 3508
3508 3488 3495
3520 3500 3507
3507 3500 3493
3505 3518 3507
3470 3488 3502
3488 3508 3502
3470 3502 3482
3482 3502 3499
3517 3502 3516
3499 3502 3517
3517 3518 3505
3505 3499 3517
79 89 58
27 14 22
525 272 385
525 1852 1873
385 1852 525
3059 3335 3181
3059 1852 1789
3181 1852 3059
1789 1819 3059
3181 3253 3000
1873 1852 3000
3000 1852 3181
3339 3335 3428
3181 3335 3339
3339 3253 3181
22 14 13
13 33 22
385 189 403
1789 1852 403
403 1852 385
403 1819 1789
432 1819 403
160 189 272
160 89 79
79 189 160
3525 3526 3506
3525 3497 3524
3506 3497 3525
36 26 18
1 26 2
0 18 1
1 18 26
36 57 53
53 26 36
53 57 91
91 84 53
3344 3359 3076
3435 3359 3344
30 3 20
25 3 30
8 28 21
7 17 8
6 17 7
39 17 24
38 17 39
2645 3160 3187
3187 3329 3320
3415 3455 3470
3415 3329 3359
3359 3455 3415
29 13 12
33 13 29
12 11 29
29 11 31
370 1034 395
370 225 469
370 231 225
469 1610 370
1610 1034 370
120 107 144
3514 3503 3513
3509 3503 3491
3512 3513 3509
3509 3513 3503
3491 3476 3468
3423 3476 3435
3432 3468 3423
3423 3468 3476
3435 3344 3423
3423 3344 3336
3435 3476 3473
3473 3476 3495
3495 3488 3473
3473 3455 3435
3488 3455 3473
3515 3508 3514
3516 3502 3515
3515 3502 3508
3504 3500 3520
3493 3500 3487
3486 3499 3505
3486 3482 3499
3520 3507 3519
3519 3507 3518
3485 3507 3493
3470 3482 3446
3446 3415 3470
19 27 37
14 27 15
15 19 16
27 19 15
45 58 37
37 27 45
79 58 45
3469 3480 3492
3469 3433 3428
3428 3480 3469
3475 3480 3428
3475 3497 3506
3492 3480 3501
3506 3526 3501
3501 3475 3506
3480 3475 3501
3253 3339 3369
3428 3433 3369
3369 3339 3428
1996 1819 432
3065 3059 1819
1819 1996 3065
3065 1996 3026
20 26 40
26 53 40
40 53 84
40 30 20
3336 3252 3368
3432 3423 3368
3368 3423 3336
2999 1811 1872
1938 1034 1610
8 21 9
9 21 10
35 21 28
107 94 70
55 96 70
70 96 107
82 72 90
90 72 80
80 106 90
1888 1610 469
1888 2645 1610
1888 346 1518
469 346 1888
3160 2645 1888
1518 3076 1888
3076 3160 1888
3380 3320 3329
3329 3415 3380
3403 3354 3380
3380 3354 3320
3380 3446 3403
3415 3446 3380
61 29 47
47 29 31
61 47 81
81 47 65
104 85 151
151 225 104
104 96 55
96 104 147
225 231 147
147 104 225
412 508 419
338 412 419
326 338 262
395 412 326
412 338 326
275 326 262
395 326 275
275 370 395
231 370 275
258 332 210
172 167 140
3521 3504 3520
3522 3504 3521
3467 3466 3478
3478 3487 3467
3493 3487 3478
3478 3485 3493
3466 3485 3478
3490 3487 3500
3490 3504 3483
3500 3504 3490
3467 3487 3477
3477 3490 3483
3487 3490 3477
3416 3440 3411
3427 3440 3416
3427 3449 3440
3467 3477 3463
3463 3477 3483
3494 3485 3474
3507 3485 3494
3505 3507 3494
3494 3486 3505
3474 3486 3494
3482 3486 3459
3459 3446 3482
3428 3335 3418
3418 3475 3428
3527 3501 3526
3492 3501 3510
3510 3527 3528
3501 3527 3510
173 403 189
109 102 61
61 81 109
79 45 48
22 33 48
48 27 22
48 45 27
3524 3511 3523
3523 3511 3522
3524 3497 3498
3498 3511 3524
3484 3511 3498
3496 3504 3522
3522 3511 3496
3496 3511 3484
3440 3449 3456
3456 3458 3440
3497 3475 3471
30 40 54
54 84 85
54 40 84
54 104 55
85 104 54
55 25 54
25 30 54
1811 2999 3184
3076 1811 3184
3184 2999 3252
3184 3252 3336
3184 3344 3076
3336 3344 3184
43 34 52
43 47 31
65 47 43
10 21 23
21 34 23
23 11 10
31 11 23
23 43 31
34 43 23
42 28 38
38 50 42
42 35 28
49 35 42
41 34 21
21 35 41
52 34 41
41 35 49
51 50 38
38 39 51
39 56 51
44 39 24
44 56 39
24 32 44
44 32 55
55 70 44
66 51 56
80 72 66
94 101 77
124 101 94
3320 3354 3248
3187 3320 3248
419 508 560
1129 560 508
146 109 81
103 81 65
953 1996 432
432 332 953
953 332 602
114 90 106
82 90 114
185 147 231
231 275 185
96 147 139
107 96 139
139 185 170
147 185 139
139 144 107
170 144 139
170 185 208
208 275 262
208 185 275
343 338 419
1747 953 602
1996 953 1747
1940 1758 1520
2294 1940 2135
1758 1940 2196
2196 1940 2294
257 258 201
167 172 201
602 332 369
332 258 369
3462 3485 3466
3466 3452 3462
3474 3485 3462
3462 3452 3439
3467 3463 3453
3458 3457 3437
3437 3457 3421
3440 3458 3437
3437 3411 3440
3437 3421 3399
3399 3411 3437
3464 3486 3474
3464 3459 3486
3464 3434 3459
3403 3446 3424
3446 3459 3424
3424 3434 3409
3459 3434 3424
3348 3418 3335
3335 3059 3348
3059 3065 3348
105 189 79
105 173 189
79 48 105
102 173 105
105 48 102
432 403 219
403 173 219
219 173 102
46 48 33
102 48 46
61 102 46
46 29 61
33 29 46
3391 3355 3385
3385 3421 3391
3399 3421 3385
3242 3065 3026
3242 3348 3065
3483 3504 3489
3504 3496 3489
3445 3457 3484
3445 3436 3382
3421 3457 3445
3445 3382 3391
3391 3421 3445
3481 3498 3497
3497 3471 3481
3484 3498 3481
3481 3471 3436
3475 3418 3444
3444 3471 3475
3436 3471 3444
3444 3348 3436
3418 3348 3444
2596 2645 3187
1610 2645 2596
2596 1938 1610
62 43 52
65 43 62
52 67 62
49 42 59
59 42 50
59 69 49
75 69 59
50 51 63
63 72 82
63 66 72
51 66 63
63 59 50
330 297 320
299 297 330
232 255 242
246 255 232
101 122 97
97 106 80
97 122 106
64 70 94
94 77 64
64 44 70
56 44 64
68 66 56
56 64 68
68 64 77
123 122 101
101 124 123
3246 3248 3308
3308 3248 3354
3354 3350 3308
3195 3248 3246
3403 3424 3384
3384 3424 3409
3384 3354 3403
3384 3350 3354
560 1129 1017
419 560 503
560 1017 503
503 1017 1186
587 1129 508
395 1034 587
587 412 395
508 412 587
1534 1480 1841
1204 1480 1534
3409 3434 3395
3395 3384 3409
130 146 81
81 103 130
140 167 130
130 103 140
83 67 76
132 94 120
132 124 94
120 144 132
144 166 132
170 208 174
196 166 174
174 144 170
174 166 144
211 208 262
211 262 238
238 196 211
196 174 211
211 174 208
388 503 389
388 343 419
419 503 388
3177 3208 3175
3278 3294 3251
3251 3294 3264
3285 3278 3265
3223 3239 3212
1359 1747 602
3220 3266 3192
3192 3266 3221
2600 2196 2294
3019 2600 2966
2294 2135 2602
2970 3053 2602
3053 2966 2602
2602 2600 2294
2602 2966 2600
1520 1273 1523
1758 2196 1878
2364 1747 1878
1747 1359 1878
167 201 175
210 146 175
175 258 210
175 201 258
175 130 167
146 130 175
311 258 257
311 369 258
3285 3265 3260
3260 3239 3223
3260 3265 3239
3365 3376 3356
3388 3411 3399
3319 3294 3278
3319 3278 3285
3285 3302 3319
3307 3332 3349
3434 3464 3450
102 109 192
192 219 102
192 146 210
109 146 192
432 219 192
192 332 432
210 332 192
3363 3385 3355
3399 3385 3363
3358 3290 3382
3358 3242 3290
3382 3436 3358
3436 3348 3358
3348 3242 3358
3305 3355 3317
3305 3317 3271
3271 3317 3273
3169 3242 3026
3290 3242 3169
3356 3313 3337
3337 3365 3356
3483 3489 3472
3458 3456 3472
3479 3489 3496
3479 3496 3484
3484 3457 3479
3479 3457 3458
3458 3472 3479
3479 3472 3489
3436 3445 3465
3465 3481 3436
3465 3445 3484
3484 3481 3465
2989 2567 2677
2985 2986 2653
2653 2986 2570
133 158 134
129 121 119
119 134 129
108 134 119
87 108 92
87 69 75
143 158 133
82 114 112
112 114 125
73 63 82
75 59 73
59 63 73
336 362 335
336 330 362
307 295 335
276 295 279
276 255 246
279 255 276
215 232 242
80 66 78
66 68 78
78 97 80
78 68 77
78 77 101
101 97 78
3114 2986 2985
3111 2986 3114
3195 3114 3100
3100 2596 3187
3187 3248 3100
3248 3195 3100
3304 3308 3350
3301 3272 3304
3246 3308 3304
3304 3272 3246
3331 3304 3350
3301 3304 3331
2119 2273 1841
2567 2273 2119
362 414 424
320 297 290
290 318 320
822 1173 862
822 507 1204
1204 1173 822
1204 507 1018
1186 1480 1018
1018 1480 1204
1893 1755 1693
1882 1704 1677
1882 2080 1893
1893 1693 1882
1882 1693 1704
1204 1534 1391
1391 1173 1204
1364 1173 1391
1391 1560 1364
1534 1560 1391
1483 1334 1364
1483 1560 1677
1364 1560 1483
3333 3332 3309
3362 3332 3333
3309 3332 3293
3293 3332 3307
1874 1882 1677
2040 1882 1874
2040 1874 2063
2063 1874 1879
2642 2273 2567
1893 2080 2069
2253 2069 2080
2246 2408 2436
2040 2063 2246
2427 2408 2246
86 103 65
65 62 86
209 201 172
172 195 209
257 201 209
49 69 60
60 76 67
60 41 49
52 41 60
60 67 52
129 134 149
126 86 116
83 110 116
116 86 83
138 121 129
129 149 138
138 149 150
184 154 155
128 154 157
157 143 128
131 112 125
113 112 131
125 155 131
131 155 154
131 128 113
154 128 131
157 154 183
183 154 184
362 424 413
438 394 413
359 394 386
428 394 438
386 394 428
1696 1766 1694
1027 730 1081
509 730 1027
186 166 196
186 196 238
156 132 166
166 186 156
156 186 169
142 123 124
122 123 142
142 141 122
293 282 238
338 343 293
238 262 293
262 338 293
343 388 331
331 293 343
282 293 331
331 388 389
3177 3198 3211
3211 3208 3177
3155 3198 3177
3177 3175 3140
3140 3175 3144
3274 3266 3220
3239 3265 3243
3278 3251 3243
3243 3265 3278
3219 3197 3264
1715 1558 1714
1714 1558 1706
2447 2612 2620
538 1359 602
602 369 538
3220 3192 3147
3156 3192 3221
2620 2612 2780
2970 2825 3031
2961 3031 2807
2807 3031 2825
3064 3031 2961
2970 2602 2618
2618 2825 2970
1760 1940 1520
1520 1523 1760
1760 2135 1940
1760 1915 2135
2613 2600 3019
2196 2600 2613
2320 2628 2364
2364 1878 2320
2320 1878 2196
2196 2613 2320
2320 2613 2628
3454 3466 3467
3419 3413 3439
3288 3302 3285
3285 3260 3288
3233 3216 3209
3416 3411 3393
3411 3388 3393
3376 3365 3393
3356 3376 3373
3376 3393 3373
3373 3393 3388
3346 3338 3325
3325 3319 3302
3338 3319 3325
3240 3216 3233
3397 3371 3386
3340 3326 3357
3357 3326 3328
3328 3326 3303
3281 3303 3287
3300 3284 3307
3328 3303 3300
3303 3281 3300
3347 3357 3328
3379 3357 3347
3328 3300 3347
3367 3379 3347
3347 3349 3367
3307 3349 3347
3347 3300 3307
3361 3332 3362
3361 3349 3332
3367 3349 3361
3460 3464 3474
3460 3450 3464
3474 3462 3460
3406 3427 3416
3406 3412 3427
3416 3393 3406
3461 3456 3449
3461 3472 3456
3483 3472 3461
3461 3463 3483
3461 3451 3463
3427 3412 3443
3449 3427 3443
3443 3461 3449
3451 3461 3443
3370 3363 3343
3370 3373 3388
3370 3388 3399
3399 3363 3370
3341 3355 3391
3341 3317 3355
3391 3382 3341
3382 3290 3341
3290 3273 3341
3273 3317 3341
2964 2613 3019
2628 2613 2964
2722 3169 3026
2722 1747 2364
3026 1996 2722
1996 1747 2722
3378 3365 3345
3365 3337 3345
3294 3319 3345
3345 3319 3338
2983 2986 3111
2989 2677 2983
2983 2677 2570
2570 2986 2983
133 134 117
117 134 108
108 87 117
163 134 158
177 149 163
163 149 134
99 119 121
92 108 99
108 119 99
75 73 93
242 255 280
280 255 279
279 295 280
295 307 280
308 276 299
295 276 308
299 330 308
330 336 308
335 295 308
308 336 335
125 114 136
136 155 125
152 155 136
180 155 152
3111 3114 3205
3246 3272 3205
3205 3179 3111
1938 2596 2594
2596 3100 2594
3299 3272 3301
3299 3333 3309
3301 3331 3299
3364 3395 3377
3384 3395 3364
3350 3384 3364
3364 3331 3350
2334 2677 2567
2567 2119 2334
2570 2677 2334
1500 1017 1129
1186 1017 1500
2255 2653 2570
1129 587 1451
1034 1938 1451
1451 587 1034
362 330 363
363 414 362
266 313 284
284 313 318
250 276 246
415 318 380
318 313 380
380 507 415
389 507 380
380 313 389
521 467 415
415 507 521
507 822 521
521 571 467
521 822 862
862 571 521
550 507 389
550 1018 507
389 503 550
550 503 1186
1186 1018 550
1701 1560 1534
1701 1534 1841
1841 1879 1701
2127 1882 2040
2080 1882 2127
2040 2246 2127
862 1173 1161
1161 1173 1364
1364 1334 1161
1563 1693 1554
1704 1693 1563
1677 1704 1563
1563 1483 1677
3394 3379 3367
3404 3395 3434
3439 3413 3426
3309 3293 3267
3267 3299 3309
3210 3267 3250
3250 3267 3293
3250 3293 3307
2070 2063 1879
1841 2273 2070
2070 1879 1841
2273 2642 2453
2453 2648 2427
2453 2642 2648
2934 3029 2888
3062 3029 2934
2888 2648 2934
2648 2642 2934
1920 1755 1893
1893 2069 1920
2198 2253 2414
2069 2253 2198
2622 2519 2414
2622 2593 2519
103 86 115
115 86 126
140 103 115
115 126 140
83 86 71
71 86 62
71 67 83
71 62 67
236 209 195
257 209 236
140 126 165
126 161 165
165 172 140
165 195 172
74 60 69
74 87 92
69 87 74
76 60 74
92 99 74
74 99 76
126 116 137
153 161 137
137 161 126
230 215 242
243 253 221
1520 1758 1509
1509 1255 1520
988 538 511
1359 538 988
509 1027 512
512 1027 1273
179 149 177
150 149 179
1905 1952 1845
978 1148 1083
978 844 820
820 844 609
401 431 406
366 359 335
335 362 366
362 413 366
366 413 394
394 359 366
761 1075 1081
1081 730 761
454 467 536
467 571 536
1871 1884 1973
1973 2050 2065
1121 958 1097
124 132 145
132 156 145
145 156 169
145 142 124
169 142 145
389 313 310
310 331 389
310 313 266
266 282 310
282 331 310
2221 2250 2136
2354 2447 2268
2268 2447 2272
2108 1907 1997
2108 2268 2272
1997 2092 2108
2045 2108 2272
1907 2108 2045
1527 1681 1502
1527 1611 1681
3225 3211 3198
3310 3326 3340
3208 3211 3235
3235 3225 3244
3211 3225 3235
3280 3310 3282
2973 3078 3015
3113 3078 3139
3139 3155 3113
3207 3222 3196
3189 3218 3207
3118 3140 3097
3118 3113 3155
3118 3155 3177
3177 3140 3118
3116 3140 3144
3015 3011 2960
3305 3292 3330
3330 3355 3305
3330 3363 3355
3343 3363 3330
3221 3266 3262
3266 3292 3262
3305 3271 3262
3262 3292 3305
3314 3274 3313
3266 3274 3314
3224 3212 3239
3239 3243 3224
3194 3212 3224
3257 3219 3264
3264 3313 3257
3313 3274 3257
3257 3274 3220
3220 3219 3257
3197 3163 3201
3223 3212 3191
1356 1027 1081
1502 1681 1651
2230 2045 2272
2084 2256 2094
1833 1911 1706
2031 1911 1833
2031 2225 2074
2074 1911 2031
2074 2256 2084
2225 2256 2074
1892 1714 1706
1706 1911 1892
1715 1714 1892
1892 2074 2084
1911 2074 1892
2084 2094 1892
1892 1915 1715
1892 2094 1915
2705 2858 2782
3215 3156 3221
3221 3262 3215
3215 3262 3271
3019 2966 3104
3104 3156 3019
3192 3156 3104
3104 3147 3192
3104 2966 3053
3053 3147 3104
2942 2780 2782
3010 2780 2942
2612 2608 2693
2693 2780 2612
2782 2780 2693
3197 3219 3141
3141 3219 3220
3220 3147 3141
2970 3031 3141
3141 3053 2970
3141 3147 3053
2629 2807 2825
2629 2618 2451
2825 2618 2629
2629 2621 2807
3074 3120 3127
1715 1915 1532
1915 1760 1532
1532 1760 1523
1532 1558 1715
1532 1356 1558
1027 1356 1532
1532 1523 1273
1273 1027 1532
3467 3453 3447
3447 3454 3467
3453 3430 3447
3447 3430 3422
3442 3452 3466
3466 3454 3442
3439 3452 3438
3438 3419 3439
3452 3442 3438
3438 3442 3419
3413 3419 3398
3398 3394 3413
3379 3394 3398
3441 3430 3453
3441 3453 3463
3463 3451 3441
3340 3357 3375
3165 3172 3188
3203 3209 3188
3196 3222 3203
3188 3172 3203
3216 3180 3193
3193 3209 3216
3356 3373 3351
3343 3314 3351
3351 3370 3343
3373 3370 3351
3351 3313 3356
3351 3314 3313
3216 3240 3232
3232 3240 3254
3232 3260 3223
3232 3254 3260
3407 3397 3386
3422 3430 3407
3386 3401 3407
3407 3401 3422
3371 3397 3372
3378 3345 3372
3372 3345 3338
3372 3338 3346
3346 3371 3372
3268 3281 3287
3287 3280 3268
3268 3280 3244
3281 3268 3245
3230 3245 3229
3387 3361 3362
3387 3404 3405
3367 3361 3387
3387 3394 3367
3412 3406 3392
3392 3365 3378
3392 3393 3365
3392 3406 3393
3217 3271 3273
3217 3215 3271
3294 3345 3318
3318 3345 3337
3264 3294 3318
3318 3313 3264
3318 3337 3313
191 214 204
177 163 178
178 191 204
178 163 158
158 191 178
121 110 100
100 99 121
76 99 100
83 76 100
100 110 83
95 112 113
113 93 95
95 93 73
82 112 95
95 73 82
113 128 111
111 93 113
152 136 127
106 122 127
122 141 127
127 114 106
127 136 114
184 155 194
155 180 194
3199 3195 3246
3246 3205 3199
3199 3114 3195
3199 3205 3114
2918 2594 3100
2918 3114 2985
2918 3100 3114
2985 2653 2918
3353 3299 3331
3333 3299 3353
3353 3364 3377
3331 3364 3353
3377 3362 3353
3362 3333 3353
1908 2334 2119
1908 1500 1877
1586 1500 1129
1877 1500 1586
1129 1451 1586
2570 2334 2185
2185 2255 2570
1877 2255 2185
2185 1908 1877
2334 1908 2185
2653 2255 2365
2365 2918 2653
2594 2918 2365
1938 2594 2365
348 330 320
348 363 330
459 428 438
438 477 459
445 428 459
477 495 459
459 487 445
459 495 487
318 290 259
259 284 318
281 297 299
299 276 281
276 250 281
1737 1874 1677
1677 1560 1737
1560 1701 1737
1879 1874 1737
1737 1701 1879
795 536 571
1334 1483 1404
1483 1563 1404
3413 3394 3408
3408 3426 3413
3408 3387 3405
3394 3387 3408
3405 3404 3425
3425 3408 3405
3426 3408 3425
3434 3450 3425
3425 3404 3434
3450 3460 3448
3448 3425 3450
3426 3425 3448
3448 3460 3462
3448 3462 3439
3439 3426 3448
3241 3205 3272
3179 3205 3241
3272 3299 3241
3299 3267 3241
3270 3245 3230
3281 3245 3270
3284 3300 3270
3270 3300 3281
3094 3137 2989
3179 3137 3094
2989 2983 3094
3111 3179 3094
3094 2983 3111
3210 3137 3213
3213 3137 3179
3179 3241 3213
3213 3267 3210
3213 3241 3267
2989 3137 3009
3062 2934 3009
3009 2934 2642
3009 2567 2989
3009 2642 2567
2249 2070 2273
2273 2453 2249
2063 2070 2249
2249 2453 2427
2427 2246 2249
2249 2246 2063
2021 1920 2069
2069 2198 2021
2519 2593 2513
2616 2593 2704
2541 2622 2414
2724 2622 2541
2704 2593 2711
2593 2622 2711
2730 2648 2888
2633 2433 2436
2633 2730 2842
2436 2433 2290
2290 2246 2436
2290 2127 2246
204 214 237
190 236 195
195 165 190
190 165 161
135 116 110
135 137 116
135 110 121
121 138 135
153 137 135
135 138 150
278 277 252
215 230 205
184 194 205
205 194 215
243 221 224
1255 1509 1486
1486 988 1255
1758 1878 1486
1486 1509 1758
1486 1878 1359
1359 988 1486
367 512 421
963 512 1273
963 1273 1520
1520 1255 963
511 538 408
369 311 408
408 538 369
319 311 257
319 408 311
376 408 319
421 376 334
309 367 334
334 367 421
216 179 177
220 179 216
1742 1766 1696
1818 1839 1875
1818 1875 1831
1831 1875 1905
1845 1766 1831
1831 1905 1845
1120 1168 848
1120 1320 1168
1403 1320 1502
1408 1168 1403
1168 1320 1403
404 437 453
453 437 482
791 586 768
580 586 791
791 958 820
820 580 791
820 958 1037
1037 978 820
958 1121 1037
1148 978 1037
942 978 1083
844 978 942
789 609 844
844 942 789
789 942 877
877 813 789
573 580 820
820 609 573
545 573 609
534 545 609
491 545 534
391 390 418
445 487 468
468 436 445
420 428 445
445 436 420
386 428 420
418 427 444
417 436 431
431 401 417
417 420 436
386 377 352
352 359 386
1530 1527 1453
1611 1527 1530
1453 1379 1457
1457 1530 1453
1535 1530 1457
1376 1462 1461
1696 1694 1631
1492 1557 1466
759 761 544
1075 761 759
759 910 1075
1554 1693 1547
1547 1693 1755
1547 1531 1378
1378 1349 1547
1441 1337 1444
1444 1337 1378
1378 1531 1444
1154 1349 1157
1157 1349 1378
1551 1519 1594
1594 1629 1551
1959 1895 1854
1668 1547 1755
1531 1547 1668
1794 1884 1871
1508 1446 1441
1871 1973 1985
1985 1973 2065
1884 1895 1967
1967 1973 1884
1967 1959 2029
1895 1959 1967
2029 2050 1967
2050 1973 1967
234 282 266
238 282 234
234 186 238
266 284 226
284 259 226
141 142 164
2345 2250 2330
2330 2250 2221
2052 2136 2042
2042 1952 2052
1983 1952 2042
2079 1983 2042
2042 2136 2079
2092 2160 2174
2174 2108 2092
2268 2108 2174
2208 2229 2145
2145 2229 2160
1845 1952 1870
1870 1952 1983
2076 2160 2092
2076 2145 2160
3346 3325 3311
3302 3288 3311
3311 3325 3302
3386 3371 3366
3326 3310 3298
3287 3303 3298
3298 3303 3326
3298 3280 3287
3310 3280 3298
3263 3235 3244
3244 3280 3263
3263 3280 3282
3208 3235 3236
3236 3218 3208
3238 3218 3236
3024 3081 3078
3078 2973 3024
3073 3081 3024
3015 3078 3086
3078 3113 3086
3113 3118 3086
3190 3218 3189
3190 3175 3208
3208 3218 3190
3196 3203 3185
3185 3203 3172
3186 3207 3196
3133 3116 3144
3106 3116 3133
3312 3314 3343
3343 3330 3312
3312 3330 3292
3312 3292 3266
3266 3314 3312
3194 3224 3226
3226 3201 3194
3226 3243 3251
3226 3224 3243
3157 3120 3130
3168 3191 3212
3168 3212 3194
3194 3158 3168
3168 3157 3191
3168 3158 3127
3127 3120 3168
3120 3157 3168
3079 3098 3130
3108 3098 3084
1558 1356 1347
1347 1356 1081
1081 1075 1347
1075 1335 1347
1681 1907 1814
1814 1651 1681
1907 2045 1814
1717 1651 1814
2738 2621 2544
2961 2807 2760
2807 2621 2760
2760 2738 2961
2760 2621 2738
2191 2225 2031
2045 2230 2086
2086 2191 2031
2230 2191 2086
2420 2230 2272
2135 1915 2289
1915 2094 2289
2451 2618 2289
2289 2256 2451
2289 2094 2256
2289 2602 2135
2289 2618 2602
1710 1591 1717
1717 1833 1710
1706 1591 1710
1710 1833 1706
2684 2705 2587
2612 2447 2523
2523 2608 2612
2523 2532 2608
2608 2532 2597
2587 2705 2597
2597 2507 2587
2532 2507 2597
3126 3163 3197
3197 3141 3126
3126 3141 3031
3031 3064 3126
3126 3117 3163
3064 3117 3126
2475 2629 2451
2621 2629 2475
2451 2256 2475
3080 3117 3064
3163 3117 3159
3159 3201 3163
3159 3158 3194
3194 3201 3159
3092 3074 3127
3021 3074 3092
3092 3080 3021
3010 3074 3016
3016 3074 3021
3010 3047 3087
3087 3074 3010
3120 3074 3087
3047 3079 3087
3130 3120 3087
3087 3079 3130
2620 2780 2925
2925 2815 2620
2925 2780 3010
3010 3016 2925
3021 2815 2925
2925 3016 3021
3429 3447 3422
3454 3447 3429
3429 3442 3454
3417 3441 3431
3431 3441 3451
3451 3443 3431
3431 3412 3417
3431 3443 3412
3420 3441 3417
3430 3441 3420
3420 3407 3430
3417 3397 3420
3397 3407 3420
3379 3398 3381
3381 3357 3379
3381 3375 3357
3234 3203 3222
3233 3209 3234
3209 3203 3234
3151 3165 3182
3182 3146 3151
3182 3165 3188
3180 3146 3182
3182 3193 3180
3188 3209 3182
3209 3193 3182
3400 3397 3417
3400 3372 3397
3417 3412 3400
2969 2730 2888
2842 2730 2969
2888 3029 2969
3029 3066 2969
3138 3137 3210
3062 3009 3138
3138 3009 3137
3210 3250 3206
3206 3138 3210
3115 3066 3029
3115 3029 3062
3062 3138 3115
3115 3206 3166
3138 3206 3115
3073 3066 3131
3066 3115 3131
3131 3115 3166
3227 3225 3198
3244 3225 3227
3227 3268 3244
3227 3245 3268
3227 3229 3245
3383 3387 3362
3404 3387 3383
3383 3362 3377
3377 3395 3383
3395 3404 3383
2628 2964 2968
2364 2628 2968
2968 2722 2364
176 191 158
157 183 176
177 178 199
199 178 204
199 216 177
118 128 143
118 111 128
118 143 133
133 117 118
118 117 87
148 127 141
152 127 148
141 164 148
215 194 203
203 194 180
232 215 203
1186 1500 1572
1500 1908 1572
1572 1480 1186
1909 1451 1938
1938 2365 1909
1909 1586 1451
1909 2365 2255
1909 2255 1877
1877 1586 1909
355 348 320
320 318 355
355 318 415
261 281 250
261 259 290
261 290 297
297 281 261
917 571 862
917 795 571
862 1161 917
1334 1404 1159
795 917 1159
1159 1161 1334
1159 917 1161
1405 1349 1154
1154 1159 1405
1405 1159 1404
1554 1547 1405
1405 1547 1349
1405 1563 1554
1405 1404 1563
1949 1959 1854
2128 2021 2198
2299 2337 2405
2318 2198 2414
2509 2513 2593
2593 2616 2509
2064 1985 2065
2414 2253 2409
2409 2541 2414
2253 2433 2409
2433 2541 2409
2847 2622 2724
2847 2711 2622
2724 2973 2847
2847 2973 3015
3015 2960 2847
2648 2730 2546
2427 2648 2546
2546 2408 2427
2436 2408 2546
2546 2633 2436
2730 2633 2546
2724 2541 2636
2636 2541 2433
2433 2633 2636
2080 2127 2237
2127 2290 2237
2237 2253 2080
2237 2433 2253
2237 2290 2433
256 237 241
241 237 214
241 277 256
241 252 277
182 161 153
182 190 161
278 252 265
233 221 251
251 221 253
243 224 244
296 280 307
296 283 280
307 315 296
202 183 184
202 221 183
202 224 221
509 512 398
512 367 398
327 410 398
421 512 514
512 963 514
257 236 288
288 319 257
260 216 249
494 730 509
544 761 494
494 761 730
1902 1875 1867
1867 1875 1839
1812 1839 1818
1818 1785 1812
1752 1785 1776
1776 1785 1818
1818 1831 1776
1766 1742 1776
1776 1831 1766
1674 1665 1656
1551 1629 1584
1629 1661 1584
1584 1499 1551
1579 1561 1562
1669 1678 1687
1656 1665 1652
551 564 576
383 401 406
377 401 383
1168 910 747
848 1168 747
1220 1335 1075
1075 910 1220
1408 1335 1220
1220 1168 1408
1220 910 1168
1717 1591 1550
1550 1651 1717
1550 1591 1408
1408 1403 1550
1502 1651 1550
1550 1403 1502
353 317 357
532 453 482
535 586 580
547 586 535
535 495 547
487 495 535
938 986 833
833 664 938
1097 958 906
906 986 1097
906 791 768
958 791 906
768 833 906
906 833 986
1146 986 938
1337 1276 1146
1097 986 1146
1146 1276 1097
595 586 547
768 586 595
595 833 768
664 833 595
547 495 530
530 495 477
530 595 547
664 595 530
697 813 796
697 590 584
699 789 813
699 697 584
813 697 699
431 443 434
406 431 434
434 427 406
431 436 456
456 443 431
436 468 456
456 468 491
372 345 361
409 427 418
418 390 409
406 427 409
409 374 406
390 374 409
420 417 402
402 377 386
386 420 402
402 401 377
402 417 401
359 352 337
337 307 335
335 359 337
337 315 307
337 352 315
298 269 273
273 251 253
269 251 273
270 253 243
243 244 270
270 273 253
1453 1527 1388
1388 1379 1453
1388 1290 1379
1502 1320 1388
1388 1527 1502
1379 1290 1297
1128 1120 848
1320 1120 1128
1128 1388 1320
1290 1388 1128
1611 1530 1597
1597 1535 1626
1597 1530 1535
1535 1457 1459
1459 1376 1461
1623 1631 1694
1557 1631 1623
1635 1631 1598
1598 1631 1577
1577 1631 1557
1543 1462 1466
1466 1557 1543
1557 1623 1543
1543 1623 1609
1648 1722 1626
457 414 454
457 424 414
1154 1157 881
438 413 460
460 413 424
1606 1519 1548
1606 1594 1519
2029 1959 2049
1959 1949 2049
2049 2128 2131
2049 1949 2021
2021 2128 2049
1854 1770 1764
1817 1895 1884
1884 1794 1817
1854 1895 1817
1817 1770 1854
1817 1730 1770
1817 1794 1730
1548 1519 1463
1463 1508 1548
1446 1508 1463
1083 1148 1233
1491 1490 1468
1551 1499 1450
1450 1519 1551
1380 1450 1421
1421 1450 1499
1499 1584 1541
235 234 266
266 226 235
168 164 142
168 142 169
169 187 168
187 226 188
188 168 187
164 168 188
2345 2330 2407
2166 2136 2250
2250 2233 2166
2079 2136 2166
2208 2233 2295
2295 2229 2208
2228 2243 2265
2160 2229 2263
2263 2174 2160
2263 2357 2354
2354 2268 2263
2268 2174 2263
1845 1870 1773
1773 1766 1845
1773 1694 1766
1793 1907 1681
3352 3371 3346
3352 3366 3371
3282 3310 3296
3374 3389 3401
3374 3401 3386
3386 3366 3374
3366 3352 3374
3256 3263 3282
3235 3263 3256
3256 3236 3235
3073 3024 3002
2842 2969 3002
3002 3066 3073
3002 2969 3066
2855 2973 2724
2855 3024 2973
2724 2636 2855
2842 3002 2855
2855 3002 3024
2855 2633 2842
2855 2636 2633
3052 3011 3015
3015 3086 3052
2946 2953 2859
2859 2953 2824
3097 3140 3109
3140 3116 3109
3142 3154 3162
3144 3175 3170
3175 3190 3170
3170 3190 3189
3164 3185 3172
3189 3207 3183
3207 3186 3183
3183 3186 3162
3162 3154 3183
3105 3090 3103
3103 3090 3099
3070 3090 3063
3099 3090 3070
3045 3070 3063
3054 3070 3045
3129 3103 3099
3154 3142 3129
3105 3103 3129
2962 2960 3011
3228 3226 3251
3201 3226 3228
3197 3201 3228
3228 3251 3264
3264 3197 3228
3173 3157 3130
3191 3157 3173
3055 3084 3067
3067 3084 3098
3098 3079 3067
3108 3084 3091
1706 1558 1489
1558 1347 1489
1489 1347 1335
1489 1591 1706
1489 1335 1408
1408 1591 1489
1921 1814 2045
2045 2086 1921
1717 1814 1921
1921 1833 1717
2031 1833 1921
1921 2086 2031
2446 2447 2620
2620 2420 2446
2272 2447 2446
2446 2420 2272
2620 2815 2576
2576 2420 2620
2576 2815 2738
2738 2544 2576
2376 2191 2230
2230 2420 2376
2225 2191 2376
2376 2576 2544
2420 2576 2376
2479 2534 2587
2587 2507 2479
2395 2295 2384
2384 2479 2395
2395 2479 2507
2450 2507 2532
2532 2523 2450
2357 2395 2450
2450 2395 2507
2354 2357 2450
2450 2447 2354
2450 2523 2447
2679 2693 2608
2608 2597 2679
2679 2597 2705
2679 2705 2782
2782 2693 2679
2416 2544 2621
2621 2475 2416
2225 2376 2416
2416 2376 2544
2416 2256 2225
2416 2475 2256
2988 2815 3021
3021 3080 2988
2961 2738 2988
2738 2815 2988
2988 3064 2961
2988 3080 3064
3127 3158 3122
3122 3092 3127
3158 3159 3122
3122 3159 3117
3117 3080 3122
3080 3092 3122
3419 3442 3414
3442 3429 3414
3402 3398 3419
3402 3381 3398
3136 3098 3108
3108 3125 3136
3130 3098 3136
3136 3146 3180
3136 3125 3146
3378 3372 3390
3372 3400 3390
3390 3392 3378
3412 3392 3390
3390 3400 3412
3166 3206 3202
3284 3270 3258
3258 3206 3250
3307 3284 3258
3258 3250 3307
3112 3081 3073
3073 3131 3112
3139 3078 3112
3078 3081 3112
3124 2968 2964
3215 3217 3124
3156 3215 3124
3019 3156 3124
3124 2964 3019
3169 2722 3174
2722 2968 3174
3174 3217 3273
3174 3124 3217
2968 3124 3174
3174 3273 3290
3290 3169 3174
162 143 157
157 176 162
158 143 162
162 176 158
207 176 183
207 221 233
183 221 207
249 216 222
216 199 222
204 237 222
222 199 204
98 118 87
111 118 98
98 87 75
75 93 98
93 111 98
1779 1908 2119
1779 1572 1908
1779 2119 1841
1841 1480 1779
1480 1572 1779
415 467 397
397 355 415
397 467 454
348 355 397
363 348 397
454 414 397
414 363 397
2321 2299 2405
2218 2128 2198
2198 2318 2218
2131 2128 2218
2218 2318 2337
2337 2299 2218
2337 2318 2438
2405 2337 2438
2519 2513 2438
2438 2509 2405
2513 2509 2438
2414 2519 2438
2438 2318 2414
2059 2023 2096
2023 2064 2096
171 182 153
150 179 171
153 135 171
171 135 150
233 251 248
248 265 252
269 265 248
248 251 269
278 265 289
289 269 298
289 265 269
254 244 230
254 230 242
242 280 254
280 283 254
224 202 212
212 205 230
184 205 212
212 202 184
230 244 212
212 244 224
316 367 309
316 398 367
327 398 316
309 263 316
513 963 1255
513 514 963
513 988 511
1255 988 513
511 408 513
513 408 376
513 376 421
421 514 513
274 288 236
274 263 309
309 334 274
334 288 274
376 319 329
319 288 329
329 334 376
329 288 334
286 268 256
304 268 286
256 277 286
220 216 240
216 260 240
240 264 220
240 260 264
249 268 285
285 260 249
285 268 304
440 398 410
410 494 440
509 398 440
440 494 509
410 396 458
544 494 458
458 494 410
356 410 327
356 396 410
1823 1820 1834
1820 1830 1834
1834 1830 1837
1823 1834 1835
1767 1785 1752
1799 1802 1803
1803 1820 1823
1813 1820 1803
1803 1802 1813
1676 1674 1690
1665 1674 1676
1692 1676 1690
1678 1676 1692
1687 1678 1692
1719 1718 1711
1711 1718 1702
1687 1692 1702
1702 1692 1711
1661 1746 1700
1625 1584 1661
1562 1561 1538
1561 1579 1573
1666 1670 1672
1671 1670 1663
1653 1649 1663
1663 1666 1653
1670 1666 1663
1647 1649 1653
1678 1669 1664
1665 1676 1664
1664 1676 1678
1664 1652 1665
1709 1699 1691
1567 1576 1581
1524 1540 1515
558 551 576
576 600 558
377 383 350
350 352 377
315 352 350
350 322 315
1291 1137 1301
1311 1383 1301
1139 1137 985
476 464 446
490 531 475
597 531 543
543 531 490
543 572 597
597 828 651
651 531 597
387 353 357
537 532 848
848 747 537
537 747 542
1256 1376 1308
1291 1376 1256
573 545 516
580 573 516
516 535 580
516 545 491
491 468 516
516 468 487
487 535 516
1446 1463 1375
1375 1463 1377
1441 1446 1375
1375 1337 1441
1375 1276 1337
1169 1157 1378
1378 1337 1169
1337 1146 1169
1169 1146 938
418 444 439
444 462 439
579 564 563
584 590 557
877 942 935
942 1008 935
1055 942 1083
1055 1008 942
796 813 867
967 935 1008
589 534 609
609 789 589
789 699 589
589 699 584
450 478 466
450 434 443
427 434 450
466 444 450
450 444 427
498 478 474
474 450 443
478 450 474
491 534 474
474 534 498
474 456 491
443 456 474
371 374 358
358 350 371
371 350 383
371 383 406
406 374 371
358 374 349
349 374 361
384 374 390
361 374 384
372 361 384
384 391 372
390 391 384
306 324 301
301 270 306
273 270 301
298 273 301
283 296 294
294 322 306
294 296 315
315 322 294
306 270 294
1116 1297 1290
1290 1128 1116
848 532 817
817 1128 848
1385 1459 1457
1385 1457 1379
1308 1376 1385
1376 1459 1385
1385 1297 1308
1379 1297 1385
1566 1588 1598
1598 1577 1566
1609 1648 1546
1546 1543 1609
1461 1462 1546
1462 1543 1546
1546 1459 1461
1535 1459 1546
1626 1535 1546
1546 1648 1626
539 457 510
454 536 510
510 457 454
539 881 839
938 664 839
839 881 1157
839 1169 938
1157 1169 839
424 457 463
463 460 424
463 457 539
539 460 463
664 530 540
540 460 539
540 839 664
539 839 540
1730 1794 1689
1842 1949 1854
1854 1764 1842
1920 2021 1842
2021 1949 1842
1755 1920 1842
1842 1668 1755
1842 1764 1668
1668 1764 1680
1680 1764 1770
1770 1730 1680
1539 1444 1531
1441 1444 1539
1539 1508 1441
1439 1463 1519
1377 1463 1439
1519 1450 1439
1148 1037 1214
1214 1037 1121
1279 1121 1097
1097 1276 1279
1279 1214 1121
1316 1214 1279
1377 1316 1279
1279 1375 1377
1276 1375 1279
1300 1233 1148
1148 1214 1300
1300 1214 1316
1229 1233 1293
1312 1261 1293
1293 1261 1229
1492 1490 1533
1557 1492 1533
1533 1577 1557
1533 1566 1577
1515 1540 1516
1339 1311 1314
1431 1452 1428
1471 1479 1481
1493 1487 1501
1474 1475 1470
1482 1487 1493
1474 1487 1482
1482 1475 1474
1440 1431 1426
1455 1452 1440
1452 1431 1440
1458 1421 1499
1436 1430 1427
1314 1311 1270
1311 1239 1270
1466 1462 1384
1384 1383 1466
1384 1376 1291
1462 1376 1384
1291 1301 1384
1384 1301 1383
1438 1492 1466
1466 1383 1438
1438 1490 1492
1468 1490 1438
1412 1432 1438
1438 1432 1468
200 226 187
200 235 226
169 186 200
200 187 169
186 234 200
234 235 200
217 226 259
217 188 226
1864 1798 1871
1848 1828 1806
1825 1864 1903
1825 1746 1798
1798 1864 1825
1806 1828 1809
2477 2511 2528
2442 2330 2381
2442 2407 2330
2442 2477 2528
2490 2442 2528
2407 2442 2490
2426 2479 2384
2534 2479 2426
2345 2407 2426
2426 2490 2534
2407 2490 2426
2208 2145 2148
2148 2233 2208
2148 2166 2233
2079 2166 2148
2384 2295 2319
2319 2295 2233
2345 2426 2319
2319 2426 2384
2319 2250 2345
2319 2233 2250
2229 2295 2307
2307 2263 2229
2357 2263 2307
2307 2395 2357
2295 2395 2307
2356 2342 2333
2010 1970 2009
1972 1970 2010
1952 1905 1972
2052 1952 1972
1972 2010 2052
2379 2375 2430
2277 2330 2221
2221 2231 2277
2277 2231 2279
2142 2136 2052
2052 2103 2142
2221 2136 2142
2189 2231 2182
2182 2231 2221
2221 2142 2182
2228 2265 2238
2265 2280 2238
2238 2231 2189
2279 2231 2238
2238 2280 2279
2302 2265 2283
2302 2280 2265
2194 2184 2192
1775 1870 1804
1775 1773 1870
1681 1611 1682
1682 1793 1681
1791 1793 1682
1611 1597 1682
1682 1722 1791
1682 1597 1626
1626 1722 1682
1804 1870 1890
1890 1855 1804
1964 1855 1890
2076 1964 2066
2079 2148 2066
2145 2076 2066
2066 2148 2145
3249 3240 3233
3254 3240 3249
3279 3249 3247
3233 3234 3247
3247 3249 3233
3237 3218 3238
3237 3207 3218
3222 3207 3237
3261 3234 3222
3222 3237 3261
3261 3237 3255
3322 3310 3340
3322 3296 3310
3340 3334 3322
3389 3374 3360
3375 3389 3360
3340 3375 3360
3360 3334 3340
3085 3052 3086
3085 3118 3097
3085 3086 3118
3054 3045 3012
2712 2616 2704
3149 3165 3151
3172 3165 3149
3149 3150 3172
2858 2705 2778
2705 2684 2778
3071 3091 3048
3048 3084 3055
3048 3091 3084
2623 2695 2610
2610 2695 2696
2556 2504 2610
3145 3133 3144
3144 3170 3145
3152 3142 3162
3162 3186 3178
3178 3152 3162
3164 3152 3178
3185 3164 3178
3196 3185 3178
3178 3186 3196
3134 3152 3148
3148 3152 3164
3172 3150 3148
3148 3164 3172
3083 3090 3105
3083 3075 3060
3095 3083 3105
3075 3083 3095
3097 3109 3072
3088 3070 3054
3106 3099 3088
3099 3070 3088
3105 3129 3121
3121 3129 3142
2840 2962 2921
2704 2711 2840
2960 2962 2840
2840 2847 2960
2711 2847 2840
3044 3072 3028
3028 3072 3038
2992 2962 3011
3044 3028 2992
2992 3028 2984
2921 2962 2992
2990 2953 2946
2946 2984 2990
2990 3028 3038
2984 3028 2990
3204 3180 3216
3204 3173 3180
3216 3232 3204
3191 3173 3204
3223 3191 3204
3204 3232 3223
2948 2987 2945
2945 2942 2782
2782 2858 2945
2858 2948 2945
3041 3079 3047
3410 3429 3422
3410 3414 3429
3422 3401 3410
3401 3389 3410
3389 3414 3410
3419 3414 3396
3396 3402 3419
3396 3414 3389
3396 3389 3375
3375 3381 3396
3381 3402 3396
3151 3146 3123
3146 3125 3123
3075 3095 3101
3134 3148 3132
3132 3148 3150
3132 3101 3134
3150 3149 3132
3153 3173 3130
3130 3136 3153
3180 3173 3153
3153 3136 3180
3230 3229 3214
3214 3202 3230
3229 3227 3214
3231 3202 3206
3206 3258 3231
3230 3202 3231
3231 3270 3230
3231 3258 3270
228 207 233
233 248 228
228 248 252
191 176 206
176 207 206
207 228 206
214 191 206
247 268 249
249 222 247
247 222 237
247 237 256
256 268 247
2264 2321 2350
2065 2050 2140
2425 2437 2350
2425 2521 2437
2350 2321 2425
198 179 220
198 171 179
182 171 198
287 316 263
287 264 327
327 316 287
298 301 325
325 301 324
325 324 345
317 289 312
312 289 298
298 325 312
312 325 340
291 289 317
317 305 291
278 289 291
291 277 278
291 305 277
317 353 314
314 305 317
353 328 314
372 391 393
351 325 345
340 325 351
236 190 223
223 274 236
263 274 223
190 182 223
404 453 449
453 532 449
532 537 449
448 458 396
396 423 448
327 264 292
264 260 292
1839 1812 1827
1823 1835 1827
1883 1867 1860
1679 1686 1657
1703 1686 1679
1660 1635 1657
1657 1686 1660
1660 1686 1696
1696 1631 1660
1631 1635 1660
1729 1686 1703
1729 1742 1696
1696 1686 1729
1752 1776 1729
1729 1776 1742
1790 1812 1785
1785 1767 1790
1734 1726 1738
1754 1771 1761
1757 1741 1756
1736 1718 1733
1718 1719 1733
1675 1674 1656
1656 1642 1675
1601 1579 1562
1596 1579 1601
1601 1625 1642
1580 1541 1584
1584 1625 1580
1625 1601 1580
1562 1541 1580
1580 1601 1562
1512 1541 1562
1562 1538 1512
1561 1573 1564
1587 1579 1596
1587 1573 1579
1667 1666 1672
1672 1683 1667
1667 1683 1673
1658 1664 1669
1581 1576 1589
1612 1615 1624
1598 1588 1616
1616 1635 1598
1646 1647 1654
1666 1667 1654
1653 1666 1654
1654 1647 1653
1646 1634 1643
1643 1647 1646
1633 1619 1630
1641 1642 1656
1656 1652 1641
1652 1640 1641
1684 1691 1699
1672 1670 1684
1671 1691 1684
1684 1670 1671
1553 1567 1540
1507 1524 1515
551 518 549
563 564 549
564 551 549
597 572 811
811 828 597
868 985 811
683 600 735
638 600 576
735 600 638
1240 1239 1311
1311 1301 1240
1240 1301 1137
1240 1137 1139
1139 1239 1240
464 476 483
481 475 531
447 475 481
553 572 515
572 543 515
515 527 553
515 543 490
490 483 515
799 567 784
430 455 437
392 425 411
411 425 435
482 437 479
437 455 479
604 567 799
529 481 531
1164 1137 1291
1164 990 1137
1084 990 1164
1291 1256 1164
1164 1256 1084
563 549 561
561 549 546
502 528 519
519 528 546
519 549 518
546 549 519
505 489 502
502 519 505
505 519 518
472 489 461
461 439 472
472 439 462
502 489 472
576 564 591
564 579 591
591 579 607
628 592 619
1317 1324 1325
619 627 695
701 697 796
590 697 701
701 627 590
1149 1055 1083
1083 1233 1149
1149 1233 1229
796 867 858
898 813 877
898 867 813
877 935 898
923 867 898
898 967 923
935 967 898
1042 967 1008
584 557 556
556 589 584
534 589 556
342 349 361
342 361 345
345 324 342
358 349 341
341 350 358
322 350 341
283 294 267
267 294 270
267 270 244
267 254 283
244 254 267
799 784 977
966 1116 1128
1128 817 966
1588 1566 1569
1540 1567 1569
1581 1588 1569
1569 1567 1581
773 881 539
539 510 773
1154 881 773
536 795 773
773 510 536
773 1159 1154
795 1159 773
485 530 477
485 540 530
460 540 485
485 477 438
438 460 485
1618 1689 1606
1618 1606 1548
1730 1689 1618
1548 1508 1618
1618 1680 1730
1614 1680 1618
1508 1539 1618
1618 1539 1614
1629 1594 1662
1594 1606 1662
1606 1689 1662
2014 2023 2059
2033 2014 2059
1988 2014 2033
1966 1988 1991
1668 1680 1607
1607 1680 1614
1531 1668 1607
1607 1539 1531
1614 1539 1607
1381 1316 1377
1377 1439 1381
1380 1300 1381
1381 1300 1316
1381 1450 1380
1381 1439 1450
1406 1400 1394
1289 1261 1312
1312 1309 1289
1380 1421 1336
1336 1300 1380
1233 1300 1336
1336 1293 1233
1478 1476 1456
1522 1506 1514
1514 1529 1522
1491 1516 1521
1490 1491 1521
1521 1533 1490
1566 1533 1521
1370 1383 1311
1311 1339 1370
1412 1438 1370
1370 1438 1383
1370 1392 1412
1415 1431 1428
1426 1431 1415
1352 1339 1314
1352 1370 1339
1392 1370 1352
1428 1432 1414
1414 1415 1428
1412 1392 1414
1414 1432 1412
1515 1516 1494
1494 1507 1515
1494 1516 1491
1493 1507 1494
1426 1415 1417
1467 1452 1455
1473 1452 1467
1475 1473 1467
1455 1470 1467
1467 1470 1475
1472 1452 1473
1472 1494 1491
1473 1494 1472
1472 1491 1468
1455 1440 1442
1474 1470 1464
1464 1470 1455
1421 1458 1420
1436 1427 1435
1422 1427 1430
1445 1430 1436
227 261 250
1871 1985 1955
1955 1864 1871
1903 1864 1955
1955 2064 2023
1985 2064 1955
1862 1825 1903
1903 1918 1862
1821 1809 1828
2511 2484 2525
2430 2484 2467
2511 2477 2467
2467 2484 2511
2333 2342 2331
2380 2356 2370
2370 2344 2386
2380 2373 2367
2367 2356 2380
2386 2344 2359
2361 2359 2311
2311 2359 2344
2259 2285 2284
2259 2241 2236
2284 2285 2309
2344 2325 2309
2309 2311 2344
2285 2311 2309
2316 2314 2308
2303 2314 2317
2389 2373 2380
2434 2419 2441
2441 2419 2422
1931 1972 1905
1970 1972 1931
1905 1875 1931
1899 1928 1902
1902 1867 1899
1899 1867 1883
1902 1928 1929
1970 1931 1929
1929 1875 1902
1929 1931 1875
2279 2280 2324
2375 2379 2324
2280 2302 2324
2381 2330 2327
2330 2277 2327
2327 2277 2279
2327 2379 2381
2279 2324 2327
2327 2324 2379
2111 2103 2057
2057 2072 2111
2037 2072 2057
2057 2009 2037
2010 2009 2057
2052 2010 2057
2057 2103 2052
2085 2097 2098
2082 2085 2098
2098 2097 2107
2139 2125 2126
2111 2072 2100
2100 2072 2081
2081 2082 2100
2144 2125 2139
2147 2142 2103
2147 2182 2142
2147 2103 2111
2189 2182 2147
2157 2144 2139
2173 2144 2157
2113 2107 2104
2104 2107 2097
2073 2062 2077
2187 2238 2189
2283 2292 2304
2304 2302 2283
2304 2303 2317
2292 2303 2304
2177 2192 2176
2176 2192 2184
2211 2210 2202
1804 1722 1728
1728 1775 1804
1722 1648 1728
1795 1722 1804
1804 1855 1795
1791 1722 1795
1795 1855 1791
1901 1855 1964
1791 1855 1901
1901 1793 1791
1997 1907 1901
1907 1793 1901
1977 1870 1983
1977 1890 1870
1977 1983 2079
2079 2066 1977
1964 1890 1977
1977 2066 1964
3260 3254 3283
3283 3288 3260
3283 3311 3288
3283 3295 3311
3275 3249 3279
3279 3295 3275
3295 3283 3275
3254 3249 3275
3275 3283 3254
3324 3352 3346
3346 3311 3324
3311 3295 3324
3315 3279 3286
3315 3295 3279
3315 3324 3295
3327 3352 3315
3352 3324 3315
3269 3261 3286
3286 3279 3269
3279 3247 3269
3269 3247 3234
3234 3261 3269
3342 3360 3374
3342 3352 3327
3342 3374 3352
3334 3360 3342
3327 3321 3342
3296 3289 3276
3282 3296 3276
3276 3256 3282
3286 3261 3291
3334 3342 3323
3323 3342 3321
3052 3085 3043
3011 3052 3043
3043 2992 3011
3044 2992 3043
2949 3012 2979
2824 2953 2949
2779 2712 2704
2704 2840 2779
2779 2840 2921
2616 2712 2678
3077 3102 3071
3071 3046 3077
3034 3046 3071
3071 3048 3034
2996 3046 3034
2437 2521 2547
2547 2504 2437
2623 2610 2547
2547 2610 2504
2432 2361 2437
2437 2504 2432
2696 2742 2697
2656 2610 2696
2696 2697 2656
3154 3129 3143
3075 3101 3069
3063 3090 3058
3090 3083 3058
3027 3012 3045
3093 3072 3109
3093 3116 3106
3093 3109 3116
3119 3095 3105
3105 3121 3119
3134 3101 3119
3119 3101 3095
3119 3152 3134
3142 3152 3119
3119 3121 3142
2921 2992 2951
2951 2992 2984
2951 2984 2946
2953 2990 3007
3007 2949 2953
3012 2949 3007
3054 3012 3007
3007 3038 3054
3007 2990 3038
3036 3067 3079
3079 3041 3036
3055 3067 3036
2942 2945 3008
3008 3041 3047
3008 2945 2987
3008 3047 3010
3010 2942 3008
2987 3036 3008
3008 3036 3041
3110 3123 3125
3110 3125 3108
3108 3091 3110
3107 3132 3102
3101 3132 3107
3102 3132 3135
3135 3132 3149
3135 3123 3102
3135 3149 3151
3151 3123 3135
3198 3155 3176
3176 3155 3139
3167 3131 3166
3166 3202 3167
229 241 214
214 206 229
229 206 228
252 241 229
229 228 252
2152 2096 2064
2301 2264 2350
2350 2437 2301
2437 2361 2301
2299 2321 2220
2220 2218 2299
2029 2049 2122
2122 2049 2131
2122 2050 2029
2122 2140 2050
2122 2220 2140
2131 2218 2122
2218 2220 2122
2065 2140 2159
2159 2064 2065
2159 2152 2064
2412 2321 2405
2412 2425 2321
263 223 218
182 198 218
218 223 182
344 312 340
357 317 344
317 312 344
378 373 392
392 411 378
357 344 378
378 344 373
378 387 357
378 411 387
303 314 328
304 286 303
303 328 304
305 314 303
277 305 303
303 286 277
446 464 452
452 483 490
464 483 452
399 393 422
400 425 392
399 422 400
392 373 400
373 381 400
416 393 391
416 391 418
418 439 416
379 393 399
399 400 379
379 400 381
404 449 407
407 449 423
423 449 473
473 448 423
473 537 542
473 449 537
396 356 347
302 285 304
304 323 302
541 759 544
544 458 541
458 448 541
541 473 542
448 473 541
910 759 541
542 747 541
541 747 910
1759 1750 1753
1822 1820 1813
1822 1830 1820
1829 1832 1824
1847 1860 1867
1847 1827 1835
1847 1867 1839
1839 1827 1847
1673 1683 1698
1703 1679 1698
1698 1679 1673
1807 1803 1823
1823 1827 1807
1807 1827 1812
1812 1790 1807
1772 1767 1757
1772 1790 1767
1739 1734 1738
1741 1734 1739
1750 1759 1768
1748 1754 1761
1761 1756 1748
1738 1754 1748
1748 1739 1738
1748 1756 1741
1741 1739 1748
1736 1733 1743
1743 1750 1736
1753 1750 1743
1720 1733 1719
1720 1719 1711
1690 1674 1697
1674 1675 1697
1642 1625 1659
1659 1675 1642
1700 1675 1659
1661 1700 1659
1659 1625 1661
1745 1700 1746
1806 1809 1784
1784 1765 1806
1541 1512 1498
1499 1541 1498
1498 1458 1499
1478 1458 1498
1498 1512 1478
1571 1583 1575
1549 1529 1528
1549 1564 1556
1561 1564 1549
1549 1538 1561
1528 1538 1549
1522 1529 1536
1596 1613 1602
1602 1587 1596
1655 1667 1673
1646 1654 1655
1655 1654 1667
1655 1679 1657
1673 1679 1655
1650 1658 1645
1664 1658 1650
1652 1664 1650
1650 1640 1652
1604 1595 1608
1608 1615 1604
1615 1612 1604
1575 1583 1582
1576 1575 1582
1582 1589 1576
1624 1634 1620
1620 1612 1624
1632 1634 1624
1632 1643 1634
1627 1636 1632
1633 1630 1639
1639 1630 1640
1645 1633 1639
1639 1650 1645
1640 1650 1639
1640 1630 1628
1628 1641 1640
1596 1601 1621
1621 1613 1596
1621 1601 1642
1642 1641 1621
1621 1628 1613
1641 1628 1621
1685 1683 1672
1672 1684 1685
1559 1571 1568
1568 1571 1575
1568 1575 1576
1576 1567 1568
1567 1553 1568
1559 1568 1552
1552 1568 1553
1524 1507 1517
1517 1510 1526
868 811 732
732 811 572
828 811 949
949 811 985
949 990 828
949 985 1137
1137 990 949
553 527 554
554 527 558
558 527 517
551 558 517
517 518 551
500 488 501
476 488 500
501 517 500
500 517 527
735 638 728
1198 1270 1239
1198 1239 1139
1139 1111 1198
1198 1111 1166
465 476 446
465 488 476
501 488 493
489 505 493
493 505 518
493 517 501
518 517 493
461 489 470
488 465 470
489 493 470
470 493 488
850 784 651
850 651 828
828 990 850
405 437 404
405 430 437
404 353 405
353 387 405
387 430 405
455 430 441
447 481 441
441 481 455
585 817 532
651 784 570
531 651 570
570 529 531
570 784 567
567 529 570
506 529 567
481 529 506
546 528 555
555 561 546
620 638 576
576 591 620
649 628 674
674 702 649
710 702 674
608 628 649
592 628 608
937 985 868
856 807 834
897 937 868
1328 1326 1348
1328 1352 1314
1348 1352 1328
497 478 498
466 478 484
478 497 484
484 497 492
504 528 502
504 523 528
502 472 504
559 557 590
523 504 520
718 695 627
627 701 718
764 695 718
746 695 764
923 967 970
970 960 923
1055 1149 1094
1008 1055 1094
1094 1042 1008
1092 1042 1094
825 793 796
796 858 825
923 960 918
918 960 941
922 916 909
925 916 922
498 534 526
534 556 526
526 497 498
526 556 557
349 342 333
333 341 349
333 342 324
333 324 306
306 322 333
322 341 333
1193 977 1084
1193 1256 1308
1084 1256 1193
1308 1297 1193
1297 1116 1193
1116 977 1193
929 977 1116
1116 966 929
799 977 929
1798 1746 1705
1629 1662 1705
1705 1661 1629
1705 1746 1661
1871 1798 1751
1751 1794 1871
1798 1705 1751
1751 1705 1662
1751 1689 1794
1751 1662 1689
1941 1988 1966
1998 2004 2006
1995 1998 1986
1995 2004 1998
1988 2033 2012
2012 1991 1988
1382 1394 1390
1390 1394 1400
1331 1309 1312
1312 1354 1331
1341 1322 1331
1331 1322 1309
1309 1322 1305
1213 1261 1258
1261 1289 1258
1258 1236 1213
1293 1336 1333
1312 1293 1333
1333 1354 1312
1495 1488 1476
1495 1476 1478
1478 1512 1495
1542 1521 1516
1542 1516 1540
1540 1569 1542
1542 1569 1566
1566 1521 1542
1346 1368 1348
1360 1368 1346
1346 1343 1360
1348 1326 1346
1395 1414 1392
1395 1368 1397
1397 1415 1395
1415 1414 1395
1367 1352 1348
1392 1352 1367
1367 1395 1392
1348 1368 1367
1368 1395 1367
1493 1494 1484
1484 1494 1473
1484 1473 1475
1484 1482 1493
1475 1482 1484
1410 1400 1406
1397 1400 1409
1409 1415 1397
1409 1417 1415
1400 1410 1409
1409 1410 1417
1449 1472 1468
1468 1432 1449
1449 1432 1428
1428 1452 1449
1452 1472 1449
1429 1440 1426
1429 1442 1440
1429 1425 1437
1437 1442 1429
1448 1442 1437
1455 1442 1448
1448 1464 1455
1401 1420 1434
1434 1456 1433
1434 1420 1458
1434 1458 1478
1478 1456 1434
1433 1456 1447
1447 1435 1433
261 227 245
245 227 217
259 261 245
245 217 259
213 203 180
246 232 213
232 203 213
213 250 246
213 227 250
181 180 152
152 148 181
181 213 180
227 213 181
217 227 181
188 217 181
181 148 164
164 188 181
1828 1848 1849
1809 1821 1808
2539 2517 2537
2512 2525 2484
2512 2517 2539
2458 2484 2430
2429 2379 2430
2430 2467 2429
2381 2379 2429
2429 2467 2477
2429 2442 2381
2477 2442 2429
2310 2325 2333
2284 2309 2310
2310 2309 2325
2347 2325 2344
2344 2370 2347
2347 2370 2356
2347 2356 2333
2333 2325 2347
2342 2356 2353
2356 2367 2353
2358 2340 2353
2257 2311 2285
2257 2259 2236
2285 2259 2257
2262 2259 2284
2241 2259 2262
2314 2303 2300
2298 2308 2300
2300 2308 2314
2373 2389 2382
2382 2371 2373
2422 2419 2406
2396 2370 2386
2380 2370 2396
2402 2424 2422
2422 2406 2402
2402 2406 2389
2402 2389 2380
2380 2396 2402
2402 2396 2424
2464 2432 2504
2317 2314 2332
2410 2406 2419
2406 2410 2398
2434 2441 2443
1897 1904 1912
1859 1865 1869
1869 1865 1880
1880 1887 1869
1883 1860 1869
1869 1887 1883
1970 1929 1951
1951 1929 1928
2088 2085 2078
2097 2085 2088
2139 2126 2138
2114 2107 2113
2098 2107 2109
2109 2082 2098
2109 2100 2082
2111 2100 2130
2123 2116 2117
2091 2101 2089
2089 2101 2095
2095 2077 2089
2117 2101 2121
2095 2099 2093
2117 2116 2110
2095 2101 2106
2106 2099 2095
2106 2110 2099
2106 2101 2117
2117 2110 2106
2149 2161 2154
2154 2143 2149
2059 2096 2105
2223 2210 2211
2276 2292 2283
2173 2180 2197
2197 2180 2200
2228 2238 2205
2238 2187 2205
2205 2197 2228
2163 2144 2173
2163 2130 2144
2211 2202 2199
2199 2203 2211
2192 2203 2199
2194 2192 2199
2199 2202 2194
2226 2223 2211
2241 2240 2224
2240 2226 2224
2211 2203 2224
2224 2226 2211
2236 2241 2213
2241 2224 2213
2213 2224 2203
1775 1728 1688
1688 1648 1609
1688 1728 1648
1688 1623 1694
1609 1623 1688
1694 1773 1688
1773 1775 1688
1997 1901 2002
2002 1901 1964
2002 1964 2076
2002 2092 1997
2002 2076 2092
3327 3315 3306
3306 3315 3286
3306 3321 3327
3286 3291 3306
3306 3291 3321
3259 3276 3289
3259 3237 3238
3255 3237 3259
3256 3276 3259
3238 3236 3259
3236 3256 3259
3277 3261 3255
3277 3291 3261
3255 3259 3277
3277 3259 3289
3316 3322 3334
3334 3323 3316
3296 3322 3316
3316 3289 3296
3044 3043 3068
3068 3043 3085
3068 3085 3097
3097 3072 3068
3068 3072 3044
2630 2695 2623
2623 2547 2630
2630 2547 2521
2812 2678 2712
2946 2859 2812
2812 2951 2946
2712 2779 2812
2812 2779 2921
2921 2951 2812
2511 2525 2553
2534 2490 2619
2619 2490 2528
2528 2603 2619
3022 3046 2996
3022 3037 3046
3018 3037 3022
3030 3037 3018
3014 3048 3055
3014 2998 3048
3055 3036 3014
3014 3036 2987
3006 3034 3048
3048 2998 3006
2998 2967 3006
2996 3034 3006
2386 2359 2388
2388 2359 2361
2361 2432 2388
2556 2610 2606
2610 2656 2606
3161 3183 3154
3154 3143 3161
3189 3183 3161
3161 3170 3189
3161 3145 3170
3161 3143 3145
3128 3129 3099
3128 3143 3129
3128 3099 3106
3106 3133 3128
3133 3145 3128
3145 3143 3128
3060 3075 3049
3049 3050 3060
3049 3032 3020
3020 3032 3001
2952 2903 2901
3063 3058 3039
3039 3045 3063
3039 3027 3045
3005 2975 2979
2979 3012 3005
3012 3027 3005
3106 3088 3082
3082 3093 3106
3054 3038 3082
3082 3088 3054
3038 3072 3082
3072 3093 3082
3096 3091 3071
3096 3110 3091
3071 3102 3096
3102 3123 3096
3123 3110 3096
3057 3069 3089
3102 3077 3089
3089 3107 3102
3089 3069 3101
3101 3107 3089
3200 3227 3198
3198 3176 3200
3200 3214 3227
2321 2264 2219
2219 2220 2321
2140 2220 2219
2264 2159 2219
2219 2159 2140
2215 2159 2264
2152 2159 2215
2264 2301 2215
2405 2509 2497
2497 2412 2405
2497 2509 2616
2521 2425 2497
2425 2412 2497
239 198 220
239 218 198
220 264 239
264 287 239
239 287 263
263 218 239
360 381 373
360 344 340
373 344 360
340 351 360
351 379 360
360 379 381
435 425 451
425 452 451
447 435 451
451 475 447
490 475 451
451 452 490
425 400 433
433 400 422
433 452 425
446 452 433
433 422 446
429 416 439
429 422 393
393 416 429
365 379 351
365 345 372
365 351 345
372 393 365
393 379 365
354 353 404
354 328 353
364 347 323
364 407 423
364 423 396
396 347 364
300 302 323
285 302 300
260 285 300
300 292 260
1796 1782 1786
1762 1759 1753
1703 1698 1727
1752 1729 1727
1727 1729 1703
1757 1756 1769
1769 1772 1757
1769 1756 1761
1721 1709 1726
1726 1734 1721
1732 1734 1741
1741 1731 1732
1732 1721 1734
1690 1697 1707
1707 1720 1711
1707 1692 1690
1711 1692 1707
1746 1825 1783
1783 1745 1746
1806 1765 1783
1765 1745 1783
1735 1743 1733
1733 1720 1735
1725 1745 1765
1765 1744 1725
1700 1745 1725
1725 1675 1700
1725 1697 1675
1587 1602 1593
1587 1593 1585
1592 1578 1585
1585 1593 1592
1545 1549 1556
1529 1549 1545
1545 1536 1529
1556 1555 1545
1555 1536 1545
1617 1602 1613
1613 1628 1617
1617 1628 1630
1617 1630 1619
1617 1619 1605
1590 1604 1589
1589 1582 1590
1595 1604 1590
1590 1583 1595
1590 1582 1583
1616 1620 1637
1637 1655 1657
1657 1635 1637
1635 1616 1637
1600 1620 1616
1600 1588 1581
1600 1616 1588
1627 1632 1622
1622 1608 1627
1622 1615 1608
1624 1615 1622
1622 1632 1624
1644 1632 1636
1643 1632 1644
1647 1643 1644
1644 1636 1649
1649 1647 1644
1559 1552 1544
1526 1544 1537
1537 1544 1552
1537 1552 1553
1540 1524 1537
1537 1553 1540
1505 1501 1510
1510 1517 1505
1493 1501 1505
1505 1507 1493
1505 1517 1507
683 732 578
553 554 578
578 572 553
578 732 572
600 683 578
578 558 600
578 554 558
499 483 476
476 500 499
499 515 483
527 515 499
499 500 527
765 749 783
772 728 765
772 807 735
735 728 772
1166 1162 1196
1270 1198 1231
1231 1196 1216
1231 1198 1166
1166 1196 1231
934 990 1084
934 850 990
1084 977 934
934 977 784
784 850 934
426 441 430
426 430 387
387 411 426
426 411 435
426 435 447
447 441 426
533 532 482
533 585 532
604 585 533
482 479 533
479 506 533
567 604 533
533 506 567
455 481 480
481 506 480
480 479 455
480 506 479
561 555 568
706 749 765
765 728 706
706 728 638
638 620 706
749 706 693
693 706 620
629 591 607
629 620 591
629 693 620
904 916 908
909 916 904
884 896 885
686 674 628
686 628 619
619 695 686
710 674 686
695 746 686
582 566 581
592 608 581
548 566 562
562 555 548
523 520 548
548 520 552
528 523 548
548 555 528
607 579 593
805 816 819
1166 1111 1100
1111 1048 1100
974 897 944
937 897 974
1060 1048 1111
1139 985 1060
1060 1111 1139
855 807 856
1048 974 1009
1009 974 944
1009 944 976
976 1010 1009
1361 1358 1366
1350 1358 1361
1350 1343 1342
1350 1361 1360
1360 1343 1350
1306 1328 1314
1326 1328 1306
1287 1305 1298
936 939 925
950 939 936
941 960 971
957 955 950
1074 1091 1076
1076 1054 1074
926 907 914
948 952 926
856 834 879
1071 1059 1062
1132 1177 1162
1163 1177 1132
1188 1177 1163
1227 1236 1248
471 484 492
466 484 471
471 444 466
471 462 444
590 627 574
574 559 590
619 592 574
574 627 619
552 559 574
496 520 504
496 471 492
522 559 552
552 520 522
492 497 522
522 496 492
520 496 522
557 559 522
522 526 557
497 526 522
760 718 701
760 701 796
796 793 760
760 793 764
764 718 760
736 702 710
738 746 762
738 736 710
710 686 738
738 686 746
1036 1051 1005
960 970 1005
1022 1005 1051
1002 1042 1036
1036 1005 1002
1002 1005 970
967 1042 1002
1002 970 967
837 851 832
801 823 818
801 786 775
775 746 764
762 746 775
775 786 762
1190 1261 1213
1229 1261 1190
1190 1149 1229
1190 1094 1149
889 867 923
923 918 889
889 858 867
806 929 966
806 966 817
817 585 806
806 585 604
806 604 799
799 929 806
2091 2089 2075
2075 2089 2077
1961 1941 1918
2023 2014 1961
1961 2014 1988
1988 1941 1961
1961 1918 1903
1961 1955 2023
1903 1955 1961
1918 1941 1891
1848 1862 1891
1891 1862 1918
2001 1995 1993
2004 1995 2001
2001 2013 2004
1993 1995 1981
1981 1995 1986
2004 2013 2011
2016 2006 2011
2011 2006 2004
1904 1897 1889
1889 1887 1880
1889 1897 1887
1930 1937 1934
1934 1923 1930
1930 1923 1924
1912 1904 1914
1914 1923 1912
1924 1923 1914
1362 1351 1357
1369 1368 1360
1360 1361 1369
1361 1366 1369
1369 1366 1382
1382 1390 1369
1373 1389 1393
1419 1422 1413
1427 1422 1419
1433 1435 1423
1423 1419 1411
1423 1435 1427
1427 1419 1423
1418 1434 1433
1401 1434 1418
1433 1423 1418
1418 1423 1411
1357 1355 1363
1363 1355 1365
1373 1362 1363
1363 1362 1357
1372 1354 1401
1249 1257 1252
1277 1284 1269
1265 1257 1249
1277 1269 1265
1265 1269 1257
1265 1274 1277
1265 1260 1274
1319 1305 1322
1296 1305 1287
1309 1305 1296
1296 1289 1309
1153 1114 1092
1185 1174 1153
1153 1174 1114
1092 1094 1153
1094 1190 1153
1213 1185 1153
1153 1190 1213
1073 1051 1086
1374 1333 1336
1374 1336 1421
1421 1420 1374
1374 1420 1401
1401 1354 1374
1354 1333 1374
1504 1506 1496
1496 1497 1504
1504 1514 1506
1488 1497 1485
1485 1481 1479
1496 1481 1485
1485 1497 1496
1511 1538 1528
1511 1512 1538
1511 1495 1512
1417 1410 1416
1416 1410 1406
1465 1456 1476
1465 1447 1456
1436 1435 1443
1435 1447 1443
1443 1445 1436
1162 1177 1191
1191 1196 1162
1216 1196 1191
1310 1321 1315
1327 1346 1326
1343 1346 1327
1342 1343 1330
1330 1332 1342
1343 1327 1330
1330 1327 1318
1836 1821 1828
1828 1849 1836
1829 1821 1836
1815 1816 1810
1815 1824 1816
1829 1824 1815
1815 1821 1829
1815 1808 1821
2516 2537 2517
2459 2448 2469
2459 2458 2431
2431 2448 2459
2431 2458 2430
2242 2240 2248
2275 2274 2281
2267 2274 2275
2331 2340 2326
2346 2340 2358
2358 2355 2346
2372 2382 2383
2371 2382 2372
2366 2355 2358
2358 2371 2366
2371 2372 2366
2342 2353 2341
2341 2353 2340
2341 2331 2342
2341 2340 2331
2363 2353 2367
2363 2367 2373
2373 2371 2363
2363 2371 2358
2358 2353 2363
2288 2301 2361
2361 2311 2288
2311 2257 2288
2333 2331 2312
2312 2310 2333
2389 2406 2392
2392 2382 2389
2392 2398 2393
2406 2398 2392
2393 2383 2392
2383 2382 2392
2435 2396 2386
2424 2396 2435
2455 2443 2441
2352 2348 2360
2329 2314 2316
2329 2332 2314
2418 2419 2434
2418 2410 2419
2452 2455 2460
2443 2455 2452
1857 1853 1859
1859 1869 1857
1857 1869 1860
1906 1899 1883
1906 1897 1912
1883 1887 1906
1887 1897 1906
1928 1899 1917
1917 1933 1928
1899 1906 1917
1944 1933 1934
1984 2009 1970
1970 1951 1984
1948 1944 1958
1933 1944 1948
1928 1933 1948
1948 1951 1928
2078 2085 2068
2068 2082 2058
2085 2082 2068
2078 2068 2067
2041 2072 2037
2151 2157 2139
2139 2138 2151
2107 2114 2115
2115 2109 2107
2125 2109 2115
2115 2126 2125
2115 2114 2126
2125 2144 2120
2144 2130 2120
2120 2109 2125
2100 2109 2120
2120 2130 2100
2156 2147 2111
2111 2130 2156
2130 2163 2156
2189 2147 2156
2156 2187 2189
2156 2163 2187
2169 2162 2172
2168 2176 2175
2175 2176 2184
2200 2180 2193
2193 2201 2200
2129 2138 2126
2167 2170 2153
2141 2165 2167
2124 2165 2141
2167 2153 2141
2141 2153 2121
2102 2101 2091
2102 2121 2101
2073 2077 2083
2083 2077 2095
2095 2093 2083
2164 2170 2177
2177 2176 2164
2164 2153 2170
2149 2153 2164
2161 2149 2164
2168 2161 2164
2164 2176 2168
2087 2105 2124
2059 2105 2087
2087 2033 2059
2087 2061 2033
2195 2193 2188
2201 2193 2195
2200 2201 2212
2245 2244 2239
2266 2276 2283
2283 2265 2266
2266 2265 2243
2247 2266 2243
2181 2205 2187
2187 2163 2181
2197 2205 2181
2173 2197 2181
2181 2163 2173
2223 2226 2235
2235 2240 2242
2235 2226 2240
2236 2213 2204
3291 3277 3297
3321 3291 3297
3297 3323 3321
3297 3277 3289
3289 3316 3297
3297 3316 3323
2808 2886 2901
2784 2742 2696
2824 2949 2784
2949 2886 2784
2784 2808 2742
2886 2808 2784
2784 2695 2824
2696 2695 2784
2901 2886 2947
2947 2952 2901
2975 2952 2947
2979 2975 2947
2947 2949 2979
2947 2886 2949
2740 2697 2742
2742 2808 2740
2740 2808 2796
2752 2796 2783
2727 2740 2752
2752 2740 2796
2695 2630 2732
2732 2859 2824
2824 2695 2732
2732 2630 2678
2732 2812 2859
2678 2812 2732
2604 2553 2564
2564 2553 2525
2564 2512 2539
2525 2512 2564
2652 2604 2665
2603 2604 2652
2528 2511 2560
2511 2553 2560
2560 2603 2528
2560 2604 2603
2560 2553 2604
2534 2619 2638
2638 2684 2587
2587 2534 2638
3061 3077 3046
3046 3037 3061
3061 3037 3057
3057 3089 3061
3061 3089 3077
3042 3069 3057
2998 3014 2957
2957 2967 2998
2957 2987 2948
2957 3014 2987
2957 2948 2858
2858 2778 2957
2432 2464 2417
2417 2388 2432
2464 2435 2417
2386 2388 2417
2417 2435 2386
2643 2615 2631
2662 2656 2697
2631 2606 2662
2662 2606 2656
3075 3069 3056
3056 3049 3075
3069 3042 3056
3032 3049 3056
3056 3042 3032
3020 3001 3003
3033 3049 3020
3050 3049 3033
3013 3023 2991
3060 3050 3051
3050 3033 3051
3051 3033 3023
3051 3083 3060
3051 3058 3083
2930 2952 2950
2903 2952 2930
2930 2909 2903
2980 3001 2976
2980 3003 3001
3035 3039 3058
3035 3023 3013
3058 3051 3035
3035 3051 3023
3027 3039 3025
3013 3005 3025
3025 3005 3027
3025 3035 3013
3039 3035 3025
3171 3200 3176
3214 3200 3171
3139 3112 3171
3171 3176 3139
3171 3112 3131
3131 3167 3171
3202 3214 3171
3171 3167 3202
2616 2678 2579
2579 2497 2616
2521 2497 2579
2579 2630 2521
2678 2630 2579
442 439 461
442 429 439
461 470 442
442 470 465
442 465 446
446 422 442
422 429 442
328 354 339
304 328 339
339 323 304
339 364 323
323 347 321
321 300 323
292 300 321
321 347 356
321 356 327
327 292 321
1797 1786 1780
1809 1808 1797
1780 1784 1797
1797 1784 1809
1774 1782 1777
1774 1786 1782
1777 1768 1774
1774 1768 1759
1759 1762 1774
1780 1786 1774
1774 1762 1780
1724 1727 1698
1740 1767 1752
1752 1727 1740
1727 1724 1740
1757 1767 1740
1740 1724 1731
1740 1741 1757
1740 1731 1741
1761 1771 1778
1778 1769 1761
1699 1708 1695
1695 1684 1699
1695 1685 1684
1683 1685 1695
1695 1698 1683
1712 1708 1699
1712 1699 1709
1709 1721 1712
1716 1732 1731
1708 1712 1716
1721 1732 1716
1716 1712 1721
1723 1707 1697
1697 1725 1723
1723 1725 1744
1744 1735 1723
1720 1707 1723
1723 1735 1720
1806 1783 1826
1826 1848 1806
1826 1862 1848
1825 1862 1826
1826 1783 1825
1749 1735 1744
1749 1762 1753
1753 1743 1749
1743 1735 1749
1605 1592 1603
1592 1593 1603
1603 1617 1605
1603 1593 1602
1602 1617 1603
1574 1564 1573
1573 1587 1574
1587 1585 1574
1574 1578 1570
1574 1585 1578
1646 1655 1638
1655 1637 1638
1638 1634 1646
1638 1620 1634
1638 1637 1620
1612 1620 1599
1620 1600 1599
1589 1604 1599
1599 1604 1612
1581 1589 1599
1599 1600 1581
1525 1517 1526
1526 1537 1525
1524 1517 1525
1525 1537 1524
769 783 749
797 772 765
797 834 807
807 772 797
693 629 672
607 621 647
647 629 607
647 672 629
689 672 647
621 645 647
925 939 932
911 915 919
871 866 878
896 884 892
892 884 880
880 874 893
893 892 880
909 904 893
904 892 893
863 851 837
863 874 851
837 825 863
863 825 858
582 581 596
596 581 608
613 593 599
613 621 607
607 593 613
613 645 621
613 630 645
575 579 563
575 593 579
563 561 575
561 568 575
599 593 575
634 630 615
615 613 599
630 613 615
798 785 788
803 816 805
803 790 792
805 790 803
826 819 816
779 782 792
792 790 779
782 779 774
1115 1162 1166
1166 1100 1115
1089 1132 1115
1115 1132 1162
937 974 1000
1000 974 1048
1048 1060 1000
985 937 1000
1000 1060 985
807 855 804
804 683 735
735 807 804
804 732 683
868 732 804
804 897 868
804 855 897
944 897 895
897 855 895
895 855 856
856 879 895
895 879 907
1112 1091 1103
1091 1095 1103
1050 1009 1010
1010 1032 1050
1050 1076 1089
1050 1054 1076
1050 1032 1054
1068 1100 1048
1048 1009 1068
1089 1115 1068
1068 1115 1100
1068 1050 1089
1009 1050 1068
1314 1270 1283
1283 1306 1314
1270 1231 1283
1283 1231 1266
1326 1306 1307
1307 1327 1326
1318 1327 1307
1295 1298 1304
925 922 927
927 936 925
927 922 933
933 936 927
980 971 991
1016 1007 991
956 971 980
980 968 956
956 968 957
941 971 956
956 933 941
1082 1095 1091
1091 1074 1082
948 926 945
945 926 928
959 945 946
946 945 928
1142 1127 1130
1151 1156 1142
1046 1053 1043
1069 1079 1071
1071 1062 1069
1112 1132 1102
1102 1132 1089
1089 1076 1102
1102 1091 1112
1076 1091 1102
1138 1132 1112
1163 1132 1138
1112 1127 1138
1138 1156 1163
1127 1142 1138
1138 1142 1156
1223 1232 1226
1192 1200 1189
1212 1188 1203
1203 1188 1189
1203 1215 1212
1189 1200 1203
1172 1174 1187
1141 1174 1172
1114 1174 1141
1236 1227 1206
1206 1227 1209
1213 1236 1206
1206 1185 1213
1209 1187 1206
1206 1174 1185
1206 1187 1174
1197 1187 1209
565 574 592
552 574 565
592 581 565
565 581 566
565 548 552
566 548 565
462 471 486
471 496 486
486 496 504
486 472 462
486 504 472
742 736 755
754 742 755
626 608 649
649 648 626
1093 1077 1073
1073 1086 1093
1016 1022 1041
1041 1022 1051
1057 1066 1064
960 1005 993
1005 1022 993
993 971 960
993 991 971
993 1022 1016
1016 991 993
835 821 824
808 818 824
808 786 801
801 818 808
809 823 801
809 832 823
764 793 809
837 832 809
809 825 837
793 825 809
824 818 836
836 818 823
869 854 851
851 874 869
869 874 880
2034 2043 2030
2091 2075 2071
2060 2062 2053
2060 2077 2062
2060 2075 2077
1866 1849 1848
1848 1891 1866
1953 1957 1965
2013 2020 2025
2038 2032 2025
2025 2020 2038
2035 2020 2012
2035 2012 2033
2033 2061 2035
2038 2020 2035
2013 2001 2005
2005 2020 2013
2005 2001 1993
1993 1991 2005
1991 2012 2005
2012 2020 2005
1885 1876 1886
1881 1898 1886
1886 1894 1885
1953 1950 1946
1342 1332 1344
1344 1350 1342
1358 1350 1344
1357 1351 1345
1341 1355 1345
1345 1355 1357
1397 1368 1387
1368 1369 1387
1387 1369 1390
1387 1400 1397
1387 1390 1400
1402 1393 1396
1396 1393 1389
1371 1363 1365
1371 1389 1373
1373 1363 1371
1365 1372 1386
1389 1371 1386
1386 1371 1365
1353 1331 1354
1354 1372 1353
1341 1331 1353
1353 1372 1365
1353 1355 1341
1365 1355 1353
1249 1252 1243
1262 1252 1257
1257 1269 1262
1313 1298 1305
1305 1319 1313
1313 1319 1324
1324 1317 1313
1317 1304 1313
1304 1298 1313
1267 1260 1248
1248 1236 1267
1236 1258 1267
1287 1274 1267
1274 1260 1267
1280 1258 1289
1289 1296 1280
1280 1267 1258
1280 1296 1287
1287 1267 1280
1070 1051 1036
1070 1086 1051
1036 1042 1070
1070 1042 1092
1092 1114 1070
1114 1086 1070
1514 1504 1513
1528 1529 1513
1529 1514 1513
1513 1511 1528
1424 1416 1425
1417 1416 1424
1425 1429 1424
1426 1417 1424
1424 1429 1426
1477 1485 1479
1488 1485 1477
1476 1488 1477
1477 1465 1476
1471 1460 1469
1469 1479 1471
1469 1477 1479
1465 1477 1469
1460 1445 1454
1445 1443 1454
1454 1469 1460
1465 1469 1454
1447 1465 1454
1454 1443 1447
1202 1191 1177
1202 1188 1212
1177 1188 1202
1216 1191 1202
1302 1299 1310
1310 1315 1302
1323 1321 1332
1332 1330 1323
1323 1315 1321
1318 1315 1323
1323 1330 1318
1966 1957 1943
1943 1941 1966
1840 1850 1838
1829 1836 1840
1838 1832 1840
1840 1832 1829
1805 1815 1810
1808 1815 1805
1810 1801 1805
2517 2512 2495
2430 2375 2399
2399 2431 2430
2401 2431 2399
2242 2248 2251
2252 2248 2240
2252 2240 2241
2241 2262 2252
2298 2300 2291
2254 2244 2245
2322 2326 2335
2335 2326 2340
2340 2346 2335
2216 2215 2301
2301 2288 2216
2152 2215 2216
2216 2288 2257
2331 2326 2315
2315 2312 2331
2284 2310 2297
2310 2312 2297
2422 2424 2449
2449 2441 2422
2449 2455 2441
2465 2455 2449
2460 2455 2463
2463 2455 2465
2377 2378 2369
2328 2329 2316
2338 2329 2328
2332 2329 2339
2352 2349 2339
2339 2349 2332
2339 2329 2338
2339 2338 2348
2339 2348 2352
1843 1853 1844
1853 1857 1844
1837 1843 1844
1844 1834 1837
1933 1917 1922
1934 1933 1922
1922 1923 1934
1912 1923 1922
1922 1906 1912
1922 1917 1906
1954 1969 1958
1958 1944 1954
1968 1984 1951
1951 1948 1968
1968 1948 1958
2056 2067 2068
2048 2068 2058
2048 2036 2046
2028 2036 2048
2046 2056 2048
2048 2056 2068
1992 1987 1979
1979 1982 1992
1992 1982 1994
2172 2178 2179
2179 2169 2172
2179 2178 2188
2188 2193 2179
2180 2169 2179
2179 2193 2180
2173 2157 2171
2157 2169 2171
2171 2180 2173
2171 2169 2180
2155 2162 2158
2162 2169 2158
2158 2151 2155
2157 2151 2158
2158 2169 2157
2118 2114 2113
2126 2114 2118
2118 2129 2126
2138 2129 2137
2117 2121 2134
2121 2153 2134
2134 2153 2149
2112 2141 2121
2121 2102 2112
2124 2141 2112
2112 2087 2124
2201 2195 2209
2209 2212 2201
2217 2243 2228
2200 2212 2217
2228 2197 2217
2217 2197 2200
2234 2239 2244
2276 2266 2260
2266 2247 2260
2275 2276 2260
2260 2247 2244
2244 2254 2260
2260 2254 2267
2260 2267 2275
2167 2165 2186
2190 2170 2167
2167 2186 2190
2190 2186 2204
2190 2204 2213
2177 2170 2190
2190 2213 2203
2190 2192 2177
2190 2203 2192
2853 2808 2901
2796 2808 2853
2901 2903 2853
2708 2727 2728
2727 2752 2728
2843 2785 2813
2995 3022 2996
3018 3022 2995
2698 2660 2699
2637 2660 2595
2699 2660 2676
2701 2699 2676
2676 2675 2701
2657 2666 2675
2675 2676 2657
2637 2635 2657
2657 2660 2637
2657 2676 2660
2650 2657 2635
2666 2657 2650
3040 3042 3057
3030 3042 3040
3057 3037 3040
3037 3030 3040
2720 2638 2619
2720 2778 2684
2684 2638 2720
2682 2619 2603
2603 2652 2682
2996 3006 2956
2956 3006 2967
2974 2995 2996
2978 2995 2974
2690 2662 2697
2697 2740 2690
2690 2740 2727
2690 2687 2671
2690 2727 2708
2708 2687 2690
2664 2690 2671
2662 2690 2664
2664 2643 2631
2631 2662 2664
2671 2687 2672
2981 2991 3004
3004 2991 3023
3003 2980 3004
3023 3033 3004
3020 3003 3004
3004 3033 3020
3032 3042 3017
3017 3042 3030
3017 3001 3032
3017 2994 3001
2993 3030 3018
2993 3017 3030
2994 3017 2993
3018 2995 2993
2993 2995 2978
2976 3001 2977
3001 2994 2977
2994 2993 2977
2982 2952 2975
2975 3005 2982
2903 2909 2879
2909 2896 2879
2783 2796 2816
2816 2800 2783
2865 2874 2850
2865 2896 2874
2846 2879 2865
2865 2879 2896
2909 2930 2926
2926 2896 2909
2926 2930 2950
2936 2924 2929
2958 2980 2976
2971 2963 2981
2981 3004 2971
2971 3004 2980
368 339 354
404 407 368
368 354 404
407 364 368
364 339 368
1781 1778 1771
1799 1803 1792
1778 1781 1792
1713 1724 1698
1698 1695 1713
1713 1695 1708
1708 1716 1713
1731 1724 1713
1713 1716 1731
1780 1762 1763
1762 1749 1763
1763 1784 1780
1763 1749 1744
1765 1784 1763
1763 1744 1765
1565 1574 1570
1570 1555 1565
1565 1555 1556
1556 1564 1565
1564 1574 1565
834 797 802
802 829 834
802 810 829
783 810 802
765 783 802
802 797 765
582 601 588
601 606 588
562 566 569
569 566 582
569 577 568
582 588 569
569 588 577
569 555 562
569 568 555
745 769 749
757 769 745
749 693 745
693 725 745
704 725 693
693 672 704
704 672 689
913 926 914
928 926 913
913 903 911
903 913 890
908 916 920
920 916 925
925 932 920
951 932 939
950 955 951
951 939 950
911 919 921
921 913 911
928 913 921
905 902 915
905 915 911
852 842 841
866 871 860
908 896 900
896 892 900
900 904 908
900 892 904
858 889 887
887 863 858
887 889 918
603 601 582
582 596 603
603 616 601
568 577 583
583 575 568
601 616 611
611 606 601
762 786 777
786 788 777
841 842 830
830 826 841
819 826 830
805 819 815
655 630 634
645 630 655
780 790 781
780 779 790
763 774 779
944 895 931
931 895 907
976 944 931
931 952 976
907 926 931
931 926 952
1071 1079 1085
1085 1082 1071
1095 1082 1085
1113 1108 1104
1130 1127 1119
1119 1127 1112
1112 1103 1119
1054 1032 1031
1285 1307 1306
1285 1283 1266
1306 1283 1285
1286 1295 1284
1286 1284 1277
1298 1295 1286
1277 1274 1286
1286 1274 1287
1287 1298 1286
1247 1263 1271
1001 1011 1006
1004 1014 1003
994 989 980
1007 1004 994
980 991 994
994 991 1007
947 936 933
933 956 947
947 956 957
950 936 947
947 957 950
1065 1059 1071
1071 1082 1065
1065 1082 1074
1054 1059 1065
1065 1074 1054
959 946 961
964 973 961
961 954 964
946 954 961
1135 1131 1124
1130 1131 1144
1144 1131 1135
1135 1145 1144
1144 1142 1130
1151 1142 1144
1171 1156 1151
1189 1188 1178
1156 1171 1178
1178 1188 1163
1163 1156 1178
1038 1046 1043
1043 1033 1038
1038 1033 1026
1062 1053 1063
1063 1069 1062
1184 1183 1179
1179 1183 1176
1183 1184 1194
1101 1093 1117
1077 1093 1101
1133 1140 1117
1117 1140 1125
1260 1265 1246
1248 1260 1246
1246 1265 1249
1249 1235 1246
1246 1227 1248
1246 1235 1227
1234 1225 1228
1228 1225 1218
1209 1227 1222
1227 1235 1222
1222 1228 1218
1235 1228 1222
1211 1218 1221
1218 1225 1221
1172 1187 1182
1187 1197 1182
754 755 766
702 717 708
702 736 726
726 717 702
726 736 742
685 678 692
692 678 690
744 742 754
723 722 714
714 708 723
723 708 717
614 596 608
608 626 614
614 603 596
616 603 614
614 626 648
1035 1024 1025
1035 1025 1029
1016 1041 1029
1061 1051 1073
1061 1041 1051
1058 1041 1061
1073 1077 1061
1061 1077 1058
1015 1004 1007
1015 1014 1004
1015 1024 1023
1023 1014 1015
824 821 814
814 808 824
801 775 787
787 809 801
787 775 764
764 809 787
849 836 854
845 835 838
838 835 824
824 836 838
854 836 840
840 832 851
851 854 840
823 832 840
840 836 823
865 849 854
2030 2022 2024
2024 2034 2030
2024 2022 2016
2016 2011 2024
2032 2034 2024
2024 2025 2032
2024 2011 2013
2013 2025 2024
2053 2043 2047
2043 2034 2047
2047 2060 2053
2047 2034 2032
2038 2035 2051
2061 2071 2051
2051 2035 2061
1898 1916 1913
1919 1910 1913
1881 1866 1896
1896 1898 1881
1896 1916 1898
1896 1866 1891
1993 1981 1975
1981 1965 1975
1975 1965 1957
1975 1991 1993
1966 1991 1975
1975 1957 1966
1868 1876 1863
1868 1886 1876
1881 1886 1868
1939 1946 1950
1935 1927 1936
1936 1939 1935
1946 1939 1936
1932 1943 1945
1945 1943 1957
1945 1936 1932
1946 1936 1945
1945 1957 1953
1953 1946 1945
1338 1340 1325
1325 1324 1338
1351 1340 1338
1338 1345 1351
1413 1402 1407
1402 1396 1407
1407 1419 1413
1411 1419 1407
1399 1386 1372
1399 1418 1411
1401 1418 1399
1399 1372 1401
1398 1396 1389
1389 1386 1398
1398 1407 1396
1411 1407 1398
1398 1399 1411
1386 1399 1398
1503 1504 1497
1503 1513 1504
1503 1497 1488
1511 1513 1503
1488 1495 1503
1495 1511 1503
1307 1285 1292
1292 1285 1271
1932 1916 1925
1925 1943 1932
1916 1896 1925
1941 1943 1925
1925 1891 1941
1925 1896 1891
1858 1850 1856
1850 1840 1856
1863 1858 1856
1856 1868 1863
1808 1805 1800
1800 1797 1808
1786 1797 1800
1796 1786 1800
1800 1801 1796
1800 1805 1801
2605 2635 2637
2637 2595 2605
2483 2486 2491
2491 2487 2483
2478 2486 2483
2459 2469 2480
2469 2495 2480
2480 2458 2459
2480 2495 2512
2480 2512 2484
2484 2458 2480
2421 2431 2401
2448 2431 2421
2368 2378 2387
2368 2351 2349
2375 2324 2343
2343 2324 2302
2332 2349 2336
2349 2351 2336
2317 2332 2336
2401 2399 2374
2374 2387 2401
2374 2343 2351
2374 2368 2387
2351 2368 2374
2374 2399 2375
2375 2343 2374
2287 2291 2300
2281 2291 2287
2275 2281 2287
2292 2276 2287
2287 2276 2275
2287 2303 2292
2287 2300 2303
2124 2105 2150
2150 2165 2124
2152 2216 2150
2096 2152 2150
2150 2105 2096
2207 2216 2257
2207 2186 2165
2207 2257 2236
2236 2204 2207
2204 2186 2207
2312 2315 2305
2305 2297 2312
2305 2306 2296
2315 2306 2305
2269 2252 2262
2269 2262 2284
2472 2435 2464
2556 2606 2557
1846 1835 1834
1834 1844 1846
1846 1844 1857
1846 1857 1860
1846 1847 1835
1860 1847 1846
1969 1954 1963
1979 1969 1963
1962 1963 1956
1956 1963 1954
1942 1944 1934
1942 1954 1944
1934 1937 1942
1974 1982 1979
1979 1963 1974
1974 1963 1962
1980 1969 1979
1979 1987 1980
2041 2027 2055
2055 2082 2081
2058 2082 2055
2081 2072 2055
2072 2041 2055
2018 2027 2007
2026 2028 2019
2026 2036 2028
2017 2008 2019
2019 2028 2017
2017 2028 2018
1994 2000 2003
2003 1992 1994
2000 2008 2003
2008 2017 2003
2003 2017 2018
2155 2151 2146
2146 2151 2138
2138 2137 2146
2132 2134 2149
2132 2143 2133
2132 2149 2143
2133 2123 2132
2132 2123 2117
2117 2134 2132
2090 2112 2102
2090 2071 2061
2061 2087 2090
2087 2112 2090
2090 2102 2091
2091 2071 2090
2214 2209 2206
2206 2209 2195
2244 2247 2232
2232 2234 2244
2232 2217 2212
2232 2247 2243
2243 2217 2232
2239 2234 2227
2222 2209 2214
2214 2227 2222
2222 2227 2234
2212 2209 2222
2222 2232 2212
2234 2232 2222
2843 2897 2895
2932 2958 2944
2944 2958 2976
2937 2895 2944
2976 2977 2944
2944 2977 2937
2944 2897 2932
2944 2895 2897
2772 2813 2785
2792 2813 2772
2772 2758 2792
2635 2605 2607
2607 2605 2589
2651 2698 2665
2660 2698 2651
2665 2604 2651
2748 2698 2699
2539 2537 2566
2566 2564 2539
2566 2595 2564
2701 2675 2688
2739 2726 2723
2716 2682 2776
2716 2720 2619
2619 2682 2716
2689 2652 2665
2689 2682 2652
2665 2698 2689
2881 2956 2967
2778 2720 2881
2881 2957 2778
2967 2957 2881
2996 2956 2933
2933 2974 2996
2950 2952 2972
2952 2982 2972
2972 2963 2950
2981 2963 2972
2972 2991 2981
2972 2982 2991
2997 3005 3013
2997 2982 3005
3013 2991 2997
2991 2982 2997
2850 2874 2866
2950 2963 2940
2940 2935 2928
2940 2926 2950
2928 2926 2940
2963 2971 2955
2955 2971 2954
2955 2940 2963
2935 2940 2955
2849 2853 2903
2903 2879 2849
2849 2879 2846
2846 2816 2849
2796 2853 2849
2849 2816 2796
2800 2816 2833
2833 2816 2846
2833 2823 2800
2846 2865 2833
2833 2865 2850
2850 2823 2833
2929 2935 2938
2938 2936 2929
2954 2936 2938
2938 2955 2954
2935 2955 2938
2943 2936 2954
1799 1792 1788
1788 1792 1781
1803 1807 1787
1787 1792 1803
1787 1807 1790
1790 1772 1787
1778 1792 1787
1772 1769 1787
1769 1778 1787
879 890 899
914 907 899
907 879 899
899 913 914
899 890 913
924 919 915
930 921 919
930 924 940
919 924 930
930 946 928
928 921 930
911 903 901
901 905 911
846 842 853
842 852 853
853 860 846
853 852 866
866 860 853
909 893 912
912 922 909
912 887 918
912 918 941
941 933 912
933 922 912
594 583 577
577 588 594
594 588 606
605 583 594
598 583 605
605 610 598
599 575 598
575 583 598
598 615 599
598 610 615
615 610 623
652 644 632
631 614 648
631 637 616
616 614 631
616 637 636
643 625 639
762 777 767
778 785 776
778 767 777
778 788 785
778 777 788
805 815 794
781 790 794
794 790 805
794 769 781
783 769 794
794 810 783
794 815 810
819 830 827
827 815 819
827 830 842
729 719 733
724 704 689
725 704 724
748 753 751
751 753 758
758 774 756
774 763 756
756 751 758
779 780 771
771 763 779
771 780 781
781 769 771
771 769 757
1122 1131 1130
1130 1119 1122
1122 1108 1113
1113 1124 1122
1122 1124 1131
1087 1085 1079
1095 1085 1098
1098 1087 1096
1085 1087 1098
1096 1104 1098
1098 1104 1108
1106 1119 1103
1106 1103 1095
1108 1122 1106
1106 1122 1119
1095 1098 1106
1106 1098 1108
1026 1033 1020
1020 1006 1011
1012 1006 1020
1028 1031 1012
1012 1020 1028
1028 1020 1033
1012 1031 1013
1013 1032 1010
1013 1031 1032
948 945 962
962 945 959
962 952 948
976 952 979
952 962 979
979 962 982
1268 1275 1272
1263 1247 1244
1250 1247 1271
1266 1231 1250
1250 1231 1216
1250 1285 1266
1271 1285 1250
1216 1202 1224
1224 1250 1216
1247 1250 1224
1224 1202 1212
1026 1020 1021
1021 1020 1011
1004 1003 999
999 994 1004
989 994 999
983 975 968
980 989 983
983 968 980
968 975 965
955 957 965
957 968 965
1181 1192 1180
1180 1192 1189
1189 1178 1180
1180 1178 1171
1180 1175 1181
1180 1171 1175
1160 1175 1158
1175 1171 1158
1158 1171 1151
1151 1144 1158
1158 1145 1160
1158 1144 1145
1023 1024 1030
1030 1024 1035
1035 1039 1030
1056 1057 1064
1210 1200 1208
1215 1203 1210
1210 1203 1200
1219 1217 1223
1219 1223 1226
1226 1215 1219
1215 1210 1219
1208 1217 1219
1219 1210 1208
1205 1218 1211
1201 1205 1211
1208 1200 1199
1200 1192 1199
1126 1118 1123
1123 1118 1105
1147 1141 1172
1147 1133 1141
1140 1133 1147
1109 1093 1086
1141 1133 1109
1117 1093 1109
1109 1133 1117
1109 1086 1114
1114 1141 1109
1140 1152 1143
1143 1125 1140
1241 1235 1249
1241 1228 1235
1249 1243 1241
1241 1243 1234
1234 1228 1241
1167 1182 1179
1167 1152 1140
1140 1147 1167
1172 1182 1167
1167 1147 1172
1195 1182 1197
1195 1184 1179
1179 1182 1195
1205 1201 1195
1195 1201 1194
1195 1194 1184
682 648 649
649 702 682
702 708 682
741 733 737
714 722 716
700 692 690
690 709 700
734 723 717
717 726 734
734 726 742
742 744 734
722 723 731
1077 1101 1090
1090 1078 1077
1088 1078 1090
1101 1105 1090
1064 1066 1072
1066 1078 1072
1058 1077 1067
1077 1078 1067
1067 1078 1066
1067 1057 1058
1066 1057 1067
1035 1029 1045
1058 1057 1045
1045 1041 1058
1045 1029 1041
1019 1025 1024
1024 1015 1019
1019 1015 1007
1019 1007 1016
1016 1029 1019
1019 1029 1025
812 814 821
845 849 861
861 865 872
849 865 861
843 849 845
845 838 843
836 849 843
843 838 836
872 865 876
885 872 876
876 884 885
854 869 864
864 865 854
2044 2032 2038
2044 2047 2032
1900 1910 1894
1900 1913 1910
1894 1886 1900
1900 1886 1898
1898 1913 1900
1932 1936 1926
1926 1916 1932
1926 1913 1916
1926 1936 1927
1926 1927 1919
1919 1913 1926
1324 1319 1329
1329 1338 1324
1345 1338 1329
1341 1345 1329
1329 1322 1341
1329 1319 1322
1318 1307 1303
1307 1292 1303
1303 1315 1318
1303 1302 1315
1851 1836 1849
1851 1840 1836
1851 1856 1840
2555 2571 2565
2565 2571 2572
2537 2516 2530
2530 2545 2537
2518 2530 2516
2527 2530 2518
2501 2491 2503
2487 2491 2501
2503 2518 2501
2501 2518 2516
2503 2491 2500
2500 2508 2503
2445 2444 2456
2457 2469 2448
2457 2473 2469
2492 2473 2487
2487 2501 2492
2492 2495 2469
2469 2473 2492
2492 2501 2516
2492 2516 2517
2517 2495 2492
2401 2387 2403
2403 2421 2401
2415 2421 2403
2403 2400 2415
2390 2378 2377
2439 2428 2423
2439 2444 2445
2445 2428 2439
2423 2428 2411
2415 2400 2411
2411 2428 2415
2378 2368 2362
2362 2369 2378
2362 2349 2352
2362 2368 2349
2360 2369 2362
2352 2360 2362
2302 2304 2323
2323 2343 2302
2323 2304 2317
2317 2336 2323
2351 2343 2323
2323 2336 2351
2183 2150 2216
2216 2207 2183
2165 2150 2183
2183 2207 2165
2313 2306 2315
2313 2326 2322
2313 2315 2326
2296 2286 2293
2293 2305 2296
2297 2305 2293
2278 2270 2271
2271 2270 2261
2424 2435 2454
2435 2472 2454
2454 2449 2424
2515 2522 2505
2556 2557 2510
2499 2472 2510
2510 2472 2464
2510 2504 2556
2510 2464 2504
2631 2615 2588
2588 2606 2631
2588 2557 2606
2533 2527 2526
2526 2542 2533
1947 1956 1954
1954 1942 1947
1947 1942 1937
1971 1965 1981
2058 2055 2039
2039 2055 2027
2039 2048 2058
2028 2048 2039
2018 2028 2039
2039 2027 2018
2015 2041 2037
2015 2027 2041
2015 2007 2027
2037 2009 2015
2009 1984 2015
1976 1968 1958
1958 1969 1976
1969 1980 1976
1999 2003 2018
2018 2007 1999
1987 1992 1999
1992 2003 1999
2751 2728 2752
2783 2800 2765
2756 2751 2765
2765 2752 2783
2765 2751 2752
2832 2813 2792
2792 2810 2832
2680 2668 2670
2707 2703 2715
2750 2772 2785
2785 2748 2750
2750 2726 2739
2739 2758 2750
2758 2772 2750
2614 2601 2626
2583 2607 2589
2589 2575 2583
2615 2643 2634
2634 2599 2615
2598 2609 2624
2591 2598 2582
2609 2598 2591
2611 2634 2627
2599 2634 2611
2611 2586 2599
2624 2639 2644
2624 2609 2625
2625 2639 2624
2625 2611 2627
2609 2611 2625
2564 2595 2617
2604 2564 2617
2617 2651 2604
2617 2595 2660
2660 2651 2617
2821 2748 2785
2821 2785 2843
2843 2895 2821
2537 2545 2562
2562 2566 2537
2562 2545 2558
2558 2575 2562
2589 2605 2578
2566 2562 2578
2578 2605 2595
2595 2566 2578
2578 2575 2589
2578 2562 2575
2710 2688 2702
2710 2723 2726
2710 2726 2701
2701 2688 2710
2658 2667 2659
2666 2650 2659
2659 2667 2666
2826 2716 2776
2776 2933 2826
2826 2933 2956
2956 2881 2826
2720 2716 2826
2826 2881 2720
2776 2682 2736
2682 2689 2736
2876 2933 2776
2929 2924 2920
2914 2926 2928
2896 2926 2914
2922 2935 2929
2928 2935 2922
2959 2943 2954
2959 2971 2980
2954 2971 2959
2980 2958 2959
875 870 882
882 890 875
875 890 879
859 870 847
859 847 846
846 860 859
859 860 871
871 870 859
943 930 940
946 930 943
940 954 943
943 954 946
891 901 903
891 890 882
903 890 891
886 912 893
887 912 886
886 893 874
874 863 886
863 887 886
605 594 612
612 594 606
612 625 605
639 625 612
618 623 610
618 610 605
605 625 618
632 644 624
644 641 624
624 612 606
624 641 639
639 612 624
637 631 657
665 678 657
657 648 665
657 631 648
622 611 616
616 636 622
640 652 632
632 622 640
640 622 636
660 652 640
668 662 654
654 640 636
660 640 654
654 662 660
633 618 625
623 618 633
752 738 762
762 767 752
736 738 752
752 755 736
752 767 755
770 778 776
767 778 770
755 767 770
776 766 770
770 766 755
831 842 846
831 827 842
846 847 831
831 847 829
829 810 831
810 815 831
815 827 831
715 724 689
729 724 715
715 719 729
729 733 740
748 751 740
740 741 748
733 741 740
750 756 763
750 771 757
763 771 750
725 724 750
757 745 750
750 745 725
1040 1033 1043
1040 1028 1033
1012 1013 995
995 979 982
972 962 959
982 962 972
972 984 982
987 984 981
982 984 997
997 995 982
997 1006 1012
1012 995 997
1264 1259 1268
1268 1272 1264
1264 1272 1263
1282 1275 1281
1282 1272 1275
1281 1288 1282
1245 1242 1251
1230 1215 1226
1212 1215 1230
1230 1224 1212
1230 1244 1247
1247 1224 1230
1047 1039 1035
1035 1045 1047
1057 1056 1047
1047 1045 1057
1207 1197 1209
1209 1222 1207
1207 1195 1197
1205 1195 1207
1207 1222 1218
1218 1205 1207
1176 1165 1170
1179 1176 1170
1170 1167 1179
1152 1167 1170
1107 1105 1118
1123 1105 1110
1110 1105 1101
1110 1125 1123
1110 1101 1117
1117 1125 1110
1134 1126 1123
1123 1125 1134
1125 1143 1134
698 709 690
698 708 714
698 682 708
714 716 698
698 716 709
680 678 665
690 678 680
665 648 680
648 682 680
680 698 690
682 698 680
681 678 685
723 734 739
739 731 723
739 734 744
1080 1078 1088
1080 1072 1078
814 812 800
808 814 800
800 812 798
798 788 800
800 788 786
786 808 800
873 876 865
865 864 873
880 884 873
884 876 873
873 869 880
873 864 869
2038 2051 2054
2054 2044 2038
2054 2051 2071
2054 2071 2075
2075 2060 2054
2060 2047 2054
2047 2044 2054
1861 1851 1849
1861 1866 1881
1849 1866 1861
1881 1868 1861
1868 1856 1861
1856 1851 1861
2550 2542 2555
2555 2565 2550
2550 2533 2542
2550 2565 2558
2527 2518 2520
2520 2508 2526
2526 2527 2520
2503 2508 2520
2520 2518 2503
2489 2491 2486
2489 2500 2491
2440 2428 2445
2445 2457 2440
2415 2428 2440
2440 2457 2448
2448 2421 2440
2440 2421 2415
2378 2390 2391
2391 2390 2400
2387 2378 2391
2391 2403 2387
2400 2403 2391
2278 2271 2282
2282 2286 2278
2282 2293 2286
2282 2271 2269
2297 2293 2282
2284 2297 2282
2282 2269 2284
2258 2271 2261
2261 2251 2258
2258 2251 2248
2248 2252 2258
2252 2269 2258
2269 2271 2258
2474 2472 2499
2474 2454 2472
2499 2496 2474
2465 2449 2474
2449 2454 2474
2502 2515 2505
2506 2515 2502
2499 2510 2531
2531 2510 2557
2615 2599 2584
2584 2588 2615
2599 2586 2584
2540 2530 2527
2527 2533 2540
2545 2530 2540
2533 2550 2540
1978 1981 1986
1978 1971 1981
1960 1950 1953
1953 1965 1960
1965 1971 1960
1989 2015 1984
2007 2015 1989
1984 1968 1989
1968 1976 1989
1990 1976 1980
1990 1980 1987
2007 1989 1990
1990 1989 1976
1987 1999 1990
1990 1999 2007
2700 2672 2687
2700 2687 2708
2708 2728 2700
2800 2823 2804
2804 2786 2800
2754 2757 2745
2766 2754 2756
2924 2936 2927
2936 2943 2927
2939 2959 2958
2943 2959 2939
2939 2958 2932
2932 2923 2939
2939 2927 2943
2923 2927 2939
2813 2832 2854
2854 2832 2869
2843 2813 2854
2854 2897 2843
2854 2869 2897
2680 2670 2683
2683 2700 2703
2683 2670 2672
2672 2700 2683
2663 2668 2655
2663 2670 2668
2674 2667 2673
2666 2667 2674
2675 2666 2674
2674 2688 2675
2669 2681 2673
2669 2667 2658
2673 2667 2669
2673 2681 2685
2685 2674 2673
2702 2688 2685
2688 2674 2685
2746 2758 2739
2792 2758 2768
2703 2707 2692
2718 2707 2715
2809 2801 2805
2835 2823 2850
2810 2802 2814
2869 2832 2864
2726 2750 2725
2725 2699 2701
2701 2726 2725
2725 2748 2699
2725 2750 2748
2632 2614 2626
2632 2650 2635
2635 2607 2632
2607 2614 2632
2573 2583 2575
2573 2575 2558
2558 2565 2573
2573 2565 2572
2577 2571 2585
2572 2571 2577
2577 2573 2572
2583 2573 2577
2580 2591 2582
2582 2569 2580
2581 2586 2590
2586 2611 2590
2590 2580 2581
2591 2580 2590
2609 2591 2590
2590 2611 2609
2748 2821 2793
2713 2710 2702
2723 2710 2713
2974 2933 2941
2933 2876 2941
2978 2974 2941
2917 2914 2928
2907 2914 2917
2928 2922 2917
2919 2922 2929
2900 2893 2907
2907 2893 2894
2894 2914 2907
2874 2896 2894
2896 2914 2894
857 879 834
857 875 879
834 829 857
829 847 857
847 870 857
870 875 857
901 891 894
894 888 902
902 905 894
905 901 894
634 615 635
615 623 635
653 655 634
653 670 655
634 635 653
653 635 659
632 624 617
617 622 632
611 622 617
606 611 617
617 624 606
637 657 658
668 654 658
658 673 668
658 636 637
658 654 636
625 643 646
646 633 625
743 750 724
756 750 743
743 724 729
751 756 743
729 740 743
743 740 751
1052 1040 1043
1043 1053 1052
1052 1053 1062
1052 1062 1059
1044 1059 1054
1054 1031 1044
1044 1052 1059
1040 1052 1044
1031 1028 1044
1028 1040 1044
992 995 1013
979 995 992
976 979 992
992 1010 976
992 1013 1010
984 972 969
969 961 973
959 961 969
969 972 959
969 973 981
981 984 969
1006 997 996
996 997 984
996 998 1001
1001 1006 996
996 987 998
984 987 996
1263 1244 1253
1253 1264 1263
1244 1245 1253
1251 1259 1254
1259 1264 1254
1264 1253 1254
1254 1245 1251
1254 1253 1245
1294 1282 1288
1294 1288 1299
1299 1302 1294
1302 1303 1294
1294 1303 1292
1263 1272 1278
1272 1282 1278
1271 1263 1278
1278 1292 1271
1278 1294 1292
1282 1294 1278
1237 1245 1244
1237 1230 1226
1244 1230 1237
1039 1047 1049
1049 1047 1056
1155 1165 1150
1155 1170 1165
1152 1170 1155
1150 1143 1155
1155 1143 1152
1099 1090 1105
1105 1107 1099
1088 1090 1099
1126 1134 1136
1136 1143 1150
1136 1134 1143
2558 2545 2549
2549 2550 2558
2545 2540 2549
2549 2540 2550
2473 2457 2461
2461 2457 2445
2456 2462 2461
2445 2456 2461
2400 2390 2397
2397 2411 2400
2397 2404 2411
2385 2390 2377
2423 2411 2413
2411 2404 2413
2465 2474 2481
2481 2474 2496
2506 2496 2514
2514 2496 2499
2499 2531 2514
2514 2531 2535
2460 2463 2466
2488 2482 2485
2522 2515 2529
2529 2538 2522
2543 2538 2529
2529 2536 2543
2535 2531 2561
2588 2584 2561
2557 2588 2561
2561 2531 2557
2524 2515 2506
2535 2536 2524
2524 2529 2515
2536 2529 2524
2506 2514 2524
2524 2514 2535
2799 2804 2805
2786 2804 2799
2714 2700 2728
2715 2703 2714
2703 2700 2714
2728 2751 2743
2743 2751 2756
2756 2754 2743
2800 2786 2771
2786 2766 2771
2771 2765 2800
2756 2765 2771
2771 2766 2756
2757 2754 2762
2754 2766 2762
2655 2644 2649
2649 2663 2655
2649 2644 2639
2702 2685 2691
2681 2694 2691
2691 2685 2681
2719 2717 2709
2744 2746 2733
2739 2723 2733
2733 2746 2739
2755 2746 2744
2758 2746 2755
2755 2768 2758
2734 2717 2719
2719 2737 2734
2734 2733 2717
2744 2733 2734
2686 2692 2680
2680 2683 2686
2686 2683 2703
2703 2692 2686
2850 2866 2851
2851 2835 2850
2805 2804 2822
2822 2804 2823
2823 2835 2822
2810 2814 2834
2834 2832 2810
2834 2864 2832
2848 2864 2834
2869 2864 2899
2899 2923 2932
2932 2897 2899
2897 2869 2899
2626 2646 2640
2640 2632 2626
2592 2577 2585
2585 2601 2592
2601 2614 2592
2583 2577 2592
2592 2614 2607
2607 2583 2592
2698 2748 2749
2748 2793 2749
2965 2931 2937
2937 2977 2965
2978 2941 2965
2965 2941 2931
2965 2993 2978
2965 2977 2993
2873 2793 2821
2873 2821 2895
2873 2895 2937
2937 2931 2873
2887 2941 2876
2931 2941 2887
2887 2873 2931
2915 2910 2906
2920 2910 2915
2929 2920 2915
2915 2919 2929
2893 2883 2880
2880 2866 2874
2880 2872 2866
2883 2872 2880
2874 2894 2880
2880 2894 2893
2882 2890 2877
2882 2872 2883
888 894 883
878 888 883
883 871 878
882 870 883
883 870 871
883 891 882
883 894 891
623 633 642
642 635 623
659 635 642
667 653 659
659 671 667
670 653 667
676 670 667
667 671 676
659 642 661
669 658 657
669 657 678
678 681 669
669 681 673
673 658 669
684 670 676
655 670 679
670 684 679
689 647 677
677 647 645
1226 1232 1238
1238 1237 1226
1245 1237 1238
1232 1242 1238
1242 1245 1238
2470 2462 2468
2470 2461 2462
2470 2478 2483
2468 2478 2470
2473 2461 2470
2483 2487 2470
2487 2473 2470
2404 2397 2394
2394 2397 2390
2390 2385 2394
2485 2481 2494
2506 2502 2494
2494 2496 2506
2494 2481 2496
2485 2482 2476
2498 2502 2505
2554 2538 2551
2551 2538 2543
2574 2580 2569
2581 2580 2574
2574 2586 2581
2535 2561 2552
2552 2536 2535
2786 2799 2788
2729 2714 2728
2728 2743 2729
2715 2714 2729
2729 2718 2715
2757 2762 2763
2763 2762 2769
2641 2649 2639
2641 2625 2627
2639 2625 2641
2627 2634 2641
2717 2713 2706
2706 2709 2717
2706 2713 2702
2702 2691 2706
2694 2709 2706
2706 2691 2694
2723 2713 2721
2721 2733 2723
2721 2713 2717
2717 2733 2721
2759 2764 2767
2839 2851 2844
2835 2851 2839
2818 2809 2805
2805 2822 2818
2814 2819 2831
2848 2834 2831
2831 2834 2814
2912 2927 2923
2923 2899 2912
2924 2927 2916
2916 2902 2910
2916 2920 2924
2916 2910 2920
2647 2640 2646
2647 2646 2658
2658 2659 2647
2647 2659 2650
2650 2632 2647
2632 2640 2647
2731 2689 2698
2698 2749 2731
2731 2736 2689
2861 2851 2866
2866 2872 2861
2872 2862 2861
2890 2882 2891
2891 2882 2883
2891 2883 2893
2893 2900 2891
633 646 650
666 671 659
659 661 666
645 655 663
655 679 663
688 679 684
713 720 712
737 733 721
721 733 719
712 720 721
719 715 703
703 715 689
689 677 703
691 696 707
2485 2494 2493
2493 2494 2502
2493 2488 2485
2493 2498 2488
2502 2498 2493
2485 2476 2471
2471 2481 2485
2471 2476 2466
2471 2466 2463
2471 2463 2465
2465 2481 2471
2548 2551 2543
2559 2551 2548
2543 2536 2548
2536 2552 2548
2548 2552 2559
2563 2569 2554
2563 2574 2569
2554 2551 2563
2563 2551 2559
2559 2574 2563
2586 2574 2568
2568 2574 2559
2568 2584 2586
2559 2552 2568
2568 2561 2584
2568 2552 2561
2798 2788 2799
2805 2801 2798
2798 2799 2805
2769 2762 2774
2774 2777 2769
2788 2777 2774
2774 2762 2766
2774 2766 2786
2786 2788 2774
2718 2729 2735
2671 2672 2661
2661 2634 2643
2661 2664 2671
2643 2664 2661
2802 2797 2806
2806 2814 2802
2806 2819 2814
2806 2797 2803
2768 2773 2790
2790 2802 2810
2790 2810 2792
2792 2768 2790
2789 2797 2802
2802 2790 2789
2789 2790 2773
2768 2755 2761
2761 2773 2768
2767 2773 2761
2761 2759 2767
2744 2734 2747
2747 2734 2737
2870 2862 2872
2870 2882 2877
2872 2882 2870
2898 2892 2906
2906 2910 2898
2910 2902 2898
2902 2916 2908
2908 2889 2902
2927 2912 2908
2908 2916 2927
2795 2731 2749
2795 2749 2793
2795 2887 2876
2793 2873 2795
2873 2887 2795
2736 2731 2795
2776 2736 2795
2795 2876 2776
2913 2917 2922
2922 2919 2913
2907 2917 2913
2913 2900 2907
2919 2915 2911
2915 2905 2911
2911 2913 2919
2904 2905 2890
2890 2891 2904
2904 2891 2900
2904 2911 2905
2900 2913 2904
2913 2911 2904
656 642 633
633 650 656
656 661 642
675 677 645
645 663 675
675 663 679
679 691 675
687 688 696
679 688 687
696 691 687
687 691 679
737 721 727
727 721 720
711 721 719
712 721 711
719 703 711
2745 2735 2741
2741 2754 2745
2741 2743 2754
2741 2729 2743
2741 2735 2729
2654 2641 2634
2634 2661 2654
2649 2641 2654
2663 2649 2654
2654 2661 2672
2672 2670 2654
2670 2663 2654
2811 2820 2819
2819 2806 2811
2811 2806 2803
2767 2764 2770
2803 2797 2794
2775 2770 2781
2767 2770 2775
2775 2773 2767
2775 2789 2773
2753 2755 2744
2753 2761 2755
2744 2747 2753
2753 2747 2759
2759 2761 2753
2809 2818 2817
2818 2827 2817
2829 2827 2818
2835 2839 2829
2829 2822 2835
2829 2818 2822
2856 2861 2862
2844 2851 2856
2851 2861 2856
2836 2839 2844
2836 2829 2839
2827 2829 2836
2878 2892 2884
2892 2898 2884
2884 2889 2875
2884 2898 2902
2902 2889 2884
2875 2889 2885
2885 2899 2864
2885 2912 2899
2885 2908 2912
2889 2908 2885
705 713 712
707 713 705
705 691 707
694 703 677
677 675 694
694 711 703
694 675 691
691 705 694
712 711 694
694 705 712
2791 2798 2801
2791 2777 2788
2788 2798 2791
2787 2775 2781
2781 2794 2787
2787 2794 2797
2797 2789 2787
2789 2775 2787
2830 2831 2819
2820 2828 2830
2819 2820 2830
2867 2884 2875
2875 2860 2867
2867 2860 2852
2857 2867 2852
2875 2885 2868
2848 2860 2868
2868 2860 2875
2868 2864 2848
2868 2885 2864
2848 2831 2841
2841 2860 2848
2852 2860 2841
2831 2830 2841
2845 2857 2852
2867 2857 2863
2838 2841 2830
2838 2828 2837
2838 2830 2828
2852 2841 2838
2837 2845 2838
2838 2845 2852
2867 2863 2871
2878 2884 2871
2884 2867 2871
